0021000.jpg,314,49,540,275,441,154
0021001.jpg,314,49,540,275,446,154
0021002.jpg,315,50,541,276,448,155
0021003.jpg,315,51,541,277,448,156
0021004.jpg,316,51,542,277,450,158
0021005.jpg,317,52,543,278,452,159
0021006.jpg,320,55,542,277,453,160
0021007.jpg,322,55,544,277,454,162
0021008.jpg,323,56,545,278,457,163
0021009.jpg,333,60,555,282,458,166
0021010.jpg,335,60,557,282,459,168
0021011.jpg,336,61,558,283,459,169
0021012.jpg,337,61,559,283,460,169
0021013.jpg,337,61,559,283,460,171
0021014.jpg,337,61,559,283,461,169
0021015.jpg,337,61,559,283,460,170
0021016.jpg,337,60,559,282,460,169
0021017.jpg,335,58,561,284,461,169
0021018.jpg,332,55,562,285,460,165
0021019.jpg,331,55,561,285,459,163
0021020.jpg,329,55,559,285,459,161
0021021.jpg,327,53,561,287,457,160
0021022.jpg,326,53,560,287,458,159
0021023.jpg,326,53,560,287,456,158
0021024.jpg,326,53,560,287,457,157
0021025.jpg,326,52,560,286,456,156
0021026.jpg,326,52,560,286,456,155
0021027.jpg,329,51,555,277,462,149
0021028.jpg,329,51,555,277,462,149
0021029.jpg,330,52,552,274,460,148
0021030.jpg,331,54,549,272,458,149
0021031.jpg,324,55,540,271,455,147
0021032.jpg,322,55,538,271,454,148
0021033.jpg,322,54,538,270,450,149
0021034.jpg,320,53,538,271,448,148
0021035.jpg,318,53,536,271,446,150
0021036.jpg,318,53,536,271,446,152
0021037.jpg,318,53,536,271,446,149
0021038.jpg,319,54,535,270,445,148
0021039.jpg,322,55,534,267,444,148
0021040.jpg,322,55,534,267,450,145
0021041.jpg,322,55,534,267,786,172
0021042.jpg,319,53,535,269,797,178
0021043.jpg,316,53,534,271,797,178
0021044.jpg,314,52,536,274,796,178
0021045.jpg,314,53,536,275,797,178
0021046.jpg,310,52,536,278,797,177
0021047.jpg,310,52,536,278,797,176
0021048.jpg,309,52,535,278,797,176
0021049.jpg,308,52,534,278,796,177
0021050.jpg,306,52,532,278,796,177
0021051.jpg,305,50,531,276,795,177
0021052.jpg,306,52,528,274,795,177
0021053.jpg,305,52,527,274,795,179
0021054.jpg,305,52,527,274,795,179
0021055.jpg,305,53,527,275,795,179
0021056.jpg,302,50,532,280,796,179
0021057.jpg,303,50,533,280,797,180
0021058.jpg,304,50,534,280,796,180
0021059.jpg,304,50,534,280,797,179
0021060.jpg,306,50,536,280,797,180
0021061.jpg,306,50,536,280,797,180
0021062.jpg,310,50,536,276,797,179
0021063.jpg,312,50,534,272,798,180
0021064.jpg,318,50,530,262,797,181
0021065.jpg,319,50,531,262,797,181
0021066.jpg,319,50,531,262,798,180
0021067.jpg,321,50,533,262,797,181
0021068.jpg,323,50,535,262,797,181
0021069.jpg,332,57,544,269,798,181
0021070.jpg,329,55,547,273,797,181
0021071.jpg,329,56,547,274,798,181
0021072.jpg,327,58,545,276,797,181
0021073.jpg,327,61,539,273,798,181
0021074.jpg,324,62,536,274,798,180
0021075.jpg,322,61,534,273,797,179
0021076.jpg,317,58,535,276,798,180
0021077.jpg,317,58,535,276,798,179
0021078.jpg,316,57,534,275,797,180
0021079.jpg,315,55,533,273,798,180
0021080.jpg,315,55,533,273,797,179
0021081.jpg,314,55,532,273,798,179
0021082.jpg,314,55,532,273,798,180
0021083.jpg,314,54,532,272,797,180
0021084.jpg,314,56,532,274,797,180
0021085.jpg,315,56,533,274,798,179
0021086.jpg,320,59,532,271,798,180
0021087.jpg,322,59,534,271,797,179
0021088.jpg,323,60,535,272,798,180
0021089.jpg,324,61,536,273,799,179
0021090.jpg,316,50,550,284,798,180
0021091.jpg,319,52,555,288,799,179
0021092.jpg,322,52,558,288,800,180
0021093.jpg,325,54,561,290,800,183
0021094.jpg,327,55,563,291,800,184
0021095.jpg,325,53,565,293,800,184
0021096.jpg,325,53,565,293,801,183
0021097.jpg,324,51,564,291,800,183
0021098.jpg,325,55,561,291,800,181
0021099.jpg,322,54,558,290,801,181
0021100.jpg,321,54,555,288,800,181
0021101.jpg,321,54,555,288,801,180
0021102.jpg,320,54,554,288,802,180
0021103.jpg,319,54,553,288,802,180
0021104.jpg,323,59,539,275,803,181
0021105.jpg,324,61,536,273,803,181
0021106.jpg,323,60,535,272,801,182
0021107.jpg,323,60,535,272,802,183
0021108.jpg,323,59,535,271,802,182
0021109.jpg,322,58,534,270,801,183
0021110.jpg,322,58,534,270,801,183
0021111.jpg,322,58,534,270,802,181
0021112.jpg,322,58,534,270,787,166
0021113.jpg,318,55,536,273,440,146
0021114.jpg,312,55,534,277,433,148
0021115.jpg,303,52,533,282,434,147
0021116.jpg,297,50,533,286,433,147
0021117.jpg,294,50,530,286,432,148
0021118.jpg,292,48,532,288,432,148
0021119.jpg,292,48,532,288,431,146
0021120.jpg,291,47,531,287,431,145
0021121.jpg,291,47,531,287,429,147
0021122.jpg,291,47,531,287,432,147
0021123.jpg,291,46,531,286,433,148
0021124.jpg,294,46,534,286,436,148
0021125.jpg,300,48,536,284,439,149
0021126.jpg,308,50,538,280,440,148
0021127.jpg,312,48,542,278,443,147
0021128.jpg,320,48,550,278,448,147
0021129.jpg,324,48,554,278,450,148
0021130.jpg,329,48,559,278,454,147
0021131.jpg,334,48,564,278,459,146
0021132.jpg,338,49,568,279,464,147
0021133.jpg,347,51,573,277,470,145
0021134.jpg,350,51,576,277,533,147
0021135.jpg,358,56,576,274,540,178
0021136.jpg,368,59,580,271,543,179
0021137.jpg,378,60,590,272,556,181
0021138.jpg,382,60,594,272,511,157
0021139.jpg,384,60,596,272,511,162
0021140.jpg,386,63,598,275,512,164
0021141.jpg,387,64,599,276,520,164
0021142.jpg,392,66,600,274,517,168
0021143.jpg,396,72,596,272,518,167
0021144.jpg,399,73,599,273,527,173
0021145.jpg,402,79,596,273,527,175
0021146.jpg,403,79,597,273,529,171
0021147.jpg,406,81,596,271,530,178
0021148.jpg,404,79,598,273,532,179
0021149.jpg,408,81,598,271,532,178
0021150.jpg,410,83,600,273,531,173
0021151.jpg,410,83,600,273,532,174
0021152.jpg,410,83,600,273,534,176
0021153.jpg,410,83,600,273,535,177
0021154.jpg,410,83,600,273,535,174
0021155.jpg,410,82,600,272,535,175
0021156.jpg,410,82,600,272,537,176
0021157.jpg,411,82,601,272,537,176
0021158.jpg,411,81,601,271,537,177
0021159.jpg,412,81,602,271,536,175
0021160.jpg,414,83,600,269,536,175
0021161.jpg,415,83,601,269,537,175
0021162.jpg,415,83,601,269,536,176
0021163.jpg,415,83,601,269,537,177
0021164.jpg,415,83,601,269,537,178
0021165.jpg,416,84,602,270,536,177
0021166.jpg,416,85,602,271,536,177
0021167.jpg,414,83,604,273,538,177
0021168.jpg,414,85,604,275,537,177
0021169.jpg,414,85,604,275,538,179
0021170.jpg,414,85,604,275,538,179
0021171.jpg,414,85,604,275,537,179
0021172.jpg,414,85,604,275,538,179
0021173.jpg,414,85,604,275,538,179
0021174.jpg,414,85,604,275,538,179
0021175.jpg,414,85,604,275,537,179
0021176.jpg,414,85,604,275,537,178
0021177.jpg,414,85,604,275,537,179
0021178.jpg,414,85,604,275,537,178
0021179.jpg,414,85,604,275,536,179
0021180.jpg,410,83,608,281,536,178
0021181.jpg,410,84,608,282,536,179
0021182.jpg,410,84,608,282,537,179
0021183.jpg,410,84,608,282,535,179
0021184.jpg,409,84,607,282,536,179
0021185.jpg,409,84,607,282,536,180
0021186.jpg,409,83,607,281,536,179
0021187.jpg,408,83,606,281,536,178
0021188.jpg,408,83,606,281,536,179
0021189.jpg,408,83,606,281,536,180
0021190.jpg,407,83,605,281,537,182
0021191.jpg,407,83,605,281,537,179
0021192.jpg,407,83,605,281,536,181
0021193.jpg,406,83,604,281,537,180
0021194.jpg,406,83,604,281,536,179
0021195.jpg,406,83,604,281,534,178
0021196.jpg,407,84,605,282,584,225
0021197.jpg,406,84,604,282,579,227
0021198.jpg,401,78,609,286,645,289
0021199.jpg,397,76,609,288,647,290
0021200.jpg,396,76,608,288,647,290
0021201.jpg,392,76,604,288,644,251
0021202.jpg,386,65,598,277,569,233
0021203.jpg,377,62,593,278,501,162
0021204.jpg,373,62,589,278,487,160
0021205.jpg,359,60,577,278,482,159
0021206.jpg,350,53,580,283,487,152
0021207.jpg,348,53,578,283,481,141
0021208.jpg,343,51,577,285,478,141
0021209.jpg,340,51,574,285,474,140
0021210.jpg,338,51,572,285,471,140
0021211.jpg,339,53,569,283,466,163
0021212.jpg,337,53,567,283,462,165
0021213.jpg,336,53,566,283,463,166
0021214.jpg,334,51,568,285,462,165
0021215.jpg,334,51,568,285,461,165
0021216.jpg,334,51,568,285,474,166
0021217.jpg,334,52,568,286,470,165
0021218.jpg,334,52,568,286,468,166
0021219.jpg,334,52,568,286,466,164
0021220.jpg,334,53,568,287,464,164
0021221.jpg,334,53,568,287,464,165
0021222.jpg,334,53,568,287,463,165
0021223.jpg,334,54,568,288,462,165
0021224.jpg,335,54,569,288,461,165
0021225.jpg,337,56,567,286,463,164
0021226.jpg,338,56,568,286,462,165
0021227.jpg,340,56,570,286,400,183
0021228.jpg,340,56,570,286,385,180
0021229.jpg,340,56,570,286,388,190
0021230.jpg,341,55,571,285,392,188
0021231.jpg,341,55,571,285,387,185
0021232.jpg,342,55,572,285,389,183
0021233.jpg,343,55,573,285,387,193
0021234.jpg,344,55,574,285,420,163
0021235.jpg,347,57,573,283,472,165
0021236.jpg,347,56,573,282,473,166
0021237.jpg,347,56,573,282,457,162
0021238.jpg,347,56,573,282,471,163
0021239.jpg,347,56,573,282,473,163
0021240.jpg,347,56,573,282,473,162
0021241.jpg,348,56,574,282,473,162
0021242.jpg,348,56,574,282,475,161
0021243.jpg,348,56,574,282,473,161
0021244.jpg,348,56,574,282,476,161
0021245.jpg,348,56,574,282,475,161
0021246.jpg,348,56,574,282,475,162
0021247.jpg,347,56,573,282,478,162
0021248.jpg,347,56,573,282,478,161
0021249.jpg,347,56,573,282,478,162
0021250.jpg,347,57,573,283,478,162
0021251.jpg,347,57,573,283,478,162
0021252.jpg,347,57,573,283,476,162
0021253.jpg,344,55,574,285,477,162
0021254.jpg,344,55,574,285,477,162
0021255.jpg,344,55,574,285,477,163
0021256.jpg,345,54,575,284,475,162
0021257.jpg,345,54,575,284,476,161
0021258.jpg,348,56,574,282,476,162
0021259.jpg,349,54,575,280,476,161
0021260.jpg,352,55,574,277,476,162
0021261.jpg,356,55,572,271,474,161
0021262.jpg,357,55,573,271,474,162
0021263.jpg,357,55,573,271,475,161
0021264.jpg,359,57,571,269,474,161
0021265.jpg,359,57,571,269,475,162
0021266.jpg,359,57,571,269,503,162
0021267.jpg,357,56,573,272,789,162
0021268.jpg,356,55,574,273,799,175
0021269.jpg,356,55,574,273,799,175
0021270.jpg,353,53,575,275,800,177
0021271.jpg,350,53,572,275,800,177
0021272.jpg,349,50,571,272,799,178
0021273.jpg,347,50,569,272,799,176
0021274.jpg,345,50,567,272,799,173
0021275.jpg,341,48,567,274,799,173
0021276.jpg,340,51,566,277,798,173
0021277.jpg,340,51,566,277,799,174
0021278.jpg,339,51,565,277,797,174
0021279.jpg,336,51,562,277,601,161
0021280.jpg,335,51,561,277,543,154
0021281.jpg,335,51,561,277,492,145
0021282.jpg,335,51,561,277,468,143
0021283.jpg,340,53,558,271,469,139
0021284.jpg,344,53,562,271,469,139
0021285.jpg,348,53,566,271,468,140
0021286.jpg,351,53,569,271,468,141
0021287.jpg,355,53,573,271,467,142
0021288.jpg,355,53,573,271,467,141
0021289.jpg,355,50,573,268,463,139
0021290.jpg,353,46,571,264,461,140
0021291.jpg,350,37,568,255,459,140
0021292.jpg,347,37,565,255,459,142
0021293.jpg,345,37,563,255,459,146
0021294.jpg,343,37,561,255,464,149
0021295.jpg,342,39,560,257,462,151
0021296.jpg,344,45,556,257,461,154
0021297.jpg,343,48,555,260,460,153
0021298.jpg,342,52,554,264,469,149
0021299.jpg,339,52,555,268,466,146
0021300.jpg,339,52,555,268,462,142
0021301.jpg,338,53,554,269,462,137
0021302.jpg,337,53,553,269,456,134
0021303.jpg,337,53,553,269,453,134
0021304.jpg,334,52,556,274,450,138
0021305.jpg,334,52,556,274,452,141
0021306.jpg,334,53,556,275,451,143
0021307.jpg,336,55,554,273,452,149
0021308.jpg,336,55,554,273,451,151
0021309.jpg,336,54,554,272,453,154
0021310.jpg,336,53,554,271,453,154
0021311.jpg,335,51,553,269,452,155
0021312.jpg,322,35,544,257,452,155
0021313.jpg,322,34,544,256,452,155
0021314.jpg,321,33,543,255,452,156
0021315.jpg,324,34,540,250,450,154
0021316.jpg,324,34,540,250,451,153
0021317.jpg,327,36,539,248,450,154
0021318.jpg,328,36,540,248,450,152
0021319.jpg,339,45,555,261,449,153
0021320.jpg,340,45,556,261,449,151
0021321.jpg,340,44,558,262,447,145
0021322.jpg,338,42,560,264,447,138
0021323.jpg,330,28,570,268,445,132
0021324.jpg,333,28,573,268,445,129
0021325.jpg,335,26,579,270,444,127
0021326.jpg,339,28,579,268,445,126
0021327.jpg,340,28,580,268,448,130
0021328.jpg,343,31,583,271,453,135
0021329.jpg,343,43,583,283,456,144
0021330.jpg,343,43,583,283,462,144
0021331.jpg,343,43,583,283,467,144
0021332.jpg,348,48,578,278,470,141
0021333.jpg,350,48,576,274,474,138
0021334.jpg,350,46,576,272,477,137
0021335.jpg,350,42,576,268,480,139
0021336.jpg,349,39,575,265,484,142
0021337.jpg,349,39,571,261,484,147
0021338.jpg,347,38,569,260,484,152
0021339.jpg,345,37,567,259,482,152
0021340.jpg,344,36,566,258,480,154
0021341.jpg,343,35,565,257,479,151
0021342.jpg,340,33,566,259,478,150
0021343.jpg,340,33,566,259,477,145
0021344.jpg,340,33,566,259,476,143
0021345.jpg,341,33,567,259,474,140
0021346.jpg,346,35,572,261,473,140
0021347.jpg,348,37,574,263,472,140
0021348.jpg,347,36,577,266,471,137
0021349.jpg,348,36,578,266,469,135
0021350.jpg,351,38,577,264,469,130
0021351.jpg,351,38,577,264,468,127
0021352.jpg,353,40,575,262,469,127
0021353.jpg,357,42,575,260,469,126
0021354.jpg,357,42,575,260,471,125
0021355.jpg,357,40,575,258,473,128
0021356.jpg,358,48,574,264,476,131
0021357.jpg,361,50,573,262,479,132
0021358.jpg,363,50,575,262,481,137
0021359.jpg,366,50,578,262,538,137
0021360.jpg,372,52,584,264,570,141
0021361.jpg,373,53,585,265,782,173
0021362.jpg,372,51,588,267,790,176
0021363.jpg,373,51,591,269,797,178
0021364.jpg,373,51,591,269,797,177
0021365.jpg,371,50,593,272,796,177
0021366.jpg,371,50,593,272,797,176
0021367.jpg,373,52,591,270,796,177
0021368.jpg,372,52,590,270,796,178
0021369.jpg,374,55,586,267,796,178
0021370.jpg,374,55,586,267,797,177
0021371.jpg,373,54,585,266,797,176
0021372.jpg,373,54,585,266,798,177
0021373.jpg,373,54,585,266,797,177
0021374.jpg,370,54,582,266,799,177
0021375.jpg,362,51,580,269,798,179
0021376.jpg,355,46,581,272,798,179
0021377.jpg,352,45,578,271,799,180
0021378.jpg,348,45,574,271,799,180
0021379.jpg,343,44,569,270,798,178
0021380.jpg,343,46,565,268,800,178
0021381.jpg,339,46,561,268,799,181
0021382.jpg,337,46,559,268,800,182
0021383.jpg,336,46,558,268,799,180
0021384.jpg,334,45,560,271,623,161
0021385.jpg,333,47,559,273,489,145
0021386.jpg,333,47,559,273,483,145
0021387.jpg,333,47,559,273,478,144
0021388.jpg,333,48,559,274,472,141
0021389.jpg,333,48,559,274,468,141
0021390.jpg,335,50,557,272,467,139
0021391.jpg,335,50,557,272,473,140
0021392.jpg,335,50,557,272,470,140
0021393.jpg,336,51,558,273,467,139
0021394.jpg,337,51,559,273,461,140
0021395.jpg,337,51,559,273,459,141
0021396.jpg,334,49,564,279,459,142
0021397.jpg,336,50,566,280,461,141
0021398.jpg,336,50,566,280,434,148
0021399.jpg,337,50,567,280,452,149
0021400.jpg,338,50,568,280,454,151
0021401.jpg,340,50,570,280,454,151
0021402.jpg,340,50,570,280,454,150
0021403.jpg,340,50,570,280,454,151
0021404.jpg,338,50,568,280,455,151
0021405.jpg,337,50,567,280,457,150
0021406.jpg,337,50,567,280,458,151
0021407.jpg,337,50,567,280,459,151
0021408.jpg,337,50,567,280,461,151
0021409.jpg,335,49,569,283,462,151
0021410.jpg,335,49,569,283,462,153
0021411.jpg,334,49,568,283,463,155
0021412.jpg,334,49,568,283,463,154
0021413.jpg,335,49,569,283,463,157
0021414.jpg,339,52,565,278,463,156
0021415.jpg,339,52,565,278,462,156
0021416.jpg,341,52,567,278,462,156
0021417.jpg,341,48,571,278,461,156
0021418.jpg,343,48,573,278,462,153
0021419.jpg,344,49,574,279,462,154
0021420.jpg,349,54,571,276,461,154
0021421.jpg,350,53,572,275,462,157
0021422.jpg,350,53,572,275,462,157
0021423.jpg,350,53,572,275,462,156
0021424.jpg,350,53,572,275,460,155
0021425.jpg,351,54,573,276,461,155
0021426.jpg,349,52,575,278,462,156
0021427.jpg,349,53,575,279,462,156
0021428.jpg,349,53,575,279,461,156
0021429.jpg,349,53,575,279,461,154
0021430.jpg,351,53,577,279,461,154
0021431.jpg,354,55,576,277,569,151
0021432.jpg,358,57,576,275,779,169
0021433.jpg,359,57,577,275,773,165
0021434.jpg,361,59,577,275,775,173
0021435.jpg,363,58,579,274,780,174
0021436.jpg,364,58,580,274,468,150
0021437.jpg,365,59,581,275,469,150
0021438.jpg,376,59,592,275,470,151
0021439.jpg,378,59,594,275,471,152
0021440.jpg,380,59,596,275,464,149
0021441.jpg,382,60,600,278,471,150
0021442.jpg,383,61,601,279,472,151
0021443.jpg,378,58,608,288,474,151
0021444.jpg,377,56,611,290,475,153
0021445.jpg,378,56,612,290,474,153
0021446.jpg,378,56,612,290,476,153
0021447.jpg,379,56,613,290,475,155
0021448.jpg,379,55,613,289,479,155
0021449.jpg,379,55,613,289,481,156
0021450.jpg,379,55,613,289,484,157
0021451.jpg,379,55,613,289,486,156
0021452.jpg,378,54,614,290,488,158
0021453.jpg,378,53,614,289,490,157
0021454.jpg,378,53,614,289,493,159
0021455.jpg,378,54,612,288,495,159
0021456.jpg,378,54,612,288,497,160
0021457.jpg,377,53,611,287,498,160
0021458.jpg,375,53,609,287,502,161
0021459.jpg,373,52,607,286,503,162
0021460.jpg,374,53,604,283,505,162
0021461.jpg,375,53,601,279,504,163
0021462.jpg,378,57,596,275,504,163
0021463.jpg,376,57,594,275,506,163
0021464.jpg,374,57,592,275,507,163
0021465.jpg,365,55,583,273,508,162
0021466.jpg,365,55,583,273,508,162
0021467.jpg,365,57,583,275,508,163
0021468.jpg,375,57,593,275,509,164
0021469.jpg,374,55,596,277,508,163
0021470.jpg,374,54,600,280,508,162
0021471.jpg,373,52,603,282,508,162
0021472.jpg,374,53,604,283,507,160
0021473.jpg,373,52,607,286,505,160
0021474.jpg,373,52,607,286,505,161
0021475.jpg,374,53,608,287,504,159
0021476.jpg,374,53,608,287,502,159
0021477.jpg,374,53,608,287,501,158
0021478.jpg,374,54,608,288,498,159
0021479.jpg,374,54,608,288,498,157
0021480.jpg,374,54,608,288,496,157
0021481.jpg,374,54,608,288,496,157
0021482.jpg,376,56,606,286,494,157
0021483.jpg,376,56,606,286,494,157
0021484.jpg,379,61,601,283,493,156
0021485.jpg,377,61,599,283,496,157
0022000.jpg,633,57,867,291,745,161
0022001.jpg,634,60,868,294,751,163
0022002.jpg,634,61,868,295,753,162
0022003.jpg,636,63,870,297,756,161
0022004.jpg,648,63,882,297,765,161
0022005.jpg,649,62,885,298,771,161
0022006.jpg,651,64,887,300,775,163
0022007.jpg,649,63,889,303,776,162
0022008.jpg,649,64,889,304,778,161
0022009.jpg,649,64,889,304,780,160
0022010.jpg,649,64,889,304,781,160
0022011.jpg,647,61,891,305,780,159
0022012.jpg,645,61,889,305,779,158
0022013.jpg,645,57,889,301,777,157
0022014.jpg,647,54,887,294,775,154
0022015.jpg,646,53,886,293,780,156
0022016.jpg,653,52,879,278,771,152
0022017.jpg,648,51,874,277,770,151
0022018.jpg,647,51,873,277,773,150
0022019.jpg,647,50,873,276,772,149
0022020.jpg,647,50,873,276,769,147
0022021.jpg,647,50,873,276,769,146
0022022.jpg,647,49,873,275,770,145
0022023.jpg,648,49,874,275,772,144
0022024.jpg,650,48,876,274,771,143
0022025.jpg,651,44,877,270,773,140
0022026.jpg,653,43,879,269,778,140
0022027.jpg,655,43,881,269,779,140
0022028.jpg,656,43,882,269,781,141
0022029.jpg,657,43,883,269,786,141
0022030.jpg,659,46,885,272,785,144
0022031.jpg,663,49,885,271,784,146
0022032.jpg,663,50,885,272,786,147
0022033.jpg,666,53,884,271,786,148
0022034.jpg,669,54,885,270,787,150
0022035.jpg,672,54,888,270,791,149
0022036.jpg,676,56,888,268,796,150
0022037.jpg,680,58,888,266,798,150
0022038.jpg,682,60,886,264,799,151
0022039.jpg,683,60,887,264,800,150
0022040.jpg,683,60,887,264,801,149
0022041.jpg,683,60,887,264,802,149
0022042.jpg,683,60,887,264,801,149
0022043.jpg,683,60,887,264,784,147
0022044.jpg,683,60,887,264,782,144
0022045.jpg,683,60,887,264,792,146
0022046.jpg,683,60,887,264,795,146
0022047.jpg,681,58,889,266,797,145
0022048.jpg,681,58,889,266,797,144
0022049.jpg,681,58,889,266,797,145
0022050.jpg,680,58,888,266,797,145
0022051.jpg,680,58,888,266,798,144
0022052.jpg,680,58,888,266,797,144
0022053.jpg,680,59,888,267,797,146
0022054.jpg,680,59,888,267,797,146
0022055.jpg,680,59,888,267,797,145
0022056.jpg,680,59,888,267,798,145
0022057.jpg,680,59,888,267,799,146
0022058.jpg,680,59,888,267,799,146
0022059.jpg,680,59,888,267,801,146
0022060.jpg,681,59,889,267,800,147
0022061.jpg,681,59,889,267,800,146
0022062.jpg,681,60,889,268,800,147
0022063.jpg,681,60,889,268,800,147
0022064.jpg,679,58,891,270,801,147
0022065.jpg,679,58,891,270,801,148
0022066.jpg,679,58,891,270,801,148
0022067.jpg,679,58,891,270,802,147
0022068.jpg,679,58,891,270,801,146
0022069.jpg,679,58,891,270,800,147
0022070.jpg,679,58,891,270,799,148
0022071.jpg,679,58,891,270,801,147
0022072.jpg,682,60,890,268,801,148
0022073.jpg,682,60,890,268,801,148
0022074.jpg,682,60,890,268,800,148
0022075.jpg,681,60,889,268,800,148
0022076.jpg,681,60,889,268,801,148
0022077.jpg,681,60,889,268,799,148
0022078.jpg,681,60,889,268,800,147
0022079.jpg,681,59,889,267,800,148
0022080.jpg,681,59,889,267,802,148
0022081.jpg,681,59,889,267,801,148
0022082.jpg,681,58,889,266,800,146
0022083.jpg,681,58,889,266,801,146
0022084.jpg,681,58,889,266,782,146
0022085.jpg,681,58,889,266,791,149
0022086.jpg,681,58,889,266,792,149
0022087.jpg,681,58,889,266,793,150
0022088.jpg,684,59,888,263,792,150
0022089.jpg,684,59,888,263,792,150
0022090.jpg,684,59,888,263,795,148
0022091.jpg,682,57,890,265,793,149
0022092.jpg,682,58,890,266,793,147
0022093.jpg,680,57,892,269,791,148
0022094.jpg,675,55,897,277,794,147
0022095.jpg,670,54,900,284,794,148
0022096.jpg,668,52,902,286,781,141
0022097.jpg,668,52,902,286,793,141
0022098.jpg,667,51,903,287,772,158
0022099.jpg,667,50,903,286,730,149
0022100.jpg,667,48,903,284,443,172
0022101.jpg,669,49,903,283,438,174
0022102.jpg,669,49,903,283,437,174
0022103.jpg,669,49,903,283,436,171
0022104.jpg,669,48,903,282,437,171
0022105.jpg,669,48,903,282,435,172
0022106.jpg,671,50,901,280,434,170
0022107.jpg,671,49,901,279,433,168
0022108.jpg,671,49,901,279,433,165
0022109.jpg,671,49,901,279,432,165
0022110.jpg,671,49,901,279,431,163
0022111.jpg,671,50,901,280,431,163
0022112.jpg,671,51,901,281,431,164
0022113.jpg,669,49,903,283,429,162
0022114.jpg,669,49,903,283,427,160
0022115.jpg,669,50,903,284,426,161
0022116.jpg,669,50,903,284,423,161
0022117.jpg,669,50,903,284,723,161
0022118.jpg,669,50,903,284,779,145
0022119.jpg,669,50,903,284,789,148
0022120.jpg,669,50,903,284,791,148
0022121.jpg,669,50,903,284,691,157
0022122.jpg,668,50,902,284,566,165
0022123.jpg,667,48,901,282,421,169
0022124.jpg,664,47,900,283,426,167
0022125.jpg,664,47,900,283,433,166
0022126.jpg,664,47,900,283,437,163
0022127.jpg,665,46,899,280,441,162
0022128.jpg,668,48,898,278,445,162
0022129.jpg,668,48,898,278,778,146
0022130.jpg,669,48,899,278,787,148
0022131.jpg,670,49,900,279,791,151
0022132.jpg,668,48,902,282,779,140
0022133.jpg,668,48,902,282,784,142
0022134.jpg,668,48,902,282,782,140
0022135.jpg,668,48,902,282,748,138
0022136.jpg,668,49,902,283,638,163
0022137.jpg,668,49,902,283,645,163
0022138.jpg,668,49,902,283,650,164
0022139.jpg,668,49,902,283,651,165
0022140.jpg,668,49,902,283,646,165
0022141.jpg,667,49,901,283,646,166
0022142.jpg,667,49,901,283,645,165
0022143.jpg,667,49,901,283,645,166
0022144.jpg,667,49,901,283,646,166
0022145.jpg,668,49,902,283,649,166
0022146.jpg,668,49,902,283,648,165
0022147.jpg,668,50,902,284,649,165
0022148.jpg,668,50,902,284,649,166
0022149.jpg,668,50,902,284,648,165
0022150.jpg,668,50,902,284,779,144
0022151.jpg,668,50,902,284,790,146
0022152.jpg,668,50,902,284,793,148
0022153.jpg,668,50,902,284,794,150
0022154.jpg,668,48,902,282,794,150
0022155.jpg,668,46,902,280,796,145
0022156.jpg,669,44,903,278,792,141
0022157.jpg,670,39,904,273,790,145
0022158.jpg,669,38,905,274,794,144
0022159.jpg,670,35,906,271,794,145
0022160.jpg,670,35,906,271,793,143
0022161.jpg,670,35,906,271,794,143
0022162.jpg,669,35,905,271,792,144
0022163.jpg,668,36,904,272,792,144
0022164.jpg,667,37,903,273,777,139
0022165.jpg,667,37,903,273,787,141
0022166.jpg,666,37,902,273,788,141
0022167.jpg,667,37,903,273,788,142
0022168.jpg,667,37,903,273,788,144
0022169.jpg,667,36,903,272,787,144
0022170.jpg,667,35,903,271,787,145
0022171.jpg,667,35,903,271,787,144
0022172.jpg,667,35,903,271,787,144
0022173.jpg,667,36,903,272,787,143
0022174.jpg,666,36,902,272,787,143
0022175.jpg,666,37,902,273,787,145
0022176.jpg,666,38,902,274,787,146
0022177.jpg,667,41,901,275,785,148
0022178.jpg,666,42,900,276,784,149
0022179.jpg,663,41,903,281,787,150
0022180.jpg,663,41,903,281,788,152
0022181.jpg,663,39,903,279,787,152
0022182.jpg,663,39,903,279,786,151
0022183.jpg,665,37,901,273,785,146
0022184.jpg,665,36,901,272,785,142
0022185.jpg,666,34,902,270,785,140
0022186.jpg,666,32,906,272,785,140
0022187.jpg,667,32,907,272,786,141
0022188.jpg,667,32,907,272,788,142
0022189.jpg,669,37,905,273,787,148
0022190.jpg,669,38,905,274,791,151
0022191.jpg,669,38,905,274,788,153
0022192.jpg,669,38,905,274,790,152
0022193.jpg,669,39,905,275,788,149
0022194.jpg,669,40,903,274,788,146
0022195.jpg,669,40,903,274,787,147
0022196.jpg,668,40,902,274,787,148
0022197.jpg,666,39,902,275,787,152
0022198.jpg,666,46,902,282,789,158
0022199.jpg,664,44,904,284,790,159
0022200.jpg,664,44,904,284,790,158
0022201.jpg,664,44,904,284,790,158
0022202.jpg,664,44,904,284,788,158
0022203.jpg,663,44,903,284,787,156
0022204.jpg,660,46,900,286,787,154
0022205.jpg,660,50,896,286,785,156
0022206.jpg,657,50,893,286,785,158
0022207.jpg,657,51,893,287,786,159
0022208.jpg,658,54,892,288,771,148
0022209.jpg,667,59,893,285,783,152
0022210.jpg,668,60,894,286,789,158
0022211.jpg,669,60,895,286,791,161
0022212.jpg,669,60,895,286,794,161
0022213.jpg,670,60,896,286,800,158
0022214.jpg,666,53,900,287,801,151
0022215.jpg,669,41,903,275,801,147
0022216.jpg,670,39,904,273,788,151
0022217.jpg,670,35,906,271,787,153
0022218.jpg,670,34,906,270,789,156
0022219.jpg,670,33,906,269,772,152
0022220.jpg,671,32,905,266,780,158
0022221.jpg,671,32,905,266,781,158
0022222.jpg,671,32,905,266,781,154
0022223.jpg,671,32,905,266,779,148
0022224.jpg,671,32,905,266,776,141
0022225.jpg,671,32,905,266,776,136
0022226.jpg,670,32,906,268,777,131
0022227.jpg,670,36,906,272,775,130
0022228.jpg,670,36,906,272,774,130
0022229.jpg,670,36,906,272,775,132
0022230.jpg,670,36,906,272,776,135
0022231.jpg,670,36,906,272,774,131
0022232.jpg,670,36,906,272,773,134
0022233.jpg,670,37,904,271,772,131
0022234.jpg,668,39,902,273,771,131
0022235.jpg,668,40,902,274,768,132
0022236.jpg,668,41,902,275,765,131
0022237.jpg,669,42,903,276,766,132
0022238.jpg,671,42,905,276,768,131
0022239.jpg,672,42,906,276,767,131
0022240.jpg,672,42,906,276,766,132
0022241.jpg,674,41,908,275,766,135
0022242.jpg,675,39,909,273,783,138
0022243.jpg,676,36,910,270,790,140
0022244.jpg,677,33,913,269,794,142
0022245.jpg,679,30,915,266,797,145
0022246.jpg,679,29,915,265,797,146
0022247.jpg,680,29,916,265,798,149
0022248.jpg,680,29,916,265,796,150
0022249.jpg,680,29,916,265,798,150
0022250.jpg,680,29,916,265,802,149
0022251.jpg,680,29,916,265,804,146
0022252.jpg,679,30,913,264,806,145
0022253.jpg,679,30,913,264,805,142
0022254.jpg,678,30,912,264,806,139
0022255.jpg,674,31,910,267,807,139
0022256.jpg,673,33,909,269,807,139
0022257.jpg,670,32,910,272,807,139
0022258.jpg,670,32,910,272,809,139
0022259.jpg,670,32,910,272,808,139
0022260.jpg,670,32,910,272,809,140
0022261.jpg,673,34,909,270,808,142
0022262.jpg,673,34,909,270,805,141
0022263.jpg,673,34,909,270,807,142
0022264.jpg,673,34,909,270,788,129
0022265.jpg,674,35,908,269,787,130
0022266.jpg,674,35,908,269,787,131
0022267.jpg,674,35,908,269,784,131
0022268.jpg,673,36,907,270,784,131
0022269.jpg,672,38,906,272,785,131
0022270.jpg,671,38,905,272,785,132
0022271.jpg,671,38,905,272,786,131
0022272.jpg,671,38,905,272,787,133
0022273.jpg,671,37,905,271,787,132
0022274.jpg,671,37,905,271,787,134
0022275.jpg,671,37,905,271,785,133
0022276.jpg,671,37,905,271,786,133
0022277.jpg,669,37,903,271,786,134
0022278.jpg,667,37,901,271,786,133
0022279.jpg,667,37,901,271,785,134
0022280.jpg,667,37,901,271,785,134
0022281.jpg,668,37,902,271,785,133
0022282.jpg,673,40,903,270,785,132
0022283.jpg,671,38,905,272,787,133
0022284.jpg,673,41,903,271,787,132
0022285.jpg,673,41,903,271,784,132
0022286.jpg,670,41,904,275,781,133
0022287.jpg,668,42,902,276,777,134
0022288.jpg,668,43,902,277,778,134
0022289.jpg,668,43,902,277,776,138
0022290.jpg,668,43,902,277,780,137
0022291.jpg,669,43,903,277,782,137
0022292.jpg,669,43,903,277,785,137
0022293.jpg,669,43,903,277,785,138
0022294.jpg,669,43,903,277,787,138
0022295.jpg,669,43,903,277,786,137
0022296.jpg,669,43,903,277,784,138
0022297.jpg,669,43,903,277,782,137
0022298.jpg,669,43,903,277,780,140
0022299.jpg,669,43,903,277,781,140
0022300.jpg,669,43,903,277,783,139
0022301.jpg,669,43,903,277,784,140
0022302.jpg,669,44,903,278,785,140
0022303.jpg,669,44,903,278,786,140
0022304.jpg,669,44,903,278,784,139
0022305.jpg,669,44,903,278,785,140
0022306.jpg,669,44,903,278,785,141
0022307.jpg,669,44,903,278,786,141
0022308.jpg,669,44,903,278,784,140
0022309.jpg,669,44,903,278,786,140
0022310.jpg,669,44,903,278,786,140
0022311.jpg,669,44,903,278,788,140
0022312.jpg,669,43,903,277,787,140
0022313.jpg,672,45,902,275,788,140
0022314.jpg,672,44,902,274,788,140
0022315.jpg,672,44,902,274,788,141
0022316.jpg,672,44,902,274,788,140
0022317.jpg,672,44,902,274,788,139
0022318.jpg,672,44,902,274,788,140
0022319.jpg,672,44,902,274,789,141
0022320.jpg,672,44,902,274,791,140
0022321.jpg,672,44,902,274,792,141
0022322.jpg,672,44,902,274,791,140
0022323.jpg,672,44,902,274,791,140
0022324.jpg,672,44,902,274,790,140
0022325.jpg,672,44,902,274,793,139
0022326.jpg,672,44,902,274,791,139
0022327.jpg,672,44,902,274,793,140
0022328.jpg,672,44,902,274,792,139
0022329.jpg,673,44,903,274,789,140
0022330.jpg,673,44,903,274,790,140
0022331.jpg,673,44,903,274,792,139
0022332.jpg,673,44,903,274,794,139
0022333.jpg,673,44,903,274,795,139
0022334.jpg,673,44,903,274,791,140
0022335.jpg,673,44,903,274,795,139
0022336.jpg,673,44,903,274,794,140
0022337.jpg,673,44,903,274,793,139
0022338.jpg,673,44,903,274,795,140
0022339.jpg,673,44,903,274,796,139
0022340.jpg,673,44,903,274,797,138
0022341.jpg,673,44,903,274,796,140
0022342.jpg,673,44,903,274,795,139
0022343.jpg,673,44,903,274,794,140
0022344.jpg,673,44,903,274,795,140
0022345.jpg,672,44,902,274,797,140
0022346.jpg,672,44,902,274,796,140
0022347.jpg,672,44,902,274,796,138
0022348.jpg,670,42,904,276,798,139
0022349.jpg,671,42,905,276,796,141
0022350.jpg,671,42,905,276,796,140
0022351.jpg,672,45,902,275,796,139
0022352.jpg,672,45,902,275,794,139
0022353.jpg,671,45,901,275,796,139
0022354.jpg,671,45,901,275,798,139
0022355.jpg,671,45,901,275,797,140
0022356.jpg,671,45,901,275,797,139
0022357.jpg,672,45,902,275,799,139
0022358.jpg,672,45,902,275,798,139
0022359.jpg,672,44,902,274,796,138
0022360.jpg,672,44,902,274,797,139
0022361.jpg,670,42,904,276,797,140
0022362.jpg,670,42,904,276,797,140
0022363.jpg,670,41,904,275,797,140
0022364.jpg,670,41,904,275,799,139
0022365.jpg,671,41,905,275,799,139
0022366.jpg,671,41,905,275,797,139
0022367.jpg,671,41,905,275,798,139
0022368.jpg,671,41,905,275,798,139
0022369.jpg,671,41,905,275,798,140
0022370.jpg,671,39,905,273,798,140
0022371.jpg,671,39,905,273,797,139
0022372.jpg,673,41,903,271,798,138
0022373.jpg,673,41,903,271,798,137
0022374.jpg,673,41,903,271,799,137
0022375.jpg,673,41,903,271,799,138
0022376.jpg,673,41,903,271,799,139
0022377.jpg,673,41,903,271,799,139
0022378.jpg,673,41,903,271,800,140
0022379.jpg,673,41,903,271,800,139
0022380.jpg,675,43,901,269,801,139
0022381.jpg,674,43,900,269,799,139
0022382.jpg,674,44,900,270,800,139
0022383.jpg,674,44,900,270,802,139
0022384.jpg,674,44,900,270,801,140
0022385.jpg,674,44,900,270,800,140
0022386.jpg,674,44,900,270,801,141
0022387.jpg,672,43,902,273,801,139
0022388.jpg,672,43,902,273,801,139
0022389.jpg,671,44,901,274,799,140
0022390.jpg,673,46,899,272,800,139
0022391.jpg,673,46,899,272,798,140
0022392.jpg,673,46,899,272,799,139
0022393.jpg,674,45,900,271,799,139
0022394.jpg,674,45,900,271,799,139
0022395.jpg,675,45,901,271,800,139
0022396.jpg,675,45,901,271,800,139
0022397.jpg,675,45,901,271,800,138
0022398.jpg,675,45,901,271,800,140
0022399.jpg,675,45,901,271,799,140
0022400.jpg,675,45,901,271,800,141
0022401.jpg,675,45,901,271,802,141
0022402.jpg,675,45,901,271,801,142
0022403.jpg,675,45,901,271,802,139
0022404.jpg,675,45,901,271,800,140
0022405.jpg,675,45,901,271,801,141
0022406.jpg,674,45,900,271,802,142
0022407.jpg,674,45,900,271,801,142
0022408.jpg,674,46,900,272,802,142
0022409.jpg,674,46,900,272,801,141
0022410.jpg,674,46,900,272,803,142
0022411.jpg,676,48,898,270,802,141
0022412.jpg,676,48,898,270,802,142
0022413.jpg,676,48,898,270,801,142
0022414.jpg,676,48,898,270,803,141
0022415.jpg,676,48,898,270,799,141
0022416.jpg,676,48,898,270,800,141
0022417.jpg,676,48,898,270,800,141
0022418.jpg,675,47,897,269,800,141
0022419.jpg,675,47,897,269,801,141
0022420.jpg,673,45,899,271,799,141
0022421.jpg,674,45,900,271,802,142
0022422.jpg,674,46,900,272,804,142
0022423.jpg,674,46,900,272,799,141
0022424.jpg,674,46,900,272,800,141
0022425.jpg,676,48,898,270,800,141
0022426.jpg,676,48,898,270,799,141
0022427.jpg,676,48,898,270,800,142
0022428.jpg,676,48,898,270,800,143
0022429.jpg,676,48,898,270,800,143
0022430.jpg,676,47,898,269,799,143
0022431.jpg,676,47,898,269,799,143
0022432.jpg,676,47,898,269,802,143
0022433.jpg,676,47,898,269,801,143
0022434.jpg,674,47,900,273,802,143
0022435.jpg,670,48,900,278,799,143
0022436.jpg,666,46,900,280,800,143
0022437.jpg,666,46,900,280,799,142
0022438.jpg,668,48,898,278,800,143
0022439.jpg,672,46,902,276,802,141
0022440.jpg,674,48,900,274,803,143
0022441.jpg,674,47,900,273,802,143
0022442.jpg,674,46,900,272,803,142
0022443.jpg,674,46,900,272,801,141
0022444.jpg,674,46,900,272,801,143
0022445.jpg,674,47,900,273,800,143
0022446.jpg,675,47,901,273,801,142
0022447.jpg,675,47,901,273,803,143
0022448.jpg,673,47,903,277,802,143
0022449.jpg,670,47,904,281,802,143
0022450.jpg,670,47,904,281,803,142
0022451.jpg,670,47,904,281,802,143
0022452.jpg,670,47,904,281,802,144
0022453.jpg,676,49,902,275,802,145
0022454.jpg,676,49,902,275,799,144
0022455.jpg,676,49,902,275,800,142
0022456.jpg,674,49,900,275,801,139
0022457.jpg,672,49,898,275,803,140
0022458.jpg,672,49,898,275,805,140
0022459.jpg,672,49,898,275,803,142
0022460.jpg,674,49,900,275,801,143
0022461.jpg,675,49,901,275,800,142
0022462.jpg,675,49,901,275,801,141
0022463.jpg,675,49,901,275,802,139
0022464.jpg,673,49,899,275,803,139
0022465.jpg,671,49,897,275,803,140
0022466.jpg,671,49,897,275,802,142
0022467.jpg,671,49,897,275,802,143
0022468.jpg,674,48,900,274,802,143
0022469.jpg,675,48,901,274,805,142
0022470.jpg,673,46,903,276,805,142
0022471.jpg,673,46,903,276,804,141
0022472.jpg,671,50,901,280,803,142
0022473.jpg,670,51,900,281,803,144
0022474.jpg,670,51,900,281,801,145
0022475.jpg,668,49,902,283,801,146
0022476.jpg,668,49,902,283,803,144
0022477.jpg,670,49,904,283,805,141
0022478.jpg,670,50,904,284,804,142
0022479.jpg,670,49,904,283,805,142
0022480.jpg,672,50,902,280,805,142
0022481.jpg,672,50,902,280,804,145
0022482.jpg,672,50,902,280,801,146
0022483.jpg,674,47,900,273,800,146
0022484.jpg,677,45,899,267,802,144
0022485.jpg,682,48,898,264,804,143
