0041000.jpg,292,70,546,324,549,186
0041001.jpg,294,70,548,324,552,189
0041002.jpg,292,68,550,326,552,193
0041003.jpg,292,68,550,326,552,193
0041004.jpg,292,68,550,326,552,195
0041005.jpg,292,66,554,328,552,195
0041006.jpg,292,66,554,328,546,191
0041007.jpg,293,66,555,328,547,193
0041008.jpg,293,66,555,328,547,193
0041009.jpg,293,66,555,328,547,194
0041010.jpg,296,67,554,325,548,195
0041011.jpg,297,66,555,324,548,195
0041012.jpg,299,68,553,322,549,194
0041013.jpg,300,68,554,322,548,193
0041014.jpg,300,68,554,322,548,193
0041015.jpg,300,67,554,321,569,194
0041016.jpg,301,67,555,321,580,193
0041017.jpg,301,67,555,321,582,191
0041018.jpg,301,67,555,321,580,191
0041019.jpg,302,67,556,321,583,192
0041020.jpg,303,67,557,321,583,198
0041021.jpg,303,67,557,321,584,206
0041022.jpg,303,67,557,321,584,209
0041023.jpg,303,67,557,321,584,212
0041024.jpg,305,68,557,320,583,212
0041025.jpg,305,67,557,319,583,211
0041026.jpg,305,67,557,319,583,211
0041027.jpg,305,66,557,318,588,190
0041028.jpg,305,66,557,318,588,180
0041029.jpg,305,66,557,318,583,172
0041030.jpg,308,67,556,315,582,170
0041031.jpg,308,67,556,315,582,171
0041032.jpg,308,67,556,315,585,172
0041033.jpg,308,67,556,315,588,171
0041034.jpg,308,67,556,315,589,170
0041035.jpg,306,65,558,317,587,169
0041036.jpg,306,65,558,317,587,170
0041037.jpg,306,64,558,316,586,170
0041038.jpg,306,64,558,316,586,168
0041039.jpg,306,64,558,316,588,173
0041040.jpg,306,64,558,316,591,175
0041041.jpg,309,66,557,314,582,168
0041042.jpg,310,66,558,314,599,169
0041043.jpg,310,66,558,314,603,164
0041044.jpg,311,65,559,313,605,161
0041045.jpg,312,60,560,308,610,154
0041046.jpg,315,59,563,307,615,149
0041047.jpg,316,59,564,307,592,169
0041048.jpg,318,59,566,307,591,179
0041049.jpg,318,60,566,308,592,177
0041050.jpg,319,65,567,313,600,162
0041051.jpg,319,65,567,313,611,153
0041052.jpg,319,65,567,313,612,151
0041053.jpg,319,65,567,313,611,152
0041054.jpg,319,64,567,312,949,164
0041055.jpg,319,63,567,311,957,177
0041056.jpg,319,63,567,311,957,177
0041057.jpg,319,62,567,310,957,174
0041058.jpg,319,62,567,310,956,171
0041059.jpg,319,62,567,310,957,169
0041060.jpg,319,61,567,309,956,157
0041061.jpg,321,58,565,302,958,166
0041062.jpg,321,58,565,302,959,155
0041063.jpg,321,57,565,301,960,155
0041064.jpg,320,57,564,301,963,151
0041065.jpg,319,57,563,301,965,151
0041066.jpg,313,55,561,303,969,152
0041067.jpg,312,55,560,303,974,151
0041068.jpg,312,54,560,302,978,155
0041069.jpg,312,53,560,301,982,154
0041070.jpg,311,53,559,301,986,153
0041071.jpg,311,53,559,301,627,187
0041072.jpg,313,55,557,299,631,190
0041073.jpg,313,54,557,298,636,192
0041074.jpg,313,54,557,298,637,192
0041075.jpg,313,54,557,298,638,189
0041076.jpg,313,54,557,298,639,192
0041077.jpg,313,54,557,298,624,200
0041078.jpg,313,54,557,298,606,174
0041079.jpg,310,52,558,300,610,179
0041080.jpg,310,52,558,300,610,179
0041081.jpg,309,52,557,300,612,178
0041082.jpg,308,52,556,300,614,179
0041083.jpg,308,52,556,300,613,177
0041084.jpg,305,50,557,302,613,178
0041085.jpg,304,50,556,302,614,178
0041086.jpg,304,50,556,302,611,180
0041087.jpg,302,49,556,303,607,180
0041088.jpg,301,49,555,303,602,174
0041089.jpg,301,49,555,303,595,173
0041090.jpg,301,49,555,303,590,172
0041091.jpg,301,49,555,303,580,174
0041092.jpg,299,48,557,306,572,177
0041093.jpg,299,48,557,306,563,183
0041094.jpg,299,48,557,306,556,187
0041095.jpg,299,50,557,308,548,188
0041096.jpg,299,50,557,308,544,194
0041097.jpg,299,50,557,308,576,176
0041098.jpg,299,50,557,308,575,160
0041099.jpg,297,48,559,310,578,160
0041100.jpg,297,49,559,311,565,159
0041101.jpg,297,49,559,311,560,160
0041102.jpg,297,49,559,311,557,160
0041103.jpg,297,49,559,311,556,160
0041104.jpg,297,49,559,311,564,192
0041105.jpg,298,49,560,311,569,195
0041106.jpg,298,49,560,311,573,188
0041107.jpg,298,49,560,311,573,184
0041108.jpg,298,49,560,311,573,184
0041109.jpg,298,50,560,312,572,184
0041110.jpg,298,50,560,312,572,170
0041111.jpg,298,50,560,312,580,162
0041112.jpg,298,50,560,312,467,166
0041113.jpg,298,50,560,312,457,169
0041114.jpg,298,50,560,312,455,169
0041115.jpg,298,50,560,312,455,171
0041116.jpg,298,50,560,312,454,172
0041117.jpg,298,50,560,312,451,171
0041118.jpg,298,50,560,312,451,171
0041119.jpg,300,52,558,310,480,164
0041120.jpg,300,52,558,310,473,165
0041121.jpg,300,52,558,310,473,166
0041122.jpg,300,52,558,310,473,164
0041123.jpg,300,52,558,310,475,163
0041124.jpg,300,52,558,310,474,164
0041125.jpg,299,53,557,311,474,164
0041126.jpg,299,53,557,311,474,166
0041127.jpg,301,61,555,315,474,165
0041128.jpg,304,61,558,315,474,164
0041129.jpg,305,63,557,315,473,166
0041130.jpg,306,63,558,315,472,166
0041131.jpg,306,64,558,316,472,166
0041132.jpg,306,64,558,316,472,167
0041133.jpg,306,64,558,316,471,167
0041134.jpg,307,64,559,316,471,167
0041135.jpg,307,65,559,317,470,167
0041136.jpg,307,65,559,317,469,167
0041137.jpg,307,66,559,318,469,166
0041138.jpg,307,67,559,319,468,167
0041139.jpg,307,67,559,319,506,180
0041140.jpg,305,67,559,321,470,169
0041141.jpg,305,68,559,322,469,167
0041142.jpg,304,68,558,322,469,168
0041143.jpg,304,68,558,322,469,169
0041144.jpg,304,68,558,322,467,169
0041145.jpg,304,70,558,324,501,166
0041146.jpg,304,71,558,325,470,170
0041147.jpg,304,71,558,325,471,169
0041148.jpg,304,72,558,326,491,172
0041149.jpg,304,72,558,326,569,168
0041150.jpg,303,74,557,328,575,170
0041151.jpg,303,75,557,329,580,172
0041152.jpg,303,75,557,329,576,173
0041153.jpg,302,75,556,329,575,172
0041154.jpg,302,75,556,329,572,174
0041155.jpg,303,77,555,329,573,175
0041156.jpg,303,77,555,329,575,176
0041157.jpg,302,77,554,329,576,173
0041158.jpg,304,79,552,327,575,174
0041159.jpg,304,79,552,327,575,175
0041160.jpg,304,79,552,327,567,174
0041161.jpg,302,77,554,329,563,174
0041162.jpg,302,77,554,329,561,175
0041163.jpg,301,77,555,331,564,175
0041164.jpg,299,83,557,341,562,174
0041165.jpg,294,82,556,344,560,174
0041166.jpg,291,83,553,345,559,174
0041167.jpg,287,83,549,345,558,175
0041168.jpg,284,84,546,346,557,175
0041169.jpg,278,83,544,349,555,175
0041170.jpg,272,84,538,350,551,174
0041171.jpg,268,83,538,353,553,178
0041172.jpg,267,84,537,354,552,178
0041173.jpg,266,85,536,355,550,178
0041174.jpg,265,85,535,355,556,179
0041175.jpg,265,87,535,357,562,181
0041176.jpg,266,89,532,355,569,183
0041177.jpg,265,89,531,355,568,183
0041178.jpg,265,89,531,355,569,182
0041179.jpg,261,87,531,357,572,182
0041180.jpg,260,87,530,357,573,182
0041181.jpg,260,87,530,357,578,181
0041182.jpg,258,87,528,357,583,180
0041183.jpg,257,87,527,357,582,181
0041184.jpg,259,89,525,355,583,182
0041185.jpg,257,88,523,354,587,182
0041186.jpg,256,88,522,354,589,181
0041187.jpg,254,88,520,354,589,182
0041188.jpg,251,88,517,354,589,182
0041189.jpg,251,88,517,354,587,182
0041190.jpg,245,87,515,357,587,181
0041191.jpg,244,87,514,357,588,181
0041192.jpg,243,87,513,357,589,181
0041193.jpg,238,87,508,357,590,182
0041194.jpg,236,89,502,355,589,182
0041195.jpg,232,89,494,351,520,227
0041196.jpg,233,91,491,349,524,229
0041197.jpg,231,91,489,349,525,232
0041198.jpg,229,90,487,348,525,233
0041199.jpg,229,87,487,345,526,233
0041200.jpg,224,85,486,347,472,230
0041201.jpg,222,85,484,347,458,228
0041202.jpg,220,85,482,347,455,228
0041203.jpg,218,83,484,349,453,229
0041204.jpg,216,85,482,351,451,228
0041205.jpg,215,87,481,353,450,230
0041206.jpg,217,91,479,353,447,229
0041207.jpg,217,91,479,353,432,230
0041208.jpg,217,91,479,353,444,230
0041209.jpg,217,91,479,353,443,229
0041210.jpg,217,91,479,353,442,231
0041211.jpg,221,90,479,348,441,232
0041212.jpg,226,91,478,343,439,232
0041213.jpg,227,91,479,343,431,238
0041214.jpg,230,91,482,343,437,232
0041215.jpg,237,93,485,341,437,233
0041216.jpg,241,93,489,341,435,233
0041217.jpg,250,93,498,341,434,233
0041218.jpg,253,93,501,341,432,234
0041219.jpg,255,91,507,343,431,234
0041220.jpg,258,91,512,345,429,234
0041221.jpg,259,92,513,346,428,233
0041222.jpg,261,92,515,346,425,233
0041223.jpg,261,93,515,347,426,232
0041224.jpg,262,94,514,346,423,233
0041225.jpg,260,94,512,346,422,231
0041226.jpg,257,94,509,346,421,204
0041227.jpg,255,96,503,344,415,207
0041228.jpg,251,96,499,344,413,207
0041229.jpg,246,95,494,343,413,208
0041230.jpg,239,95,487,343,409,206
0041231.jpg,236,95,484,343,476,179
0041232.jpg,232,94,480,342,479,184
0041233.jpg,229,92,481,344,480,185
0041234.jpg,227,92,479,344,480,185
0041235.jpg,221,91,475,345,479,187
0041236.jpg,216,87,478,349,480,188
0041237.jpg,216,87,478,349,479,188
0041238.jpg,216,87,478,349,480,187
0041239.jpg,214,85,480,351,480,188
0041240.jpg,214,85,480,351,479,188
0041241.jpg,214,86,480,352,478,187
0041242.jpg,214,86,480,352,481,188
0041243.jpg,214,86,480,352,482,187
0041244.jpg,217,88,479,350,483,187
0041245.jpg,217,88,479,350,482,188
0041246.jpg,220,90,478,348,480,187
0041247.jpg,224,92,478,346,481,187
0041248.jpg,226,93,478,345,480,187
0041249.jpg,227,93,479,345,480,186
0041250.jpg,235,98,479,342,484,187
0041251.jpg,240,100,480,340,486,185
0041252.jpg,242,100,482,340,486,185
0041253.jpg,243,100,483,340,483,186
0041254.jpg,243,100,483,340,484,186
0041255.jpg,243,100,483,340,483,187
0041256.jpg,243,99,483,339,483,186
0041257.jpg,242,99,482,339,482,186
0041258.jpg,242,99,482,339,484,186
0041259.jpg,240,99,480,339,483,187
0041260.jpg,238,99,478,339,482,187
0041261.jpg,237,100,477,340,483,186
0041262.jpg,234,98,478,342,484,187
0041263.jpg,233,98,477,342,485,187
0041264.jpg,232,98,476,342,484,186
0041265.jpg,230,99,474,343,485,187
0041266.jpg,227,97,475,345,484,187
0041267.jpg,225,96,473,344,485,187
0041268.jpg,222,94,474,346,485,188
0041269.jpg,222,94,474,346,485,189
0041270.jpg,220,94,474,348,483,188
0041271.jpg,216,92,474,350,483,188
0041272.jpg,216,92,474,350,480,188
0041273.jpg,216,92,474,350,481,188
0041274.jpg,215,92,473,350,480,186
0041275.jpg,213,90,475,352,482,186
0041276.jpg,212,90,474,352,483,187
0042000.jpg,871,61,1107,297,1112,168
0042001.jpg,871,61,1107,297,1115,162
0042002.jpg,869,59,1109,299,1120,161
0042003.jpg,868,59,1108,299,1121,163
0042004.jpg,865,59,1105,299,1121,164
0042005.jpg,864,59,1104,299,1121,163
0042006.jpg,862,57,1102,297,1121,163
0042007.jpg,861,56,1101,296,1123,164
0042008.jpg,860,56,1100,296,1122,163
0042009.jpg,860,55,1100,295,1123,163
0042010.jpg,859,55,1099,295,1123,163
0042011.jpg,858,55,1098,295,1123,161
0042012.jpg,857,55,1097,295,1123,161
0042013.jpg,854,53,1098,297,1123,161
0042014.jpg,853,53,1097,297,1122,161
0042015.jpg,853,53,1097,297,1123,161
0042016.jpg,853,53,1097,297,1123,161
0042017.jpg,853,53,1097,297,1122,161
0042018.jpg,852,54,1096,298,1121,161
0042019.jpg,853,54,1097,298,1120,160
0042020.jpg,853,55,1097,299,1121,160
0042021.jpg,853,56,1097,300,1120,159
0042022.jpg,853,56,1097,300,1121,160
0042023.jpg,854,56,1098,300,1120,160
0042024.jpg,854,56,1098,300,1121,158
0042025.jpg,856,57,1100,301,1121,159
0042026.jpg,856,58,1100,302,1120,159
0042027.jpg,859,61,1099,301,1119,158
0042028.jpg,860,63,1100,303,1120,158
0042029.jpg,862,64,1102,304,1120,158
0042030.jpg,863,65,1107,309,1119,157
0042031.jpg,865,69,1109,313,1118,158
0042032.jpg,866,69,1110,313,1119,158
0042033.jpg,866,69,1110,313,1118,157
0042034.jpg,866,69,1110,313,1118,156
0042035.jpg,868,69,1108,309,1117,157
0042036.jpg,869,68,1105,304,1118,156
0042037.jpg,869,68,1105,304,1118,156
0042038.jpg,869,68,1105,304,1118,155
0042039.jpg,869,68,1105,304,1118,155
0042040.jpg,872,71,1108,307,1117,156
0042041.jpg,873,75,1109,311,1116,154
0042042.jpg,873,76,1109,312,1139,189
0042043.jpg,875,76,1111,312,1142,193
0042044.jpg,875,76,1111,312,1142,194
0042045.jpg,875,76,1111,312,1142,194
0042046.jpg,875,75,1111,311,1144,195
0042047.jpg,875,75,1111,311,1145,197
0042048.jpg,873,66,1109,302,1144,200
0042049.jpg,872,66,1108,302,1144,200
0042050.jpg,863,61,1103,301,1149,196
0042051.jpg,861,59,1105,303,1151,194
0042052.jpg,859,57,1107,305,1153,194
0042053.jpg,860,57,1108,305,1155,197
0042054.jpg,858,57,1110,309,1156,200
0042055.jpg,859,58,1111,310,1054,201
0042056.jpg,858,57,1112,311,1054,198
0042057.jpg,858,57,1112,311,1066,200
0042058.jpg,858,55,1116,313,1074,203
0042059.jpg,857,54,1119,316,1074,207
0042060.jpg,860,52,1126,318,1076,208
0042061.jpg,862,52,1128,318,1034,192
0042062.jpg,865,52,1131,318,1026,190
0042063.jpg,866,52,1132,318,1024,188
0042064.jpg,866,52,1132,318,1021,187
0042065.jpg,868,52,1134,318,1015,192
0042066.jpg,868,51,1134,317,1010,195
0042067.jpg,869,52,1131,314,1013,194
0042068.jpg,867,49,1133,315,1017,189
0042069.jpg,867,47,1133,313,975,183
0042070.jpg,862,46,1124,308,974,185
0042071.jpg,857,44,1119,306,977,185
0042072.jpg,853,44,1115,306,978,185
0042073.jpg,847,43,1109,305,979,184
0042074.jpg,839,43,1101,305,979,183
0042075.jpg,831,42,1093,304,981,182
0042076.jpg,822,42,1084,304,981,184
0042077.jpg,815,42,1077,304,982,184
0042078.jpg,806,42,1068,304,999,187
0042079.jpg,794,42,1056,304,979,184
0042080.jpg,787,46,1041,300,978,181
0042081.jpg,782,47,1036,301,976,183
0042082.jpg,779,48,1031,300,975,181
0042083.jpg,772,48,1024,300,971,178
0042084.jpg,765,48,1017,300,970,178
0042085.jpg,758,48,1010,300,966,177
0042086.jpg,756,50,1004,298,962,177
0042087.jpg,753,50,1001,298,957,178
0042088.jpg,750,50,998,298,951,175
0042089.jpg,748,50,996,298,947,173
0042090.jpg,745,50,993,298,940,174
0042091.jpg,742,50,990,298,952,159
0042092.jpg,740,51,988,299,951,160
0042093.jpg,738,51,986,299,944,161
0042094.jpg,738,51,986,299,938,162
0042095.jpg,735,51,983,299,932,161
0042096.jpg,735,52,983,300,924,162
0042097.jpg,735,53,983,301,919,162
0042098.jpg,736,55,984,303,914,161
0042099.jpg,738,56,986,304,909,162
0042100.jpg,743,56,991,304,945,165
0042101.jpg,745,56,993,304,940,165
0042102.jpg,746,56,994,304,937,166
0042103.jpg,746,55,994,303,929,166
0042104.jpg,746,53,994,301,925,166
0042105.jpg,748,54,992,298,921,168
0042106.jpg,748,54,992,298,917,169
0042107.jpg,750,56,990,296,914,169
0042108.jpg,752,55,992,295,912,169
0042109.jpg,754,55,994,295,908,170
0042110.jpg,761,53,1001,293,908,170
0042111.jpg,763,52,1003,292,908,170
0042112.jpg,765,50,1009,294,906,171
0042113.jpg,772,50,1016,294,905,171
0042114.jpg,773,50,1017,294,903,172
0042115.jpg,774,50,1018,294,904,172
0042116.jpg,777,51,1021,295,903,173
0042117.jpg,780,53,1020,293,976,195
0042118.jpg,785,53,1025,293,981,200
0042119.jpg,789,53,1029,293,982,203
0042120.jpg,789,52,1029,292,983,201
0042121.jpg,789,52,1029,292,983,202
0042122.jpg,785,48,1033,296,984,202
0042123.jpg,785,48,1033,296,983,202
0042124.jpg,786,48,1034,296,982,203
0042125.jpg,787,49,1035,297,1028,171
0042126.jpg,787,49,1035,297,1081,159
0042127.jpg,788,51,1036,299,1084,164
0042128.jpg,788,52,1036,300,1085,165
0042129.jpg,789,52,1037,300,1089,165
0042130.jpg,789,52,1037,300,1089,162
0042131.jpg,789,52,1037,300,1087,162
0042132.jpg,791,55,1035,299,1087,162
0042133.jpg,791,55,1035,299,1088,163
0042134.jpg,790,56,1034,300,1089,162
0042135.jpg,788,54,1036,302,1089,162
0042136.jpg,786,55,1034,303,1087,161
0042137.jpg,786,56,1034,304,1089,158
0042138.jpg,784,57,1032,305,1087,158
0042139.jpg,784,58,1032,306,1088,156
0042140.jpg,788,76,1028,316,1088,162
0042141.jpg,789,76,1029,316,1088,160
0042142.jpg,789,76,1029,316,1089,158
0042143.jpg,789,76,1029,316,1089,159
0042144.jpg,788,74,1032,318,1089,159
0042145.jpg,788,70,1032,314,1090,158
0042146.jpg,788,69,1032,313,1089,161
0042147.jpg,790,69,1034,313,1090,160
0042148.jpg,792,69,1036,313,1090,158
0042149.jpg,792,69,1036,313,1089,157
0042150.jpg,795,69,1039,313,1089,157
0042151.jpg,797,69,1041,313,1089,158
0042152.jpg,799,69,1043,313,1090,160
0042153.jpg,803,72,1043,312,1090,158
0042154.jpg,804,72,1044,312,1088,157
0042155.jpg,807,75,1047,315,1089,158
0042156.jpg,811,77,1051,317,1089,160
0042157.jpg,812,76,1056,320,1089,161
0042158.jpg,813,76,1057,320,1089,160
0042159.jpg,814,76,1058,320,1090,159
0042160.jpg,815,79,1059,323,1090,157
0042161.jpg,815,80,1059,324,1092,157
0042162.jpg,815,80,1059,324,1091,158
0042163.jpg,814,80,1058,324,1092,158
0042164.jpg,814,80,1058,324,1091,157
0042165.jpg,815,81,1055,321,1090,159
0042166.jpg,815,80,1055,320,1091,159
0042167.jpg,813,80,1053,320,1091,157
0042168.jpg,810,79,1050,319,1092,158
0042169.jpg,808,79,1048,319,1093,158
0042170.jpg,805,78,1045,318,1093,159
0042171.jpg,805,78,1045,318,1092,160
0042172.jpg,803,76,1047,320,1092,163
0042173.jpg,803,76,1047,320,1092,164
0042174.jpg,803,76,1047,320,1093,164
0042175.jpg,803,76,1047,320,1095,165
0042176.jpg,803,76,1047,320,1094,166
0042177.jpg,804,76,1048,320,1093,164
0042178.jpg,806,76,1050,320,1093,166
0042179.jpg,807,74,1051,318,1093,167
0042180.jpg,811,74,1055,318,1094,169
0042181.jpg,813,74,1057,318,1095,169
0042182.jpg,814,74,1058,318,1096,169
0042183.jpg,817,74,1061,318,1096,168
0042184.jpg,818,75,1062,319,1096,170
0042185.jpg,820,76,1064,320,1096,170
0042186.jpg,824,78,1064,318,1098,170
0042187.jpg,825,79,1065,319,1097,169
0042188.jpg,825,79,1065,319,1097,170
0042189.jpg,826,79,1066,319,1097,171
0042190.jpg,829,77,1073,321,1098,170
0042191.jpg,829,77,1073,321,1099,170
0042192.jpg,829,78,1073,322,1097,171
0042193.jpg,829,76,1077,324,1098,171
0042194.jpg,830,76,1078,324,1098,172
0042195.jpg,832,76,1080,324,1099,172
0042196.jpg,833,76,1081,324,1098,172
0042197.jpg,833,76,1081,324,1098,174
0042198.jpg,836,78,1080,322,1098,173
0042199.jpg,837,78,1081,322,1098,173
0042200.jpg,839,77,1083,321,1098,175
0042201.jpg,839,77,1083,321,1098,174
0042202.jpg,839,74,1083,318,1100,174
0042203.jpg,837,72,1085,320,1099,175
0042204.jpg,837,72,1085,320,1100,174
0042205.jpg,840,74,1084,318,1099,175
0042206.jpg,840,74,1084,318,1100,175
0042207.jpg,841,74,1085,318,1099,176
0042208.jpg,841,74,1085,318,1100,176
0042209.jpg,840,72,1088,320,1101,175
0042210.jpg,840,73,1088,321,1101,176
0042211.jpg,841,73,1089,321,1102,176
0042212.jpg,841,74,1089,322,1102,175
0042213.jpg,841,74,1089,322,1101,177
0042214.jpg,841,75,1089,323,1102,177
0042215.jpg,841,76,1089,324,1101,176
0042216.jpg,841,76,1089,324,1101,177
0042217.jpg,841,76,1089,324,1102,176
0042218.jpg,840,76,1088,324,1102,177
0042219.jpg,840,76,1088,324,1102,177
0042220.jpg,840,77,1088,325,1103,176
0042221.jpg,839,78,1087,326,1102,177
0042222.jpg,839,80,1087,328,1103,178
0042223.jpg,839,81,1087,329,1102,178
0042224.jpg,839,83,1087,331,1102,179
0042225.jpg,843,91,1087,335,1104,179
0042226.jpg,843,91,1087,335,1105,179
0042227.jpg,843,91,1087,335,1105,179
0042228.jpg,843,91,1087,335,1104,178
0042229.jpg,840,88,1084,332,1104,178
0042230.jpg,842,85,1082,325,1104,178
0042231.jpg,840,83,1084,327,1104,177
0042232.jpg,843,83,1087,327,1104,178
0042233.jpg,843,83,1087,327,1104,177
0042234.jpg,843,83,1087,327,1104,177
0042235.jpg,845,78,1093,326,1104,178
0042236.jpg,847,78,1095,326,1104,178
0042237.jpg,847,83,1095,331,1104,178
0042238.jpg,848,83,1096,331,1105,178
0042239.jpg,848,83,1096,331,1104,177
0042240.jpg,852,83,1100,331,1105,178
0042241.jpg,852,83,1100,331,1104,178
0042242.jpg,852,83,1100,331,1105,178
0042243.jpg,853,83,1101,331,1105,177
0042244.jpg,854,83,1102,331,1105,177
0042245.jpg,854,77,1102,325,1105,178
0042246.jpg,854,77,1102,325,1105,178
0042247.jpg,854,76,1102,324,1106,178
0042248.jpg,853,76,1101,324,1105,177
0042249.jpg,852,76,1100,324,1104,177
0042250.jpg,851,78,1095,322,1104,178
0042251.jpg,850,79,1094,323,1105,178
0042252.jpg,849,80,1093,324,1105,177
0042253.jpg,848,83,1092,327,1105,178
0042254.jpg,845,88,1089,332,1106,178
0042255.jpg,844,94,1088,338,1106,178
0042256.jpg,842,95,1086,339,1104,178
0042257.jpg,842,95,1086,339,1105,178
0042258.jpg,841,95,1085,339,1104,178
0042259.jpg,840,95,1084,339,1104,178
0042260.jpg,834,95,1078,339,1104,178
0042261.jpg,827,91,1079,343,1105,178
0042262.jpg,825,91,1077,343,1104,179
0042263.jpg,824,90,1078,344,1104,179
0042264.jpg,822,90,1076,344,1104,178
0042265.jpg,818,90,1072,344,1105,178
0042266.jpg,816,89,1070,343,1104,178
0042267.jpg,813,88,1067,342,1104,179
0042268.jpg,810,88,1064,342,1104,178
0042269.jpg,807,87,1061,341,1105,178
0042270.jpg,800,87,1054,341,1104,179
0042271.jpg,797,85,1055,343,1104,178
0042272.jpg,795,85,1053,343,1104,179
0042273.jpg,792,85,1050,343,1104,179
0042274.jpg,789,83,1051,345,1105,179
0042275.jpg,788,84,1050,346,1105,179
0042276.jpg,788,84,1050,346,1105,179
