0071000.jpg,597,316,741,460,670,368
0071001.jpg,597,316,741,460,672,370
0071002.jpg,597,316,741,460,671,370
0071003.jpg,597,317,741,461,671,370
0071004.jpg,596,317,740,461,668,370
0071005.jpg,595,317,739,461,669,370
0071006.jpg,595,317,739,461,669,370
0071007.jpg,593,317,737,461,667,370
0071008.jpg,593,318,737,462,667,371
0071009.jpg,593,318,737,462,668,373
0071010.jpg,592,318,736,462,666,372
0071011.jpg,592,318,736,462,666,372
0071012.jpg,588,315,738,465,667,372
0071013.jpg,588,314,738,464,668,372
0071014.jpg,588,314,738,464,668,373
0071015.jpg,590,316,736,462,669,373
0071016.jpg,591,316,737,462,669,374
0071017.jpg,591,316,737,462,669,374
0071018.jpg,591,316,737,462,669,373
0071019.jpg,592,316,738,462,668,374
0071020.jpg,592,315,738,461,669,373
0071021.jpg,592,314,738,460,670,372
0071022.jpg,594,317,734,457,669,372
0071023.jpg,592,316,732,456,668,372
0071024.jpg,592,316,732,456,667,372
0071025.jpg,592,316,732,456,667,373
0071026.jpg,593,316,733,456,667,372
0071027.jpg,593,316,733,456,668,372
0071028.jpg,593,316,733,456,667,371
0071029.jpg,594,317,734,457,667,371
0071030.jpg,593,317,733,457,665,372
0071031.jpg,592,315,736,459,664,373
0071032.jpg,591,314,737,460,664,372
0071033.jpg,591,313,737,459,664,373
0071034.jpg,590,313,736,459,664,372
0071035.jpg,592,314,736,458,666,371
0071036.jpg,592,313,736,457,666,370
0071037.jpg,592,313,736,457,665,371
0071038.jpg,593,313,737,457,665,370
0071039.jpg,593,313,737,457,666,370
0071040.jpg,593,313,737,457,665,370
0071041.jpg,592,313,736,457,666,371
0071042.jpg,594,315,734,455,666,370
0071043.jpg,594,314,734,454,667,370
0071044.jpg,595,314,735,454,667,371
0071045.jpg,595,315,735,455,668,371
0071046.jpg,595,315,735,455,669,370
0071047.jpg,595,315,735,455,669,371
0071048.jpg,597,317,733,453,670,368
0071049.jpg,597,317,733,453,670,369
0071050.jpg,597,317,733,453,669,368
0071051.jpg,597,317,733,453,670,369
0071052.jpg,597,316,733,452,669,368
0071053.jpg,597,315,733,451,668,368
0071054.jpg,597,308,737,448,550,311
0071055.jpg,597,307,737,447,505,276
0071056.jpg,597,307,737,447,495,271
0071057.jpg,598,307,738,447,486,268
0071058.jpg,598,307,738,447,485,265
0071059.jpg,598,307,738,447,483,272
0071060.jpg,600,309,736,445,486,270
0071061.jpg,600,309,736,445,493,270
0071062.jpg,600,309,736,445,498,271
0071063.jpg,600,309,736,445,503,272
0071064.jpg,600,309,736,445,508,272
0071065.jpg,600,308,736,444,516,270
0071066.jpg,601,308,737,444,520,271
0071067.jpg,601,308,737,444,530,272
0071068.jpg,599,306,739,446,537,274
0071069.jpg,599,305,739,445,541,278
0071070.jpg,599,305,739,445,545,279
0071071.jpg,599,305,739,445,551,282
0071072.jpg,599,305,739,445,554,283
0071073.jpg,599,305,739,445,556,284
0071074.jpg,600,305,740,445,560,286
0071075.jpg,602,307,738,443,602,320
0071076.jpg,602,307,738,443,642,347
0071077.jpg,602,308,738,444,661,370
0071078.jpg,602,308,738,444,668,372
0071079.jpg,602,308,738,444,668,371
0071080.jpg,603,308,739,444,666,371
0071081.jpg,603,307,739,443,666,372
0071082.jpg,604,307,740,443,667,372
0071083.jpg,604,307,740,443,667,373
0071084.jpg,604,307,740,443,666,371
0071085.jpg,604,307,740,443,666,371
0071086.jpg,602,305,742,445,667,367
0071087.jpg,604,307,740,443,667,369
0071088.jpg,604,307,740,443,667,370
0071089.jpg,604,308,740,444,668,368
0071090.jpg,603,308,739,444,667,367
0071091.jpg,603,308,739,444,668,367
0071092.jpg,603,308,739,444,668,369
0071093.jpg,605,311,737,443,669,369
0071094.jpg,605,311,737,443,669,367
0071095.jpg,605,311,737,443,668,367
0071096.jpg,603,309,739,445,668,367
0071097.jpg,603,309,739,445,668,368
0071098.jpg,603,309,739,445,667,368
0071099.jpg,603,309,739,445,667,368
0071100.jpg,603,308,739,444,667,370
0071101.jpg,603,308,739,444,667,370
0071102.jpg,603,308,739,444,666,370
0071103.jpg,603,308,739,444,666,369
0071104.jpg,603,308,739,444,665,370
0071105.jpg,603,308,739,444,665,370
0071106.jpg,603,308,739,444,666,369
0071107.jpg,603,308,739,444,666,370
0071108.jpg,603,308,739,444,666,367
0071109.jpg,603,308,739,444,667,367
0071110.jpg,603,308,739,444,667,370
0071111.jpg,603,308,739,444,667,368
0071112.jpg,602,308,738,444,668,369
0071113.jpg,602,308,738,444,668,369
0071114.jpg,602,308,738,444,667,370
0071115.jpg,602,308,738,444,667,369
0071116.jpg,602,308,738,444,667,369
0071117.jpg,602,308,738,444,667,370
0071118.jpg,602,308,738,444,667,370
0071119.jpg,602,308,738,444,668,369
0071120.jpg,603,309,739,445,668,369
0071121.jpg,603,308,739,444,669,370
0071122.jpg,603,308,739,444,668,370
0071123.jpg,603,308,739,444,668,369
0071124.jpg,603,308,739,444,667,369
0071125.jpg,601,307,741,447,667,372
0071126.jpg,601,307,741,447,666,370
0071127.jpg,601,306,741,446,667,370
0071128.jpg,603,308,739,444,667,372
0071129.jpg,603,308,739,444,666,371
0071130.jpg,603,308,739,444,666,372
0071131.jpg,602,309,738,445,667,371
0071132.jpg,599,316,735,452,666,371
0071133.jpg,598,316,734,452,665,372
0071134.jpg,598,317,734,453,572,327
0071135.jpg,598,317,734,453,521,286
0071136.jpg,597,317,733,453,510,288
0071137.jpg,597,317,733,453,510,286
0071138.jpg,597,317,733,453,509,284
0071139.jpg,600,319,732,451,507,283
0071140.jpg,600,319,732,451,507,281
0071141.jpg,598,317,734,453,506,280
0071142.jpg,598,317,734,453,506,280
0071143.jpg,598,317,734,453,506,279
0071144.jpg,600,315,740,455,502,277
0071145.jpg,600,315,740,455,502,278
0071146.jpg,600,315,740,455,501,277
0071147.jpg,599,317,735,453,502,278
0071148.jpg,599,317,735,453,501,278
0071149.jpg,599,317,735,453,503,278
0071150.jpg,601,319,733,451,503,278
0071151.jpg,601,319,733,451,503,278
0071152.jpg,601,319,733,451,503,278
0071153.jpg,601,319,733,451,503,277
0071154.jpg,600,319,732,451,504,277
0071155.jpg,600,319,732,451,505,278
0071156.jpg,598,317,734,453,504,277
0071157.jpg,598,317,734,453,505,279
0071158.jpg,598,317,734,453,505,279
0071159.jpg,598,317,734,453,507,281
0071160.jpg,598,317,734,453,542,292
0071161.jpg,597,317,733,453,585,330
0071162.jpg,597,317,733,453,627,366
0071163.jpg,597,317,733,453,661,380
0071164.jpg,598,317,734,453,667,382
0071165.jpg,596,314,736,454,666,383
0071166.jpg,596,314,736,454,666,382
0071167.jpg,596,314,736,454,665,383
0071168.jpg,602,309,738,445,665,381
0071169.jpg,602,309,738,445,666,382
0071170.jpg,602,309,738,445,666,381
0071171.jpg,602,309,738,445,666,382
0071172.jpg,602,309,738,445,666,382
0071173.jpg,602,309,738,445,667,382
0071174.jpg,597,307,737,447,667,382
0071175.jpg,600,314,740,454,665,381
0071176.jpg,600,313,740,453,665,381
0071177.jpg,597,313,737,453,664,381
0071178.jpg,597,314,737,454,665,380
0071179.jpg,597,314,737,454,666,380
0071180.jpg,601,319,733,451,665,381
0071181.jpg,601,319,733,451,664,381
0071182.jpg,601,319,733,451,664,380
0071183.jpg,601,319,733,451,665,380
0071184.jpg,601,319,733,451,666,381
0071185.jpg,601,319,733,451,666,380
0071186.jpg,601,319,733,451,665,381
0071187.jpg,601,319,733,451,666,382
0071188.jpg,601,319,733,451,667,382
0071189.jpg,601,320,733,452,666,381
0071190.jpg,601,320,733,452,667,381
0071191.jpg,601,320,733,452,668,381
0071192.jpg,601,320,733,452,668,380
0071193.jpg,601,320,733,452,668,381
0071194.jpg,600,320,732,452,669,380
0071195.jpg,600,320,732,452,668,380
0071196.jpg,598,316,734,452,667,381
0071197.jpg,596,313,736,453,667,380
0071198.jpg,596,313,736,453,666,380
0071199.jpg,596,313,736,453,663,378
0071200.jpg,596,313,736,453,662,379
0071201.jpg,595,315,731,451,663,378
0071202.jpg,595,315,731,451,662,377
0071203.jpg,594,315,730,451,659,377
0071204.jpg,596,317,728,449,660,378
0071205.jpg,596,317,728,449,660,379
0071206.jpg,596,317,728,449,660,378
0071207.jpg,596,317,728,449,660,378
0071208.jpg,596,317,728,449,663,380
0071209.jpg,596,317,728,449,664,381
0071210.jpg,594,315,730,451,664,381
0071211.jpg,594,315,730,451,664,381
0071212.jpg,594,315,730,451,666,380
0071213.jpg,594,315,730,451,665,379
0071214.jpg,594,315,730,451,664,381
0071215.jpg,594,316,730,452,666,379
0071216.jpg,594,316,730,452,665,380
0071217.jpg,594,316,730,452,665,379
0071218.jpg,593,316,729,452,664,379
0071219.jpg,589,314,729,454,664,379
0071220.jpg,589,314,729,454,663,379
0071221.jpg,588,314,728,454,662,380
0071222.jpg,586,312,730,456,663,381
0071223.jpg,583,311,729,457,662,381
0071224.jpg,582,311,728,457,661,382
0071225.jpg,581,311,727,457,660,383
0071226.jpg,580,311,726,457,658,382
0071227.jpg,574,307,728,461,656,381
0071228.jpg,573,306,727,460,655,383
0071229.jpg,572,306,726,460,653,382
0071230.jpg,572,306,726,460,654,380
0071231.jpg,571,306,725,460,653,381
0071232.jpg,571,305,725,459,653,379
0071233.jpg,572,302,722,452,654,380
0071234.jpg,572,302,722,452,653,380
0071235.jpg,572,302,722,452,655,381
0071236.jpg,573,302,723,452,654,380
0071237.jpg,573,302,723,452,656,380
0071238.jpg,575,304,721,450,655,380
0071239.jpg,576,304,722,450,657,381
0071240.jpg,577,304,723,450,658,380
0071241.jpg,578,304,724,450,658,381
0071242.jpg,578,304,724,450,659,381
0071243.jpg,580,309,726,455,660,381
0071244.jpg,581,309,727,455,659,382
0071245.jpg,583,310,727,454,660,381
0071246.jpg,583,311,727,455,660,383
0071247.jpg,584,311,728,455,661,381
0071248.jpg,584,310,730,456,661,382
0071249.jpg,584,310,730,456,661,382
0071250.jpg,582,308,732,458,661,383
0071251.jpg,582,308,732,458,660,384
0071252.jpg,582,308,732,458,660,383
0071253.jpg,583,308,733,458,661,382
0071254.jpg,582,308,732,458,660,384
0071255.jpg,583,308,733,458,662,383
0071256.jpg,583,308,733,458,662,384
0071257.jpg,585,310,731,456,611,392
0071258.jpg,586,310,732,456,586,356
0071259.jpg,588,312,732,456,510,293
0071260.jpg,588,312,732,456,506,295
0071261.jpg,588,312,732,456,504,293
0071262.jpg,588,313,732,457,504,290
0071263.jpg,590,315,730,455,504,288
0071264.jpg,591,315,731,455,507,283
0071265.jpg,592,315,732,455,508,277
0071266.jpg,592,315,732,455,506,272
0071267.jpg,592,315,732,455,505,270
0071268.jpg,592,315,732,455,505,269
0071269.jpg,592,315,732,455,505,269
0071270.jpg,594,316,730,452,505,270
0071271.jpg,594,316,730,452,507,272
0071272.jpg,592,314,732,454,509,274
0071273.jpg,592,314,732,454,511,277
0071274.jpg,592,314,732,454,509,277
0071275.jpg,593,314,733,454,508,279
0071276.jpg,593,315,733,455,509,279
0071277.jpg,593,315,733,455,510,280
0071278.jpg,592,315,732,455,512,282
0071279.jpg,592,315,732,455,512,282
0071280.jpg,592,315,732,455,515,284
0071281.jpg,592,315,732,455,514,285
0071282.jpg,592,314,732,454,515,284
0071283.jpg,592,314,732,454,515,284
0071284.jpg,592,314,732,454,517,286
0071285.jpg,592,314,732,454,517,286
0071286.jpg,593,314,733,454,518,288
0071287.jpg,593,314,733,454,519,288
0071288.jpg,595,314,735,454,519,292
0071289.jpg,595,314,735,454,522,295
0071290.jpg,597,316,733,452,570,327
0071291.jpg,597,316,733,452,603,343
0071296.jpg,597,316,733,452,661,374
0071297.jpg,597,316,733,452,665,374
0071298.jpg,597,316,733,452,664,373
0071299.jpg,597,316,733,452,665,373
0071300.jpg,597,316,733,452,664,373
0071301.jpg,597,317,733,453,665,372
0071302.jpg,597,317,733,453,664,372
0071303.jpg,597,317,733,453,664,372
0071304.jpg,596,318,732,454,664,372
0071305.jpg,596,318,732,454,664,373
0071306.jpg,595,318,731,454,664,371
0071307.jpg,593,316,733,456,664,371
0071308.jpg,593,315,733,455,664,371
0071309.jpg,593,315,733,455,664,371
0071310.jpg,593,315,733,455,665,372
0071311.jpg,593,315,733,455,665,371
0071312.jpg,596,317,732,453,666,371
0071313.jpg,596,317,732,453,664,370
0071314.jpg,596,317,732,453,664,370
0071315.jpg,596,318,732,454,666,370
0071316.jpg,596,318,732,454,665,369
0071317.jpg,596,317,732,453,667,368
0071318.jpg,598,317,734,453,668,369
0071319.jpg,598,318,734,454,667,368
0071320.jpg,598,318,734,454,666,368
0071321.jpg,599,318,735,454,668,369
0071322.jpg,602,320,734,452,669,370
0071323.jpg,602,320,734,452,669,371
0071324.jpg,602,320,734,452,669,370
0071325.jpg,602,320,734,452,670,370
0071326.jpg,600,318,736,454,671,373
0071327.jpg,600,318,736,454,671,372
0071328.jpg,601,318,737,454,671,372
0071329.jpg,602,318,738,454,671,372
0071330.jpg,602,318,738,454,672,373
0071331.jpg,602,319,738,455,671,370
0071332.jpg,602,319,738,455,673,371
0071333.jpg,602,319,738,455,672,371
0071334.jpg,602,319,738,455,672,370
0071335.jpg,602,319,738,455,672,371
0071336.jpg,601,318,737,454,673,369
0071337.jpg,602,320,734,452,673,369
0071338.jpg,602,320,734,452,672,369
0071339.jpg,602,319,734,451,673,368
0071340.jpg,604,321,732,449,671,369
0071341.jpg,603,321,731,449,671,368
0071342.jpg,603,321,731,449,671,368
0071343.jpg,603,321,731,449,670,369
0071344.jpg,603,321,731,449,671,368
0071345.jpg,603,322,731,450,669,368
0071346.jpg,601,320,733,452,670,369
0071347.jpg,601,320,733,452,670,368
0071348.jpg,599,318,735,454,669,369
0071349.jpg,599,319,735,455,669,368
0071350.jpg,599,319,735,455,669,369
0071351.jpg,599,319,735,455,670,369
0071352.jpg,597,317,737,457,672,371
0071353.jpg,599,318,735,454,672,369
0071354.jpg,599,318,735,454,672,368
0071355.jpg,599,317,735,453,672,367
0071356.jpg,599,317,735,453,673,366
0071357.jpg,601,319,733,451,674,369
0071358.jpg,601,319,733,451,675,368
0071359.jpg,601,319,733,451,675,369
0071360.jpg,601,319,733,451,675,369
0071361.jpg,601,319,733,451,674,370
0071362.jpg,601,319,733,451,675,369
0071363.jpg,601,319,733,451,674,368
0071364.jpg,601,319,733,451,675,370
0071365.jpg,601,319,733,451,675,369
0071366.jpg,601,319,733,451,676,371
0071367.jpg,601,317,737,453,675,370
0071368.jpg,601,317,737,453,674,371
0071369.jpg,601,317,737,453,607,349
0071370.jpg,600,317,736,453,517,288
0071371.jpg,599,317,735,453,515,279
0071372.jpg,601,319,733,451,508,275
0071373.jpg,601,319,733,451,504,284
0071374.jpg,601,319,733,451,501,282
0071375.jpg,601,319,733,451,500,283
0071376.jpg,601,319,733,451,501,282
0071377.jpg,601,319,733,451,501,282
0071378.jpg,599,318,735,454,502,282
0071379.jpg,599,318,735,454,505,281
0071380.jpg,599,318,735,454,505,282
0071381.jpg,599,318,735,454,506,282
0071382.jpg,597,316,737,456,506,281
0071383.jpg,597,316,737,456,507,281
0071384.jpg,597,316,737,456,506,280
0071385.jpg,593,313,739,459,507,282
0071386.jpg,593,313,739,459,507,282
0071387.jpg,593,312,739,458,506,281
0071388.jpg,595,313,739,457,507,281
0071389.jpg,595,313,739,457,508,282
0071390.jpg,595,314,739,458,508,281
0071391.jpg,595,314,739,458,508,280
0071392.jpg,598,315,738,455,509,274
0071393.jpg,601,317,737,453,510,269
0071394.jpg,601,317,737,453,510,263
0071395.jpg,601,317,737,453,511,259
0071396.jpg,599,315,739,455,512,256
0071397.jpg,597,313,741,457,512,256
0071398.jpg,597,312,741,456,512,257
0071399.jpg,597,312,741,456,511,259
0071400.jpg,595,311,741,457,511,266
0071401.jpg,598,305,742,449,512,271
0071402.jpg,598,305,742,449,514,276
0071403.jpg,600,307,740,447,514,277
0071404.jpg,599,307,739,447,518,276
0071405.jpg,599,307,739,447,520,274
0071406.jpg,600,309,736,445,522,275
0071407.jpg,598,317,734,453,524,275
0071408.jpg,599,320,731,452,526,278
0071409.jpg,599,320,731,452,531,279
0071410.jpg,601,322,729,450,534,281
0071411.jpg,601,322,729,450,538,281
0071412.jpg,601,322,729,450,541,286
0071413.jpg,601,322,729,450,574,313
0071414.jpg,601,322,729,450,610,329
0071415.jpg,600,322,728,450,664,367
0071416.jpg,600,322,728,450,666,370
0071417.jpg,598,320,730,452,665,370
0071418.jpg,598,320,730,452,666,372
0071419.jpg,598,320,730,452,664,371
0071420.jpg,597,320,729,452,662,373
0071421.jpg,597,320,729,452,663,373
0071422.jpg,597,320,729,452,662,373
0071423.jpg,597,320,729,452,663,373
0071424.jpg,597,320,729,452,662,373
0071425.jpg,597,320,729,452,662,373
0071426.jpg,597,320,729,452,662,373
0071427.jpg,597,320,729,452,661,372
0071428.jpg,596,318,732,454,662,372
0071429.jpg,596,318,732,454,663,373
0071430.jpg,595,315,735,455,663,373
0071431.jpg,595,315,735,455,663,372
0071432.jpg,596,315,736,455,665,373
0071433.jpg,596,315,736,455,664,373
0071434.jpg,598,317,734,453,665,372
0071435.jpg,597,317,733,453,664,372
0071436.jpg,596,317,732,453,663,372
0071437.jpg,596,317,732,453,664,371
0071438.jpg,595,318,731,454,662,370
0071439.jpg,595,318,731,454,662,370
0071440.jpg,594,318,730,454,662,370
0071441.jpg,594,318,730,454,663,370
0071442.jpg,594,318,730,454,662,371
0071443.jpg,595,318,731,454,661,371
0071444.jpg,595,318,731,454,661,373
0071445.jpg,596,318,732,454,659,373
0071446.jpg,596,318,732,454,660,373
0071447.jpg,596,318,732,454,660,373
0071448.jpg,596,318,732,454,660,373
0071449.jpg,596,318,732,454,661,373
0071450.jpg,595,318,731,454,662,373
0071451.jpg,595,318,731,454,664,372
0071452.jpg,595,318,731,454,664,372
0071453.jpg,593,316,733,456,664,372
0071454.jpg,593,316,733,456,665,372
0071455.jpg,593,316,733,456,665,373
0071456.jpg,593,316,733,456,665,372
0071457.jpg,593,316,733,456,665,373
0071458.jpg,593,316,733,456,664,372
0071459.jpg,593,316,733,456,665,373
0071460.jpg,593,316,733,456,665,372
0071461.jpg,592,317,732,457,664,373
0071462.jpg,593,317,733,457,665,372
0071463.jpg,593,317,733,457,665,372
0071464.jpg,593,317,733,457,664,373
0071465.jpg,595,319,731,455,664,375
0071466.jpg,595,319,731,455,663,374
0071467.jpg,593,316,733,456,661,374
0071468.jpg,592,315,732,455,661,375
0071469.jpg,591,315,731,455,659,375
0071470.jpg,591,315,731,455,658,373
0071471.jpg,592,315,732,455,659,372
0071472.jpg,592,315,732,455,648,371
0071473.jpg,594,318,730,454,613,368
0071474.jpg,594,318,730,454,586,361
0071475.jpg,594,318,730,454,526,289
0071476.jpg,595,318,731,454,520,291
0071477.jpg,595,318,731,454,518,290
0071478.jpg,595,318,731,454,516,286
0071479.jpg,595,318,731,454,515,287
0071480.jpg,596,318,732,454,515,286
0071481.jpg,596,318,732,454,515,286
0071482.jpg,596,318,732,454,514,287
0071483.jpg,598,320,730,452,515,286
0071484.jpg,598,320,730,452,515,287
0071485.jpg,598,320,730,452,515,286
0071486.jpg,599,320,731,452,515,287
0071487.jpg,599,320,731,452,516,286
0071488.jpg,600,320,732,452,516,287
0071489.jpg,600,320,732,452,515,286
0071490.jpg,600,320,732,452,516,286
0071491.jpg,600,320,732,452,515,288
0071492.jpg,601,320,733,452,515,287
0072000.jpg,403,206,561,364,676,397
0072001.jpg,403,210,561,368,680,398
0072002.jpg,405,217,563,375,682,398
0072003.jpg,406,220,564,378,684,399
0072004.jpg,408,224,562,378,685,402
0072005.jpg,412,230,558,376,684,401
0072006.jpg,413,230,559,376,685,402
0072007.jpg,412,230,558,376,685,403
0072008.jpg,412,230,558,376,685,405
0072009.jpg,410,226,560,376,685,405
0072010.jpg,407,224,561,378,684,404
0072011.jpg,404,222,562,380,685,406
0072012.jpg,402,220,564,382,684,406
0072013.jpg,402,219,564,381,683,405
0072014.jpg,401,219,563,381,683,404
0072015.jpg,401,219,563,381,683,404
0072016.jpg,401,219,563,381,683,404
0072017.jpg,397,220,555,378,683,404
0072018.jpg,397,220,555,378,684,406
0072019.jpg,397,220,555,378,685,402
0072020.jpg,398,222,552,376,688,405
0072021.jpg,398,222,552,376,695,400
0072022.jpg,398,222,552,376,693,398
0072023.jpg,397,222,551,376,690,403
0072024.jpg,397,222,551,376,689,400
0072025.jpg,397,222,551,376,692,403
0072026.jpg,397,222,551,376,691,402
0072027.jpg,397,222,551,376,666,380
0072028.jpg,397,222,551,376,666,383
0072029.jpg,399,223,549,373,656,381
0072030.jpg,399,223,549,373,657,381
0072031.jpg,398,223,548,373,647,383
0072032.jpg,397,223,547,373,647,381
0072033.jpg,393,220,547,374,646,381
0072034.jpg,390,218,548,376,645,382
0072035.jpg,387,217,545,375,665,376
0072036.jpg,386,217,544,375,667,382
0072037.jpg,388,212,542,366,666,387
0072038.jpg,384,211,538,365,667,387
0072039.jpg,381,211,535,365,667,385
0072040.jpg,379,211,533,365,668,384
0072041.jpg,377,209,535,367,669,383
0072042.jpg,377,208,535,366,668,384
0072043.jpg,375,208,533,366,670,386
0072044.jpg,374,208,532,366,671,387
0072045.jpg,375,210,529,364,672,387
0072046.jpg,375,210,529,364,675,387
0072047.jpg,374,210,528,364,678,388
0072048.jpg,374,210,528,364,677,387
0072049.jpg,374,209,528,363,679,388
0072050.jpg,372,206,530,364,679,387
0072051.jpg,373,202,531,360,678,388
0072052.jpg,371,198,533,360,678,388
0072053.jpg,372,190,544,362,675,387
0072054.jpg,373,188,545,360,673,385
0072055.jpg,376,187,548,359,674,383
0072056.jpg,376,185,548,357,673,384
0072057.jpg,379,183,551,355,674,382
0072058.jpg,381,182,553,354,674,381
0072059.jpg,385,182,557,354,674,381
0072060.jpg,388,182,560,354,674,383
0072061.jpg,391,182,563,354,675,382
0072062.jpg,398,182,570,354,677,383
0072063.jpg,405,184,573,352,679,384
0072064.jpg,412,184,580,352,681,385
0072065.jpg,419,184,587,352,681,384
0072066.jpg,423,186,591,354,682,386
0072067.jpg,426,186,598,358,680,385
0072068.jpg,432,186,608,362,681,385
0072069.jpg,434,185,614,365,682,384
0072070.jpg,438,185,618,365,682,385
0072071.jpg,442,187,622,367,682,385
0072072.jpg,449,190,625,366,682,385
0072073.jpg,453,197,621,365,683,386
0072074.jpg,455,199,619,363,683,386
0072075.jpg,455,204,617,366,683,387
0072076.jpg,456,207,614,365,682,386
0072077.jpg,454,211,612,369,682,387
0072078.jpg,456,221,610,375,680,387
0072079.jpg,460,228,606,374,679,386
0072080.jpg,460,228,606,374,674,369
0072081.jpg,460,228,606,374,673,372
0072082.jpg,460,228,606,374,673,372
0072083.jpg,458,228,604,374,674,372
0072084.jpg,455,225,605,375,671,374
0072085.jpg,453,225,603,375,670,374
0072086.jpg,452,225,602,375,672,374
0072087.jpg,451,224,601,374,671,374
0072088.jpg,441,222,595,376,674,373
0072089.jpg,440,222,594,376,675,373
0072090.jpg,440,222,594,376,673,374
0072091.jpg,439,222,593,376,672,374
0072092.jpg,435,218,593,376,673,374
0072093.jpg,435,218,593,376,671,374
0072094.jpg,435,218,593,376,673,374
0072095.jpg,434,218,592,376,672,373
0072096.jpg,438,222,588,372,672,374
0072097.jpg,437,223,587,373,674,374
0072098.jpg,437,223,587,373,673,374
0072099.jpg,437,223,587,373,673,372
0072100.jpg,438,225,584,371,671,374
0072101.jpg,438,225,584,371,672,374
0072102.jpg,437,226,583,372,670,374
0072103.jpg,437,226,583,372,670,375
0072104.jpg,437,226,583,372,669,374
0072105.jpg,435,224,585,374,671,375
0072106.jpg,435,224,585,374,670,374
0072107.jpg,435,224,585,374,670,374
0072108.jpg,436,226,582,372,671,374
0072109.jpg,436,227,582,373,672,375
0072110.jpg,435,227,581,373,673,377
0072111.jpg,436,227,582,373,671,377
0072112.jpg,435,227,581,373,673,376
0072113.jpg,435,227,581,373,672,378
0072114.jpg,432,224,582,374,672,378
0072115.jpg,432,224,582,374,672,378
0072116.jpg,432,223,582,373,674,378
0072117.jpg,432,223,582,373,673,377
0072118.jpg,431,223,581,373,674,377
0072119.jpg,431,223,581,373,673,377
0072120.jpg,431,223,581,373,672,379
0072121.jpg,431,222,581,372,672,379
0072122.jpg,430,222,580,372,673,379
0072123.jpg,430,222,580,372,673,380
0072124.jpg,430,222,580,372,671,379
0072125.jpg,429,222,579,372,669,380
0072126.jpg,429,222,579,372,668,380
0072127.jpg,426,222,576,372,669,380
0072128.jpg,424,222,574,372,668,380
0072129.jpg,421,219,575,373,669,380
0072130.jpg,419,218,573,372,669,379
0072131.jpg,419,211,573,365,670,378
0072132.jpg,417,208,575,366,669,379
0072133.jpg,414,205,578,369,669,379
0072134.jpg,412,202,580,370,668,380
0072135.jpg,412,202,580,370,667,382
0072136.jpg,412,200,580,368,667,381
0072137.jpg,407,193,583,369,669,381
0072138.jpg,404,189,584,369,668,380
0072139.jpg,404,188,584,368,669,380
0072140.jpg,403,188,583,368,671,380
0072141.jpg,403,188,583,368,670,381
0072142.jpg,403,187,583,367,670,381
0072143.jpg,403,186,583,366,669,381
0072144.jpg,403,186,583,366,671,380
0072145.jpg,405,186,585,366,670,382
0072146.jpg,405,185,585,365,670,381
0072147.jpg,405,185,585,365,669,381
0072148.jpg,405,185,585,365,669,381
0072149.jpg,407,187,583,363,668,382
0072150.jpg,405,187,581,363,669,381
0072151.jpg,405,188,581,364,670,380
0072152.jpg,405,188,581,364,670,379
0072153.jpg,408,190,580,362,669,380
0072154.jpg,409,191,581,363,668,381
0072155.jpg,409,191,581,363,668,382
0072156.jpg,409,191,581,363,669,382
0072157.jpg,409,191,581,363,668,382
0072158.jpg,409,192,581,364,670,381
0072159.jpg,410,194,582,366,669,383
0072160.jpg,410,196,582,368,669,384
0072161.jpg,412,199,580,367,670,384
0072162.jpg,413,203,577,367,670,385
0072163.jpg,414,204,576,366,670,384
0072164.jpg,416,207,574,365,670,385
0072165.jpg,418,210,572,364,671,386
0072166.jpg,417,217,571,371,670,386
0072167.jpg,416,217,570,371,670,388
0072168.jpg,416,217,570,371,670,386
0072169.jpg,418,220,568,370,671,386
0072170.jpg,418,220,568,370,672,386
0072171.jpg,418,221,568,371,672,389
0072172.jpg,416,221,566,371,673,389
0072173.jpg,416,221,566,371,673,391
0072174.jpg,416,222,566,372,671,391
0072175.jpg,417,222,567,372,671,390
0072176.jpg,417,222,567,372,671,390
0072177.jpg,417,222,567,372,670,390
0072178.jpg,415,220,569,374,670,389
0072179.jpg,414,220,568,374,670,390
0072180.jpg,414,220,568,374,670,390
0072181.jpg,414,221,568,375,671,387
0072182.jpg,414,221,568,375,673,377
0072183.jpg,414,221,568,375,670,381
0072184.jpg,414,221,568,375,670,381
0072185.jpg,414,221,568,375,670,381
0072186.jpg,416,223,566,373,671,380
0072187.jpg,416,223,566,373,671,383
0072188.jpg,416,224,566,374,671,387
0072189.jpg,416,225,566,375,671,387
0072190.jpg,415,225,565,375,671,387
0072191.jpg,414,225,564,375,672,385
0072192.jpg,414,225,564,375,674,383
0072193.jpg,414,225,564,375,675,384
0072194.jpg,414,225,564,375,674,384
0072195.jpg,411,223,565,377,672,388
0072196.jpg,411,223,565,377,667,388
0072197.jpg,410,223,564,377,669,384
0072198.jpg,409,223,563,377,666,381
0072199.jpg,409,223,563,377,666,380
0072200.jpg,408,223,562,377,664,380
0072201.jpg,408,223,562,377,665,380
0072202.jpg,408,223,562,377,665,381
0072203.jpg,408,223,562,377,665,380
0072204.jpg,407,220,565,378,665,380
0072205.jpg,405,218,567,380,664,380
0072206.jpg,405,218,567,380,665,380
0072207.jpg,405,218,567,380,666,380
0072208.jpg,405,218,567,380,667,384
0072209.jpg,404,218,566,380,667,387
0072210.jpg,404,218,566,380,670,388
0072211.jpg,406,220,564,378,670,389
0072212.jpg,405,221,563,379,671,387
0072213.jpg,405,221,563,379,671,388
0072214.jpg,405,221,563,379,671,389
0072215.jpg,405,221,563,379,672,389
0072216.jpg,405,221,563,379,671,389
0072217.jpg,405,221,563,379,673,389
0072218.jpg,405,221,563,379,656,383
0072219.jpg,405,222,563,380,663,385
0072220.jpg,405,222,563,380,663,386
0072221.jpg,405,222,563,380,662,386
0072222.jpg,403,219,565,381,663,388
0072223.jpg,403,220,565,382,661,388
0072224.jpg,403,220,565,382,661,388
0072225.jpg,403,220,565,382,660,388
0072226.jpg,403,219,565,381,659,388
0072227.jpg,403,219,565,381,658,389
0072228.jpg,403,219,565,381,658,387
0072229.jpg,403,219,565,381,657,387
0072230.jpg,403,219,565,381,658,386
0072231.jpg,403,219,565,381,657,386
0072232.jpg,403,219,565,381,656,385
0072233.jpg,403,219,565,381,657,387
0072234.jpg,403,219,565,381,656,385
0072235.jpg,403,219,565,381,656,385
0072236.jpg,404,219,566,381,658,384
0072237.jpg,404,219,566,381,657,385
0072238.jpg,404,220,566,382,659,383
0072239.jpg,404,220,566,382,658,384
0072240.jpg,406,222,564,380,658,385
0072241.jpg,406,222,564,380,659,385
0072242.jpg,406,222,564,380,661,384
0072243.jpg,406,222,564,380,662,385
0072244.jpg,406,221,564,379,661,386
0072245.jpg,405,221,563,379,661,386
0072246.jpg,405,221,563,379,663,387
0072247.jpg,404,221,562,379,662,388
0072248.jpg,404,220,562,378,663,388
0072249.jpg,404,220,562,378,663,388
0072250.jpg,404,220,562,378,663,389
0072251.jpg,402,218,564,380,663,389
0072252.jpg,402,217,564,379,664,390
0072253.jpg,403,216,565,378,664,391
0072254.jpg,404,216,566,378,663,391
0072255.jpg,406,209,570,373,665,390
0072256.jpg,407,206,575,374,666,390
0072257.jpg,408,204,580,376,666,390
0072258.jpg,408,204,580,376,666,391
0072259.jpg,408,204,580,376,667,390
0072260.jpg,407,204,579,376,667,390
0072261.jpg,407,200,579,372,668,391
0072262.jpg,407,200,579,372,668,391
0072263.jpg,409,197,581,369,669,391
0072264.jpg,409,193,581,365,669,391
0072265.jpg,411,190,583,362,669,391
0072266.jpg,413,185,581,353,671,391
0072267.jpg,414,185,582,353,671,390
0072268.jpg,414,185,582,353,670,391
0072269.jpg,415,185,583,353,672,391
0072270.jpg,415,185,583,353,669,392
0072271.jpg,414,186,586,358,670,391
0072272.jpg,411,182,591,362,670,391
0072273.jpg,410,184,592,366,670,392
0072274.jpg,410,184,592,366,670,392
0072275.jpg,410,184,592,366,670,391
0072276.jpg,410,184,592,366,670,391
0072277.jpg,411,184,593,366,671,392
0072278.jpg,412,185,592,365,671,391
0072279.jpg,412,187,592,367,670,391
0072280.jpg,413,189,593,369,671,392
0072281.jpg,414,192,594,372,670,392
0072282.jpg,414,193,594,373,671,392
0072283.jpg,413,192,595,374,670,393
0072284.jpg,414,192,596,374,670,393
0072285.jpg,414,192,596,374,671,392
0072286.jpg,415,194,595,374,672,393
0072287.jpg,415,195,595,375,671,392
0072288.jpg,421,201,589,369,671,393
0072289.jpg,421,203,589,371,670,392
0072290.jpg,421,204,589,372,671,392
0072291.jpg,423,209,585,371,672,392
0072292.jpg,423,212,581,370,672,393
0072293.jpg,422,213,580,371,670,393
0072294.jpg,421,218,579,376,670,392
0072295.jpg,421,218,579,376,670,391
0072296.jpg,420,218,578,376,670,391
0072297.jpg,419,218,577,376,669,391
0072298.jpg,418,219,576,377,669,392
0072299.jpg,417,219,575,377,670,391
0072300.jpg,418,221,572,375,670,392
0072301.jpg,416,222,570,376,669,391
0072302.jpg,416,223,570,377,670,390
0072303.jpg,416,223,570,377,669,391
0072304.jpg,418,226,568,376,669,375
0072305.jpg,418,226,568,376,671,375
0072306.jpg,418,226,568,376,671,375
0072307.jpg,418,226,568,376,674,374
0072308.jpg,420,228,566,374,673,375
0072309.jpg,419,228,565,374,674,376
0072310.jpg,419,228,565,374,675,377
0072311.jpg,419,229,565,375,674,376
0072312.jpg,419,229,565,375,674,380
0072313.jpg,419,229,565,375,677,380
0072314.jpg,419,229,565,375,678,380
0072315.jpg,419,229,565,375,678,381
0072316.jpg,419,229,565,375,680,381
0072317.jpg,419,229,565,375,680,379
0072318.jpg,421,230,565,374,679,381
0072319.jpg,421,230,565,374,674,375
0072320.jpg,420,229,566,375,667,370
0072321.jpg,420,229,566,375,668,370
0072322.jpg,420,229,566,375,667,371
0072323.jpg,420,229,566,375,669,371
0072324.jpg,420,227,566,373,670,371
0072325.jpg,419,225,569,375,669,370
0072326.jpg,419,224,569,374,669,373
0072327.jpg,419,224,569,374,670,373
0072328.jpg,419,224,569,374,671,372
0072329.jpg,418,224,568,374,672,375
0072330.jpg,416,221,570,375,673,378
0072331.jpg,416,221,570,375,675,380
0072332.jpg,416,221,570,375,678,382
0072333.jpg,416,221,570,375,677,380
0072334.jpg,416,222,570,376,678,380
0072335.jpg,416,222,570,376,678,381
0072336.jpg,418,225,568,375,678,382
0072337.jpg,417,225,567,375,679,383
0072338.jpg,417,225,567,375,678,383
0072339.jpg,417,225,567,375,678,380
0072340.jpg,417,225,567,375,675,377
0072341.jpg,417,225,567,375,673,370
0072342.jpg,417,225,567,375,673,371
0072343.jpg,417,225,567,375,672,370
0072344.jpg,417,225,567,375,672,370
0072345.jpg,417,225,567,375,671,369
0072346.jpg,417,225,567,375,672,369
0072347.jpg,416,225,566,375,671,369
0072348.jpg,416,225,566,375,672,370
0072349.jpg,416,225,566,375,671,370
0072350.jpg,416,225,566,375,671,371
0072351.jpg,414,223,568,377,672,370
0072352.jpg,414,223,568,377,674,370
0072353.jpg,414,223,568,377,676,375
0072354.jpg,414,223,568,377,677,379
0072355.jpg,416,225,566,375,680,380
0072356.jpg,418,228,564,374,681,381
0072357.jpg,420,230,564,374,680,380
0072358.jpg,423,230,567,374,679,381
0072359.jpg,427,230,571,374,679,380
0072360.jpg,429,230,573,374,679,379
0072361.jpg,431,230,575,374,679,378
0072362.jpg,436,229,580,373,678,379
0072363.jpg,436,228,580,372,680,379
0072364.jpg,436,226,580,370,680,378
0072365.jpg,433,224,579,370,680,379
0072366.jpg,430,212,580,362,679,380
0072367.jpg,427,212,577,362,680,380
0072368.jpg,421,206,583,368,679,381
0072369.jpg,420,204,584,368,678,380
0072370.jpg,417,200,585,368,678,378
0072371.jpg,415,198,587,370,676,377
0072372.jpg,412,197,584,369,672,373
0072373.jpg,407,192,583,368,672,373
0072374.jpg,405,191,581,367,673,372
0072375.jpg,405,191,581,367,671,371
0072376.jpg,405,191,581,367,672,372
0072377.jpg,406,190,582,366,671,373
0072378.jpg,407,190,583,366,671,372
0072379.jpg,408,190,584,366,671,374
0072380.jpg,410,190,586,366,671,374
0072381.jpg,410,190,586,366,673,376
0072382.jpg,412,192,584,364,672,377
0072383.jpg,412,192,584,364,673,377
0072384.jpg,412,193,584,365,672,378
0072385.jpg,412,193,584,365,673,379
0072386.jpg,412,193,584,365,674,381
0072387.jpg,412,193,584,365,675,383
0072388.jpg,412,193,584,365,675,382
0072389.jpg,413,192,585,364,676,382
0072390.jpg,414,191,586,363,676,382
0072391.jpg,416,191,588,363,675,380
0072392.jpg,416,188,588,360,675,376
0072393.jpg,416,182,588,354,674,376
0072394.jpg,420,178,584,342,675,376
0072395.jpg,420,174,584,338,675,377
0072396.jpg,420,174,584,338,676,377
0072397.jpg,421,174,585,338,676,377
0072398.jpg,422,174,586,338,677,376
0072399.jpg,419,174,591,346,675,376
0072400.jpg,419,180,591,352,676,377
0072401.jpg,419,189,591,361,674,376
0072402.jpg,422,189,594,361,673,379
0072403.jpg,423,190,595,362,675,380
0072404.jpg,424,190,596,362,674,380
0072405.jpg,425,190,597,362,675,380
0072406.jpg,427,190,599,362,676,380
0072407.jpg,427,191,599,363,673,381
0072408.jpg,432,192,604,364,674,383
0072409.jpg,433,193,605,365,675,383
0072410.jpg,438,196,606,364,676,383
0072411.jpg,441,196,609,364,676,383
0072412.jpg,442,200,610,368,675,383
0072413.jpg,442,203,610,371,675,382
0072414.jpg,445,207,609,371,675,383
0072415.jpg,448,218,606,376,675,383
0072416.jpg,446,218,604,376,674,384
0072417.jpg,441,218,599,376,674,384
0072418.jpg,441,218,599,376,674,385
0072419.jpg,439,216,601,378,674,384
0072420.jpg,436,214,600,378,672,382
0072421.jpg,435,214,599,378,673,381
0072422.jpg,435,213,599,377,672,380
0072423.jpg,433,213,597,377,672,380
0072424.jpg,433,212,597,376,671,380
0072425.jpg,433,211,597,375,672,380
0072426.jpg,435,214,593,372,672,381
0072427.jpg,435,214,593,372,671,381
0072428.jpg,435,214,593,372,673,380
0072429.jpg,432,214,590,372,672,381
0072430.jpg,431,215,589,373,673,382
0072431.jpg,431,215,589,373,672,382
0072432.jpg,431,215,589,373,673,383
0072433.jpg,430,215,588,373,674,385
0072434.jpg,430,215,588,373,673,383
0072435.jpg,430,215,588,373,672,384
0072436.jpg,430,215,588,373,672,383
0072437.jpg,430,215,588,373,673,383
0072438.jpg,430,215,588,373,673,383
0072439.jpg,430,215,588,373,674,382
0072440.jpg,431,215,589,373,673,382
0072441.jpg,431,215,589,373,671,382
0072442.jpg,432,215,590,373,672,381
0072443.jpg,432,214,590,372,671,381
0072444.jpg,432,214,590,372,672,380
0072445.jpg,432,214,590,372,672,379
0072446.jpg,432,214,590,372,672,381
0072447.jpg,434,216,588,370,671,381
0072448.jpg,438,214,584,360,671,380
0072449.jpg,437,213,583,359,672,381
0072450.jpg,433,212,579,358,671,383
0072451.jpg,427,212,573,358,673,384
0072452.jpg,424,212,570,358,673,384
0072453.jpg,419,209,569,359,673,385
0072454.jpg,417,210,567,360,674,384
0072455.jpg,414,208,568,362,675,385
0072456.jpg,410,206,568,364,675,384
0072457.jpg,410,206,568,364,675,386
0072458.jpg,410,206,568,364,673,386
0072459.jpg,410,206,568,364,674,385
0072460.jpg,412,206,570,364,674,385
0072461.jpg,413,206,571,364,673,385
0072462.jpg,419,208,573,362,672,385
0072463.jpg,425,209,579,363,671,386
0072464.jpg,430,209,584,363,672,386
0072465.jpg,434,218,588,372,671,386
0072466.jpg,437,218,591,372,671,382
0072467.jpg,437,218,591,372,670,381
0072468.jpg,436,216,594,374,671,377
0072469.jpg,436,216,594,374,671,377
0072470.jpg,436,215,594,373,671,377
0072471.jpg,436,210,594,368,669,375
0072472.jpg,432,205,596,369,669,375
0072473.jpg,429,203,597,371,669,376
0072474.jpg,428,203,596,371,669,376
0072475.jpg,426,200,598,372,671,376
0072476.jpg,422,197,598,373,670,376
0072477.jpg,422,197,598,373,670,381
0072478.jpg,420,194,600,374,671,382
0072479.jpg,420,194,600,374,672,383
0072480.jpg,420,194,600,374,673,384
0072481.jpg,420,194,600,374,672,385
0072482.jpg,420,194,600,374,673,386
0072483.jpg,422,196,598,372,672,386
0072484.jpg,423,196,599,372,672,387
0072485.jpg,423,196,599,372,673,386
0072486.jpg,424,195,600,371,672,386
0072487.jpg,424,195,600,371,673,384
0072488.jpg,424,194,600,370,673,384
0072489.jpg,424,194,600,370,673,383
0072490.jpg,424,194,600,370,672,382
0072491.jpg,426,196,598,368,674,383
0072492.jpg,424,196,596,368,674,384
