0081000.jpg,211,110,463,362,341,224
0081001.jpg,211,111,463,363,343,223
0081002.jpg,211,111,463,363,342,220
0081003.jpg,206,111,458,363,339,220
0081004.jpg,205,111,457,363,338,220
0081005.jpg,206,113,454,361,339,221
0081006.jpg,206,113,454,361,336,224
0081007.jpg,206,113,454,361,336,223
0081008.jpg,207,112,455,360,336,223
0081009.jpg,210,111,458,359,339,222
0081010.jpg,215,111,463,359,339,221
0081011.jpg,213,106,467,360,341,216
0081012.jpg,217,104,471,358,343,213
0081013.jpg,219,102,473,356,346,211
0081014.jpg,219,99,473,353,346,208
0081015.jpg,219,97,473,351,349,207
0081016.jpg,219,94,473,348,349,205
0081017.jpg,217,91,469,343,350,203
0081018.jpg,216,91,468,343,349,201
0081019.jpg,216,90,468,342,347,201
0081020.jpg,215,90,467,342,346,199
0081021.jpg,213,90,465,342,345,198
0081022.jpg,209,89,463,343,342,198
0081023.jpg,209,87,463,341,343,198
0081024.jpg,209,85,463,339,339,197
0081025.jpg,209,84,463,338,337,197
0081026.jpg,213,82,467,336,336,195
0081027.jpg,214,81,468,335,335,193
0081028.jpg,217,80,471,334,335,192
0081029.jpg,213,73,479,339,335,190
0081030.jpg,216,72,482,338,336,187
0081031.jpg,218,72,484,338,337,187
0081032.jpg,220,71,486,337,338,187
0081033.jpg,226,73,488,335,339,187
0081034.jpg,226,72,488,334,340,180
0081035.jpg,226,72,488,334,344,181
0081036.jpg,224,70,490,336,346,181
0081037.jpg,222,69,488,335,348,180
0081038.jpg,220,64,490,334,350,180
0081039.jpg,220,64,490,334,351,178
0081040.jpg,221,64,491,334,353,185
0081041.jpg,222,64,492,334,350,185
0081042.jpg,223,65,493,335,347,185
0081043.jpg,230,70,492,332,346,178
0081044.jpg,230,71,492,333,361,186
0081045.jpg,230,72,492,334,359,186
0081046.jpg,230,74,492,336,360,187
0081047.jpg,226,74,496,344,362,187
0081048.jpg,226,76,496,346,363,187
0081049.jpg,224,75,496,347,364,189
0081050.jpg,220,77,496,353,365,188
0081051.jpg,218,77,494,353,366,190
0081052.jpg,218,77,494,353,361,193
0081053.jpg,217,77,493,353,363,193
0081054.jpg,217,71,493,347,361,196
0081055.jpg,217,70,493,346,359,198
0081056.jpg,217,70,493,346,356,198
0081057.jpg,219,72,491,344,356,199
0081058.jpg,219,72,491,344,356,200
0081059.jpg,218,72,490,344,357,201
0081060.jpg,221,75,487,341,362,203
0081061.jpg,221,75,487,341,361,206
0081062.jpg,223,73,485,335,361,205
0081063.jpg,223,70,485,332,362,201
0081064.jpg,223,70,485,332,362,199
0081065.jpg,223,70,485,332,361,197
0081066.jpg,223,70,485,332,360,197
0081067.jpg,223,71,485,333,360,197
0081068.jpg,222,69,488,335,361,197
0081069.jpg,222,69,488,335,361,199
0081070.jpg,223,69,489,335,360,201
0081071.jpg,224,69,490,335,360,200
0081072.jpg,225,69,491,335,361,198
0081073.jpg,227,69,493,335,362,198
0081074.jpg,229,70,495,336,362,196
0081075.jpg,229,74,495,340,362,194
0081076.jpg,230,75,496,341,361,193
0081077.jpg,231,77,497,343,361,193
0081078.jpg,233,78,503,348,358,193
0081079.jpg,234,81,504,351,360,193
0081080.jpg,236,80,508,352,361,193
0081081.jpg,241,80,513,352,361,193
0081082.jpg,247,80,519,352,360,192
0081083.jpg,250,80,522,352,364,194
0081084.jpg,251,80,523,352,364,195
0081085.jpg,251,79,523,351,367,194
0081086.jpg,251,79,523,351,365,194
0081087.jpg,251,79,523,351,368,195
0081088.jpg,249,77,521,349,371,194
0081089.jpg,250,76,520,346,370,194
0081090.jpg,250,74,520,344,373,195
0081091.jpg,252,75,518,341,375,197
0081092.jpg,252,71,518,337,376,200
0081093.jpg,253,71,519,337,379,200
0081094.jpg,253,70,519,336,383,201
0081095.jpg,253,70,519,336,385,201
0081096.jpg,254,72,516,334,387,200
0081097.jpg,253,72,515,334,390,201
0081098.jpg,247,72,509,334,394,200
0081099.jpg,243,74,501,332,396,200
0081100.jpg,238,74,496,332,398,200
0081101.jpg,235,74,493,332,400,201
0081102.jpg,231,74,489,332,402,202
0081103.jpg,224,67,490,333,401,200
0081104.jpg,224,63,490,329,402,200
0081105.jpg,222,59,488,325,398,194
0081106.jpg,222,59,488,325,396,193
0081107.jpg,222,59,488,325,392,190
0081108.jpg,223,59,489,325,392,189
0081109.jpg,224,60,490,326,392,189
0081110.jpg,224,61,490,327,391,189
0081111.jpg,225,61,491,327,391,189
0081112.jpg,225,62,491,328,390,188
0081113.jpg,225,66,491,332,388,187
0081114.jpg,226,68,492,334,392,188
0081115.jpg,223,71,493,341,391,188
0081116.jpg,223,74,493,344,389,188
0081117.jpg,220,73,492,345,389,192
0081118.jpg,217,73,489,345,384,191
0081119.jpg,217,73,489,345,381,193
0081120.jpg,217,72,489,344,376,195
0081121.jpg,217,72,489,344,373,195
0081122.jpg,218,73,488,343,370,193
0081123.jpg,216,73,486,343,367,188
0081124.jpg,214,77,484,347,364,184
0081125.jpg,215,82,481,348,363,179
0081126.jpg,215,82,481,348,360,178
0081127.jpg,215,82,481,348,362,178
0081128.jpg,216,82,482,348,362,178
0081129.jpg,215,80,485,350,364,180
0081130.jpg,217,79,487,349,365,180
0081131.jpg,218,79,488,349,365,182
0081132.jpg,219,78,489,348,367,181
0081133.jpg,219,69,489,339,367,183
0081134.jpg,219,69,489,339,369,183
0081135.jpg,219,69,489,339,368,183
0081136.jpg,219,69,489,339,371,187
0081137.jpg,218,68,490,340,372,194
0081138.jpg,218,73,490,345,371,198
0081139.jpg,218,79,490,351,372,200
0081140.jpg,219,84,491,356,373,202
0081141.jpg,220,88,490,358,371,202
0081142.jpg,225,91,491,357,372,200
0081143.jpg,227,91,493,357,370,198
0081144.jpg,230,91,496,357,369,197
0081145.jpg,233,91,499,357,368,195
0081146.jpg,235,91,501,357,367,195
0081147.jpg,236,91,502,357,366,196
0081148.jpg,238,89,508,359,365,197
0081149.jpg,240,90,510,360,365,198
0081150.jpg,241,91,511,361,364,200
0081151.jpg,241,91,511,361,364,202
0081152.jpg,241,91,511,361,366,202
0081153.jpg,242,91,512,361,367,201
0081154.jpg,242,91,512,361,370,202
0081155.jpg,242,91,512,361,370,202
0081156.jpg,242,91,512,361,372,200
0081157.jpg,243,91,515,363,371,198
0081158.jpg,243,91,515,363,371,196
0081159.jpg,244,91,516,363,371,194
0081160.jpg,244,91,516,363,371,193
0081161.jpg,244,91,516,363,368,192
0081162.jpg,244,91,516,363,369,193
0081163.jpg,244,90,516,362,370,192
0081164.jpg,243,90,515,362,354,190
0081165.jpg,242,90,514,362,355,194
0081166.jpg,239,88,511,360,355,199
0081167.jpg,238,88,510,360,351,204
0081168.jpg,235,88,507,360,352,212
0081169.jpg,234,88,506,360,356,212
0081170.jpg,233,88,505,360,360,214
0081171.jpg,232,88,504,360,361,214
0081172.jpg,231,87,503,359,363,212
0081173.jpg,228,84,500,356,367,212
0081174.jpg,228,83,500,355,367,212
0081175.jpg,228,83,500,355,368,211
0081176.jpg,227,82,499,354,371,212
0081177.jpg,227,82,499,354,373,214
0081178.jpg,227,82,499,354,373,213
0081179.jpg,228,81,500,353,371,214
0081180.jpg,229,82,501,354,371,215
0081181.jpg,230,82,502,354,370,216
0081182.jpg,233,83,503,353,372,215
0081183.jpg,237,83,507,353,372,214
0081184.jpg,240,82,510,352,375,215
0081185.jpg,243,82,513,352,376,215
0081186.jpg,245,81,517,353,375,213
0081187.jpg,245,80,517,352,375,213
0081188.jpg,246,79,518,351,374,214
0081189.jpg,249,79,521,351,376,216
0081190.jpg,250,79,522,351,375,217
0081191.jpg,250,79,522,351,376,218
0081192.jpg,251,80,521,350,376,217
0081193.jpg,255,82,521,348,374,218
0081194.jpg,259,82,525,348,375,217
0081195.jpg,260,82,526,348,376,216
0081196.jpg,263,82,525,344,375,216
0081197.jpg,267,82,529,344,373,216
0081198.jpg,272,82,534,344,372,215
0081199.jpg,277,82,539,344,372,214
0081200.jpg,277,84,539,346,369,215
0081201.jpg,284,85,546,347,365,215
0081202.jpg,290,85,552,347,368,213
0081203.jpg,295,87,553,345,365,212
0081204.jpg,301,90,553,342,364,213
0081205.jpg,304,92,552,340,366,212
0081206.jpg,304,92,552,340,365,211
0081207.jpg,304,92,552,340,365,210
0081208.jpg,299,90,551,342,365,209
0081209.jpg,295,89,549,343,364,208
0081210.jpg,290,86,548,344,363,207
0081211.jpg,285,86,543,344,365,208
0081212.jpg,279,87,537,345,360,210
0081213.jpg,274,85,536,347,366,208
0081214.jpg,254,83,520,349,367,208
0081215.jpg,247,81,517,351,368,207
0081216.jpg,240,81,510,351,370,207
0081217.jpg,236,81,506,351,371,208
0081218.jpg,236,81,506,351,372,207
0081219.jpg,236,82,506,352,375,207
0081220.jpg,237,82,507,352,377,206
0081221.jpg,239,83,509,353,380,206
0081222.jpg,242,83,512,353,383,207
0081223.jpg,242,83,512,353,383,207
0081224.jpg,242,83,512,353,384,207
0081225.jpg,242,83,512,353,384,205
0081226.jpg,242,83,512,353,385,205
0081227.jpg,242,83,512,353,387,206
0081228.jpg,246,87,508,349,386,207
0081229.jpg,246,87,508,349,388,207
0081230.jpg,246,89,504,347,396,205
0081231.jpg,245,90,503,348,429,228
0081232.jpg,242,90,500,348,513,239
0081233.jpg,242,92,496,346,1026,250
0081234.jpg,240,92,494,346,1027,265
0081235.jpg,240,92,494,346,1028,265
0081236.jpg,236,90,494,348,1028,264
0081237.jpg,234,90,492,348,1031,263
0081238.jpg,233,91,491,349,1035,263
0081239.jpg,231,91,489,349,1040,262
0081240.jpg,231,91,489,349,1046,261
0081241.jpg,230,91,488,349,1048,262
0081242.jpg,230,91,488,349,1050,269
0081243.jpg,228,89,490,351,1054,263
0081244.jpg,228,89,490,351,1056,264
0081245.jpg,228,89,490,351,1055,264
0081246.jpg,228,88,490,350,1057,262
0081247.jpg,229,84,491,346,1059,259
0081248.jpg,229,84,491,346,1062,256
0081249.jpg,231,84,493,346,1063,254
0081250.jpg,234,84,496,346,1066,254
0081251.jpg,234,89,496,351,1068,255
0081252.jpg,235,90,497,352,1068,256
0081253.jpg,235,90,497,352,1069,254
0081254.jpg,234,90,496,352,531,232
0081255.jpg,234,90,496,352,406,200
0081256.jpg,231,88,497,354,391,191
0081257.jpg,230,89,496,355,370,193
0081258.jpg,229,89,495,355,363,192
0081259.jpg,229,89,495,355,358,194
0081260.jpg,229,90,495,356,356,195
0081261.jpg,225,90,491,356,356,196
0081262.jpg,220,88,490,358,357,196
0081263.jpg,217,88,487,358,357,195
0081264.jpg,217,86,487,356,359,195
0081265.jpg,217,86,487,356,360,198
0081266.jpg,217,86,487,356,361,199
0081267.jpg,218,86,488,356,362,199
0081268.jpg,222,86,488,352,387,203
0081269.jpg,224,86,490,352,386,204
0081270.jpg,224,86,490,352,385,205
0081271.jpg,224,86,490,352,386,205
0081272.jpg,223,85,489,351,387,204
0081273.jpg,220,80,492,352,386,204
0081274.jpg,220,80,492,352,384,203
0081275.jpg,220,78,492,350,386,205
0081276.jpg,220,77,492,349,388,205
0081277.jpg,222,78,492,348,386,209
0081278.jpg,223,78,493,348,384,211
0081279.jpg,225,78,495,348,384,213
0081280.jpg,227,80,493,346,384,211
0081281.jpg,228,80,494,346,381,211
0081282.jpg,228,80,494,346,379,210
0081283.jpg,230,82,492,344,380,211
0081284.jpg,230,81,492,343,377,210
0081285.jpg,230,81,492,343,375,212
0081286.jpg,230,81,492,343,377,212
0081287.jpg,228,79,494,345,375,211
0081288.jpg,229,80,495,346,374,208
0081289.jpg,229,80,495,346,375,206
0081290.jpg,229,80,495,346,375,205
0081291.jpg,228,80,494,346,374,207
0081292.jpg,228,80,494,346,375,206
0081293.jpg,227,80,493,346,376,206
0081294.jpg,227,80,493,346,376,205
0081295.jpg,227,80,493,346,374,204
0081296.jpg,227,80,493,346,375,204
0081297.jpg,228,80,494,346,375,205
0081298.jpg,230,80,496,346,376,204
0081299.jpg,230,80,496,346,379,202
0081300.jpg,228,77,498,347,384,204
0081301.jpg,227,77,497,347,384,209
0081302.jpg,227,77,497,347,384,210
0081303.jpg,226,77,496,347,384,211
0081304.jpg,225,72,491,338,382,211
0081305.jpg,225,71,491,337,383,210
0081306.jpg,225,69,491,335,380,209
0081307.jpg,226,69,492,335,380,209
0081308.jpg,228,69,494,335,380,209
0081309.jpg,228,67,498,337,380,209
0081310.jpg,233,69,499,335,380,211
0081311.jpg,237,71,499,333,375,214
0081312.jpg,240,72,502,334,363,218
0081313.jpg,241,72,503,334,360,215
0081314.jpg,245,72,507,334,359,214
0081315.jpg,246,72,508,334,356,211
0081316.jpg,247,72,509,334,356,211
0081317.jpg,249,72,511,334,356,209
0081318.jpg,250,70,512,332,359,209
0081319.jpg,253,70,515,332,360,209
0081320.jpg,253,70,515,332,362,208
0081321.jpg,254,70,516,332,362,209
0081322.jpg,255,70,517,332,361,211
0081323.jpg,256,70,518,332,362,210
0081324.jpg,257,71,519,333,362,208
0081325.jpg,257,72,519,334,361,207
0081326.jpg,257,72,519,334,360,206
0081327.jpg,258,74,520,336,355,205
0081328.jpg,258,74,520,336,353,204
0081329.jpg,259,74,521,336,356,203
0081330.jpg,260,74,522,336,356,203
0081331.jpg,261,75,523,337,356,203
0081332.jpg,259,77,525,343,355,204
0081333.jpg,259,78,525,344,356,204
0081334.jpg,259,78,525,344,362,202
0081335.jpg,257,76,527,346,364,203
0081336.jpg,257,76,527,346,366,205
0081337.jpg,257,76,527,346,369,205
0081338.jpg,257,76,527,346,369,203
0081339.jpg,260,78,522,340,368,203
0081340.jpg,260,78,522,340,371,202
0081341.jpg,260,78,522,340,370,201
0081342.jpg,258,76,524,342,371,201
0081343.jpg,258,78,524,344,371,200
0081344.jpg,258,80,524,346,370,201
0081345.jpg,256,78,526,348,371,200
0081346.jpg,256,78,526,348,371,201
0081347.jpg,255,78,525,348,370,201
0081348.jpg,254,78,524,348,370,202
0081349.jpg,254,78,524,348,372,202
0081350.jpg,254,78,524,348,372,201
0081351.jpg,254,79,524,349,372,202
0081352.jpg,255,79,525,349,370,203
0081353.jpg,257,82,523,348,371,203
0081354.jpg,257,82,523,348,374,203
0081355.jpg,256,84,518,346,377,203
0081356.jpg,256,90,510,344,373,203
0081357.jpg,246,91,498,343,374,202
0081358.jpg,241,102,489,350,376,202
0081359.jpg,234,111,482,359,378,202
0081360.jpg,228,114,476,362,377,201
0081361.jpg,228,116,472,360,377,200
0081362.jpg,226,116,470,360,375,199
0081363.jpg,224,114,472,362,373,198
0081364.jpg,217,101,479,363,371,198
0081365.jpg,215,86,481,352,368,196
0081366.jpg,215,83,481,349,372,192
0081367.jpg,215,80,485,350,373,190
0081368.jpg,215,80,485,350,374,190
0081369.jpg,215,78,485,348,375,190
0081370.jpg,207,78,477,348,378,190
0081371.jpg,206,82,468,344,381,190
0081372.jpg,198,82,460,344,383,193
0081373.jpg,200,84,458,342,383,194
0081374.jpg,202,86,456,340,385,195
0081375.jpg,203,88,457,342,384,196
0081376.jpg,206,88,460,342,384,196
0081377.jpg,211,88,465,342,384,195
0081378.jpg,214,88,468,342,386,196
0081379.jpg,217,88,471,342,385,195
0081380.jpg,220,88,474,342,385,194
0081381.jpg,219,87,477,345,392,194
0081382.jpg,219,87,477,345,397,191
0081383.jpg,219,89,477,347,399,192
0081384.jpg,217,90,475,348,402,193
0081385.jpg,219,100,471,352,402,194
0081386.jpg,217,101,469,353,403,193
0081387.jpg,217,101,469,353,404,195
0081388.jpg,216,103,470,357,403,194
0081389.jpg,216,105,470,359,404,194
0081390.jpg,216,105,470,359,405,194
0081391.jpg,217,105,471,359,406,193
0081392.jpg,218,106,470,358,407,194
0081393.jpg,219,106,471,358,407,196
0081394.jpg,221,104,473,356,409,198
0081395.jpg,228,101,486,359,410,198
0081396.jpg,231,100,489,358,411,199
0081397.jpg,234,96,496,358,410,199
0081398.jpg,237,93,499,355,409,199
0081399.jpg,237,93,499,355,409,200
0081400.jpg,237,93,499,355,409,201
0081401.jpg,235,93,497,355,407,200
0081402.jpg,232,93,494,355,408,200
0081403.jpg,229,93,491,355,409,202
0081404.jpg,224,93,486,355,409,201
0081405.jpg,213,94,475,356,408,201
0081406.jpg,211,95,473,357,406,200
0081407.jpg,207,96,469,358,404,197
0081408.jpg,207,103,469,365,405,197
0081409.jpg,207,109,469,371,404,197
0081410.jpg,209,118,475,384,405,199
0081411.jpg,214,127,476,389,407,203
0081412.jpg,216,128,478,390,406,205
0081413.jpg,221,133,483,395,406,204
0081414.jpg,224,134,486,396,405,202
0081415.jpg,229,138,491,400,404,202
0081416.jpg,232,138,494,400,403,201
0081417.jpg,233,138,495,400,403,200
0081418.jpg,237,141,495,399,403,202
0081419.jpg,238,141,496,399,404,202
0081420.jpg,244,141,502,399,404,202
0081421.jpg,249,141,507,399,405,203
0081422.jpg,253,144,507,398,405,204
0081423.jpg,256,144,510,398,406,204
0081424.jpg,256,149,510,403,403,205
0081425.jpg,264,157,518,411,404,205
0081426.jpg,269,157,523,411,384,252
0081427.jpg,275,158,529,412,375,257
0081428.jpg,279,159,533,413,371,264
0081429.jpg,283,160,537,414,199,615
0081430.jpg,291,163,545,417,147,603
0081431.jpg,295,165,547,417,96,596
0081432.jpg,297,167,549,419,56,577
0081433.jpg,298,170,550,422,181,612
0081434.jpg,301,174,549,422,347,292
0081435.jpg,302,181,550,429,346,215
0081436.jpg,302,182,550,430,352,209
0081437.jpg,304,182,552,430,343,210
0081438.jpg,305,183,553,431,342,207
0081439.jpg,309,183,557,431,341,205
0081440.jpg,312,183,560,431,342,203
0081441.jpg,312,183,560,431,340,203
0081442.jpg,312,182,560,430,336,202
0081443.jpg,312,182,556,426,332,201
0081444.jpg,306,178,550,422,326,201
0081445.jpg,294,161,542,409,322,203
0081446.jpg,289,157,537,405,321,203
0081447.jpg,286,149,534,397,319,206
0081448.jpg,282,143,530,391,320,207
0081449.jpg,276,142,524,390,322,209
0081450.jpg,265,138,519,392,329,209
0081451.jpg,260,138,514,392,328,210
0081452.jpg,256,136,510,390,329,210
0081453.jpg,249,134,503,388,333,207
0081454.jpg,247,133,501,387,335,205
0081455.jpg,239,129,497,387,337,205
0081456.jpg,237,129,495,387,340,206
0081457.jpg,235,129,493,387,343,207
0081458.jpg,231,129,489,387,344,209
0081459.jpg,229,131,487,389,341,212
0081460.jpg,225,132,491,398,339,214
0081461.jpg,225,133,491,399,337,217
0081462.jpg,225,133,491,399,334,219
0081463.jpg,228,133,494,399,334,219
0081464.jpg,228,133,494,399,334,219
0081465.jpg,228,122,494,388,334,221
0081466.jpg,228,115,494,381,333,223
0081467.jpg,226,115,488,377,333,222
0081468.jpg,223,109,485,371,336,221
0081469.jpg,221,106,483,368,334,222
0081470.jpg,223,107,481,365,332,223
0081471.jpg,223,107,481,365,334,223
0081472.jpg,226,107,484,365,339,222
0081473.jpg,230,105,488,363,348,220
0081474.jpg,238,105,496,363,355,219
0081475.jpg,245,107,503,365,357,217
0081476.jpg,247,105,509,367,360,216
0081477.jpg,247,104,513,370,362,214
0081478.jpg,251,104,517,370,362,215
0081479.jpg,252,104,518,370,361,213
0081480.jpg,256,110,518,372,358,213
0081481.jpg,258,112,516,370,355,214
0081482.jpg,258,113,516,371,346,214
0081483.jpg,258,114,516,372,342,215
0081484.jpg,255,112,517,374,336,215
0081485.jpg,249,110,515,376,331,216
0081486.jpg,244,108,514,378,327,215
0081487.jpg,242,105,512,375,324,217
0081488.jpg,234,99,504,369,322,221
0081489.jpg,233,92,499,358,321,226
0081490.jpg,226,92,492,358,322,232
0081491.jpg,226,94,488,356,325,235
0081492.jpg,224,92,490,358,329,238
0081493.jpg,224,92,490,358,332,244
0082000.jpg,527,29,767,269,772,173
0082001.jpg,527,29,767,269,774,176
0082002.jpg,527,29,767,269,895,229
0082003.jpg,528,29,768,269,1017,199
0082004.jpg,528,28,768,268,1029,203
0082005.jpg,529,28,769,268,1028,206
0082006.jpg,529,27,769,267,1026,205
0082007.jpg,531,26,771,266,1026,204
0082008.jpg,531,26,771,266,1028,199
0082009.jpg,531,26,771,266,1028,197
0082010.jpg,531,25,771,265,1029,194
0082011.jpg,530,25,770,265,1035,190
0082012.jpg,528,25,768,265,1044,193
0082013.jpg,527,25,767,265,1058,171
0082014.jpg,527,24,767,264,1059,189
0082015.jpg,525,22,769,266,1058,201
0082016.jpg,525,22,769,266,785,162
0082017.jpg,524,21,768,265,710,139
0082018.jpg,517,19,765,267,700,138
0082019.jpg,517,19,765,267,660,132
0082020.jpg,517,19,765,267,658,130
0082021.jpg,517,19,765,267,649,130
0082022.jpg,517,19,765,267,649,130
0082023.jpg,519,20,767,268,651,130
0082024.jpg,520,20,768,268,650,130
0082025.jpg,523,20,771,268,651,131
0082026.jpg,528,25,768,265,652,131
0082027.jpg,528,25,768,265,652,132
0082028.jpg,531,26,771,266,653,130
0082029.jpg,533,28,769,264,652,130
0082030.jpg,535,28,771,264,653,131
0082031.jpg,536,28,772,264,654,131
0082032.jpg,537,28,773,264,654,130
0082033.jpg,539,28,775,264,655,130
0082034.jpg,538,25,778,265,657,128
0082035.jpg,539,25,779,265,657,129
0082036.jpg,537,23,781,267,659,127
0082037.jpg,538,23,782,267,663,125
0082038.jpg,538,24,782,268,662,125
0082039.jpg,538,24,782,268,663,124
0082040.jpg,537,25,781,269,663,124
0082041.jpg,537,26,781,270,663,124
0082042.jpg,537,27,781,271,664,124
0082043.jpg,537,29,781,273,664,124
0082044.jpg,537,30,781,274,664,124
0082045.jpg,537,30,781,274,663,124
0082046.jpg,537,30,781,274,664,123
0082047.jpg,538,30,782,274,662,124
0082048.jpg,538,30,782,274,663,126
0082049.jpg,539,30,783,274,663,126
0082050.jpg,538,28,786,276,663,128
0082051.jpg,539,28,787,276,663,129
0082052.jpg,539,27,787,275,664,128
0082053.jpg,539,25,791,277,664,130
0082054.jpg,539,24,791,276,663,129
0082055.jpg,539,24,791,276,662,129
0082056.jpg,540,23,792,275,662,130
0082057.jpg,541,23,793,275,664,129
0082058.jpg,544,25,792,273,664,130
0082059.jpg,544,25,792,273,664,129
0082060.jpg,544,24,792,272,666,129
0082061.jpg,545,24,793,272,665,130
0082062.jpg,545,24,793,272,666,129
0082063.jpg,545,24,793,272,666,130
0082064.jpg,545,24,793,272,667,127
0082065.jpg,545,24,793,272,666,127
0082066.jpg,545,24,793,272,667,127
0082067.jpg,544,25,792,273,668,128
0082068.jpg,544,27,792,275,668,128
0082069.jpg,542,26,794,278,668,127
0082070.jpg,542,26,794,278,669,128
0082071.jpg,542,26,794,278,671,127
0082072.jpg,542,26,794,278,671,128
0082073.jpg,542,27,794,279,671,128
0082074.jpg,542,28,794,280,671,127
0082075.jpg,542,29,794,281,671,128
0082076.jpg,542,29,794,281,671,127
0082077.jpg,542,30,794,282,670,127
0082078.jpg,542,30,794,282,670,128
0082079.jpg,542,30,794,282,671,128
0082080.jpg,542,30,794,282,672,128
0082081.jpg,542,30,794,282,671,128
0082082.jpg,544,32,792,280,670,129
0082083.jpg,544,32,792,280,674,129
0082084.jpg,544,32,792,280,673,129
0082085.jpg,545,32,793,280,674,129
0082086.jpg,545,32,793,280,672,129
0082087.jpg,546,32,794,280,672,129
0082088.jpg,547,34,795,282,672,129
0082089.jpg,547,35,795,283,673,131
0082090.jpg,547,37,795,285,673,131
0082091.jpg,548,37,796,285,673,131
0082092.jpg,548,37,796,285,672,131
0082093.jpg,548,38,796,286,672,132
0082094.jpg,548,38,796,286,672,131
0082095.jpg,548,38,796,286,672,132
0082096.jpg,548,38,796,286,672,131
0082097.jpg,546,36,798,288,671,132
0082098.jpg,546,36,798,288,671,131
0082099.jpg,546,36,798,288,671,132
0082100.jpg,546,36,798,288,672,131
0082101.jpg,545,36,797,288,672,132
0082102.jpg,545,36,797,288,705,171
0082103.jpg,547,38,795,286,692,175
0082104.jpg,547,37,795,285,692,175
0082105.jpg,547,37,795,285,694,175
0082106.jpg,546,36,794,284,693,177
0082107.jpg,545,35,793,283,694,176
0082108.jpg,542,32,794,284,693,178
0082109.jpg,542,32,794,284,695,176
0082110.jpg,542,32,794,284,726,187
0082111.jpg,542,31,794,283,719,189
0082112.jpg,544,33,792,281,721,190
0082113.jpg,544,33,792,281,720,191
0082114.jpg,544,33,792,281,718,190
0082115.jpg,544,32,792,280,718,191
0082116.jpg,544,32,792,280,720,191
0082117.jpg,544,32,792,280,718,190
0082118.jpg,545,31,793,279,718,190
0082119.jpg,545,31,793,279,717,190
0082120.jpg,545,31,793,279,718,191
0082121.jpg,545,31,793,279,806,202
0082122.jpg,545,31,793,279,803,199
0082123.jpg,545,31,793,279,802,200
0082124.jpg,545,31,793,279,805,202
0082125.jpg,545,32,793,280,804,201
0082126.jpg,545,33,793,281,805,200
0082127.jpg,545,34,793,282,681,153
0082128.jpg,543,33,795,285,675,154
0082129.jpg,543,33,795,285,676,154
0082130.jpg,543,33,795,285,675,153
0082131.jpg,543,34,795,286,675,154
0082132.jpg,544,34,796,286,675,153
0082133.jpg,544,34,796,286,675,153
0082134.jpg,544,34,796,286,674,152
0082135.jpg,544,34,796,286,676,151
0082136.jpg,546,36,794,284,674,152
0082137.jpg,545,36,793,284,675,151
0082138.jpg,545,36,793,284,674,152
0082139.jpg,545,36,793,284,675,151
0082140.jpg,545,36,793,284,675,149
0082141.jpg,545,36,793,284,675,149
0082142.jpg,545,36,793,284,674,150
0082143.jpg,545,36,793,284,673,150
0082144.jpg,546,36,794,284,675,149
0082145.jpg,546,36,794,284,674,150
0082146.jpg,546,36,794,284,673,150
0082147.jpg,546,37,794,285,673,151
0082148.jpg,546,37,794,285,672,151
0082149.jpg,546,37,794,285,671,150
0082150.jpg,546,38,794,286,673,152
0082151.jpg,546,38,794,286,672,151
0082152.jpg,548,40,792,284,673,153
0082153.jpg,548,40,792,284,673,152
0082154.jpg,548,40,792,284,675,153
0082155.jpg,548,40,792,284,676,154
0082156.jpg,549,40,793,284,674,153
0082157.jpg,549,40,793,284,675,154
0082158.jpg,549,39,793,283,676,153
0082159.jpg,549,38,793,282,674,153
0082160.jpg,547,36,795,284,676,154
0082161.jpg,546,35,794,283,675,156
0082162.jpg,546,35,794,283,674,155
0082163.jpg,546,34,794,282,674,155
0082164.jpg,544,32,796,284,674,156
0082165.jpg,544,32,796,284,673,155
0082166.jpg,544,32,796,284,673,155
0082167.jpg,546,35,794,283,673,156
0082168.jpg,544,33,796,285,671,155
0082169.jpg,544,33,796,285,672,156
0082170.jpg,544,33,796,285,671,155
0082171.jpg,544,33,796,285,672,156
0082172.jpg,544,33,796,285,662,187
0082173.jpg,544,33,796,285,671,189
0082174.jpg,544,33,796,285,671,190
0082175.jpg,544,33,796,285,672,189
0082176.jpg,543,33,795,285,671,190
0082177.jpg,543,32,795,284,670,189
0082178.jpg,543,32,795,284,670,190
0082179.jpg,543,32,795,284,670,189
0082180.jpg,543,32,795,284,672,190
0082181.jpg,543,32,795,284,671,191
0082182.jpg,544,32,796,284,671,192
0082183.jpg,544,32,796,284,671,192
0082184.jpg,544,32,796,284,672,191
0082185.jpg,544,32,796,284,671,193
0082186.jpg,544,32,796,284,671,193
0082187.jpg,544,32,796,284,671,192
0082188.jpg,544,32,796,284,672,192
0082189.jpg,544,32,796,284,670,162
0082190.jpg,544,32,796,284,679,155
0082191.jpg,544,32,796,284,674,158
0082192.jpg,544,32,796,284,675,157
0082193.jpg,545,32,797,284,675,156
0082194.jpg,548,34,796,282,676,156
0082195.jpg,551,36,795,280,675,155
0082196.jpg,552,37,796,281,675,156
0082197.jpg,554,39,794,279,676,155
0082198.jpg,554,40,794,280,674,156
0082199.jpg,556,40,796,280,674,155
0082200.jpg,556,40,796,280,674,156
0082201.jpg,556,40,796,280,673,155
0082202.jpg,555,40,795,280,674,156
0082203.jpg,555,39,795,279,673,155
0082204.jpg,551,37,795,281,674,155
0082205.jpg,551,37,795,281,673,156
0082206.jpg,551,36,795,280,674,155
0082207.jpg,551,35,795,279,672,154
0082208.jpg,548,33,796,281,673,155
0082209.jpg,548,33,796,281,672,154
0082210.jpg,548,33,796,281,673,154
0082211.jpg,548,33,796,281,672,154
0082212.jpg,547,33,795,281,671,155
0082213.jpg,547,33,795,281,671,155
0082214.jpg,547,32,795,280,671,156
0082215.jpg,547,32,795,280,673,156
0082216.jpg,547,32,795,280,673,155
0082217.jpg,547,32,795,280,673,156
0082218.jpg,547,32,795,280,674,156
0082219.jpg,546,32,794,280,672,156
0082220.jpg,546,32,794,280,673,156
0082221.jpg,546,32,794,280,673,156
0082222.jpg,546,31,794,279,671,156
0082223.jpg,546,31,794,279,672,157
0082224.jpg,546,31,794,279,671,156
0082225.jpg,545,31,793,279,671,157
0082226.jpg,545,31,793,279,671,157
0082227.jpg,545,31,793,279,672,157
0082228.jpg,545,29,793,277,671,156
0082229.jpg,545,29,793,277,703,149
0082230.jpg,546,29,794,277,692,149
0082231.jpg,546,29,794,277,691,149
0082232.jpg,546,29,794,277,784,166
0082233.jpg,546,29,794,277,1037,241
0082234.jpg,547,29,795,277,1034,256
0082235.jpg,548,29,796,277,1033,257
0082236.jpg,548,29,796,277,1033,256
0082237.jpg,549,29,797,277,1035,254
0082238.jpg,550,29,798,277,1038,253
0082239.jpg,550,30,798,278,1041,249
0082240.jpg,550,30,798,278,1046,247
0082241.jpg,550,31,798,279,1050,245
0082242.jpg,551,31,799,279,1052,245
0082243.jpg,551,31,799,279,839,201
0082244.jpg,551,32,799,280,783,176
0082245.jpg,551,32,799,280,745,155
0082246.jpg,551,32,799,280,706,150
0082247.jpg,551,33,799,281,693,143
0082248.jpg,551,33,799,281,682,144
0082249.jpg,551,33,799,281,680,145
0082250.jpg,551,33,799,281,679,144
0082251.jpg,551,35,799,283,679,144
0082252.jpg,551,35,799,283,678,142
0082253.jpg,551,36,799,284,678,141
0082254.jpg,551,36,799,284,676,141
0082255.jpg,551,37,799,285,677,142
0082256.jpg,551,37,799,285,676,141
0082257.jpg,550,38,798,286,676,141
0082258.jpg,550,38,798,286,677,140
0082259.jpg,548,38,796,286,676,140
0082260.jpg,547,38,795,286,678,141
0082261.jpg,547,39,795,287,678,141
0082262.jpg,547,40,795,288,676,140
0082263.jpg,545,40,793,288,676,140
0082264.jpg,544,40,792,288,677,139
0082265.jpg,544,40,792,288,678,141
0082266.jpg,544,40,792,288,677,140
0082267.jpg,545,40,793,288,676,140
0082268.jpg,545,40,793,288,676,140
0082269.jpg,546,39,794,287,676,140
0082270.jpg,547,39,795,287,677,141
0082271.jpg,547,39,795,287,677,141
0082272.jpg,547,39,795,287,676,138
0082273.jpg,547,39,795,287,676,139
0082274.jpg,547,39,795,287,675,138
0082275.jpg,547,39,795,287,676,138
0082276.jpg,547,39,795,287,675,139
0082277.jpg,547,39,795,287,677,138
0082278.jpg,547,38,795,286,676,138
0082279.jpg,547,38,795,286,677,139
0082280.jpg,547,38,795,286,679,138
0082281.jpg,547,38,795,286,678,139
0082282.jpg,545,36,797,288,678,139
0082283.jpg,547,38,795,286,679,139
0082284.jpg,547,37,795,285,679,138
0082285.jpg,547,37,795,285,680,139
0082286.jpg,546,37,794,285,680,140
0082287.jpg,545,37,793,285,680,139
0082288.jpg,545,37,793,285,681,141
0082289.jpg,545,37,793,285,680,140
0082290.jpg,545,37,793,285,680,141
0082291.jpg,544,35,796,287,680,140
0082292.jpg,544,35,796,287,681,141
0082293.jpg,544,35,796,287,680,141
0082294.jpg,544,35,796,287,681,140
0082295.jpg,544,35,796,287,680,140
0082296.jpg,544,35,796,287,681,140
0082297.jpg,544,35,796,287,682,141
0082298.jpg,544,35,796,287,681,142
0082299.jpg,544,37,792,285,681,143
0082300.jpg,544,37,792,285,681,143
0082301.jpg,544,37,792,285,681,143
0082302.jpg,544,37,792,285,681,144
0082303.jpg,545,37,793,285,647,139
0082304.jpg,545,37,793,285,595,150
0082305.jpg,545,37,793,285,365,212
0082306.jpg,546,37,794,285,371,221
0082307.jpg,547,37,795,285,370,219
0082308.jpg,547,37,795,285,369,220
0082309.jpg,548,37,796,285,369,221
0082310.jpg,548,36,796,284,371,221
0082311.jpg,548,35,796,283,370,226
0082312.jpg,548,34,796,282,365,228
0082313.jpg,548,34,796,282,360,229
0082314.jpg,546,32,794,280,356,228
0082315.jpg,546,31,794,279,355,226
0082316.jpg,545,31,793,279,355,222
0082317.jpg,545,30,793,278,356,221
0082318.jpg,546,31,790,275,358,221
0082319.jpg,545,27,789,271,358,221
0082320.jpg,544,27,788,271,359,223
0082321.jpg,543,26,787,270,360,223
0082322.jpg,543,26,787,270,360,223
0082323.jpg,542,26,786,270,361,223
0082324.jpg,541,26,785,270,361,222
0082325.jpg,541,26,785,270,360,220
0082326.jpg,541,26,785,270,359,218
0082327.jpg,541,26,785,270,360,217
0082328.jpg,541,26,785,270,359,216
0082329.jpg,541,27,785,271,361,216
0082330.jpg,541,27,785,271,360,216
0082331.jpg,541,28,785,272,360,215
0082332.jpg,541,29,785,273,361,215
0082333.jpg,541,29,785,273,363,216
0082334.jpg,539,27,787,275,365,217
0082335.jpg,539,27,787,275,366,216
0082336.jpg,539,27,787,275,367,218
0082337.jpg,539,27,787,275,369,216
0082338.jpg,539,26,787,274,368,217
0082339.jpg,541,28,785,272,367,216
0082340.jpg,541,27,785,271,367,214
0082341.jpg,541,26,785,270,367,213
0082342.jpg,540,26,784,270,366,214
0082343.jpg,540,26,784,270,366,215
0082344.jpg,540,25,784,269,368,214
0082345.jpg,542,27,782,267,367,215
0082346.jpg,542,27,782,267,368,214
0082347.jpg,542,27,782,267,368,215
0082348.jpg,543,27,783,267,368,214
0082349.jpg,546,27,786,267,366,214
0082350.jpg,548,28,788,268,367,214
0082351.jpg,548,28,788,268,367,215
0082352.jpg,547,27,791,271,368,214
0082353.jpg,549,29,793,273,367,214
0082354.jpg,551,30,795,274,368,214
0082355.jpg,553,34,797,278,367,214
0082356.jpg,555,34,799,278,367,215
0082357.jpg,555,35,799,279,367,216
0082358.jpg,555,36,799,280,369,215
0082359.jpg,556,36,800,280,368,215
0082360.jpg,556,39,800,283,368,214
0082361.jpg,557,40,801,284,367,212
0082362.jpg,558,41,802,285,365,213
0082363.jpg,557,39,805,287,365,213
0082364.jpg,555,38,807,290,364,212
0082365.jpg,558,40,812,294,365,212
0082366.jpg,558,41,812,295,366,210
0082367.jpg,559,42,813,296,561,189
0082368.jpg,560,43,814,297,651,160
0082369.jpg,560,44,814,298,675,149
0082370.jpg,560,49,814,303,671,151
0082371.jpg,560,51,814,305,670,149
0082372.jpg,560,53,814,307,671,148
0082373.jpg,560,54,814,308,671,148
0082374.jpg,559,54,813,308,671,146
0082375.jpg,559,54,813,308,670,145
0082376.jpg,558,54,812,308,670,145
0082377.jpg,558,54,812,308,669,144
0082378.jpg,557,54,811,308,668,144
0082379.jpg,557,54,811,308,667,142
0082380.jpg,559,55,811,307,665,142
0082381.jpg,559,55,811,307,665,140
0082382.jpg,559,55,811,307,665,140
0082383.jpg,559,55,811,307,663,139
0082384.jpg,558,55,810,307,663,138
0082385.jpg,557,55,809,307,662,138
0082386.jpg,557,55,809,307,661,137
0082387.jpg,557,55,809,307,660,137
0082388.jpg,557,55,809,307,661,137
0082389.jpg,557,55,809,307,661,136
0082390.jpg,556,53,810,307,661,136
0082391.jpg,556,53,810,307,660,136
0082392.jpg,556,53,810,307,661,136
0082393.jpg,556,53,810,307,661,136
0082394.jpg,556,53,810,307,659,137
0082395.jpg,556,53,810,307,660,136
0082396.jpg,557,53,811,307,660,138
0082397.jpg,558,52,812,306,660,138
0082398.jpg,558,52,812,306,659,138
0082399.jpg,558,51,812,305,659,138
0082400.jpg,558,49,812,303,661,138
0082401.jpg,559,49,813,303,662,139
0082402.jpg,559,49,813,303,661,139
0082403.jpg,559,49,813,303,661,140
0082404.jpg,559,49,813,303,660,140
0082405.jpg,559,49,813,303,659,139
0082406.jpg,559,49,813,303,660,139
0082407.jpg,559,49,813,303,660,139
0082408.jpg,560,49,814,303,659,138
0082409.jpg,560,49,814,303,660,138
0082410.jpg,561,50,815,304,660,136
0082411.jpg,561,50,815,304,659,136
0082412.jpg,561,50,815,304,660,136
0082413.jpg,560,50,814,304,658,135
0082414.jpg,560,50,814,304,694,140
0082415.jpg,560,50,814,304,705,138
0082416.jpg,560,50,814,304,702,142
0082417.jpg,559,50,813,304,768,157
0082418.jpg,559,49,813,303,770,164
0082419.jpg,560,50,812,302,771,167
0082420.jpg,559,49,813,303,771,168
0082421.jpg,559,49,813,303,771,168
0082422.jpg,559,49,813,303,771,168
0082423.jpg,559,50,813,304,772,169
0082424.jpg,559,51,813,305,771,168
0082425.jpg,560,51,814,305,773,169
0082426.jpg,560,51,814,305,773,169
0082427.jpg,560,51,814,305,773,169
0082428.jpg,560,51,814,305,774,170
0082429.jpg,560,51,814,305,728,184
0082431.jpg,560,51,814,305,711,169
0082432.jpg,560,51,814,305,708,170
0082433.jpg,561,52,813,304,708,170
0082434.jpg,561,52,813,304,709,172
0082435.jpg,561,52,813,304,711,173
0082436.jpg,560,52,812,304,713,173
0082437.jpg,560,53,812,305,714,174
0082438.jpg,560,54,812,306,717,176
0082439.jpg,560,54,812,306,716,176
0082440.jpg,558,53,812,307,717,177
0082441.jpg,557,54,811,308,718,177
0082442.jpg,555,56,809,310,717,180
0082443.jpg,554,56,808,310,719,182
0082444.jpg,554,59,808,313,718,184
0082445.jpg,555,60,807,312,717,186
0082446.jpg,554,61,806,313,716,187
0082447.jpg,554,61,806,313,714,188
0082448.jpg,554,61,806,313,714,188
0082449.jpg,554,61,806,313,711,187
0082450.jpg,554,61,806,313,712,187
0082451.jpg,554,60,808,314,709,186
0082452.jpg,554,60,808,314,708,186
0082453.jpg,554,60,808,314,708,187
0082454.jpg,554,60,808,314,708,186
0082455.jpg,554,60,808,314,708,185
0082456.jpg,554,59,808,313,708,185
0082457.jpg,554,59,808,313,708,186
0082458.jpg,554,59,808,313,706,186
0082459.jpg,554,59,808,313,706,185
0082460.jpg,555,59,809,313,705,186
0082461.jpg,555,59,809,313,706,185
0082462.jpg,556,59,810,313,705,186
0082463.jpg,556,59,810,313,734,204
0082464.jpg,558,59,812,313,728,205
0082465.jpg,558,57,812,311,724,204
0082466.jpg,558,55,812,309,726,204
0082467.jpg,558,54,812,308,726,204
0082468.jpg,558,54,812,308,726,205
0082469.jpg,558,52,812,306,725,204
0082470.jpg,558,50,812,304,723,205
0082471.jpg,558,50,812,304,723,205
0082472.jpg,558,50,812,304,721,205
0082473.jpg,558,50,812,304,696,187
0082474.jpg,558,49,812,303,699,161
0082475.jpg,559,50,811,302,697,162
0082476.jpg,559,50,811,302,697,161
0082477.jpg,559,50,811,302,698,161
0082478.jpg,558,49,812,303,696,160
0082479.jpg,558,49,812,303,695,159
0082480.jpg,559,49,813,303,693,159
0082481.jpg,558,49,812,303,695,158
0082482.jpg,558,49,812,303,693,157
0082483.jpg,558,49,812,303,695,157
0082484.jpg,558,50,812,304,694,158
0082485.jpg,557,50,811,304,696,158
0082486.jpg,557,50,811,304,695,157
0082487.jpg,556,50,810,304,697,157
0082488.jpg,556,50,810,304,697,157
0082489.jpg,555,50,809,304,699,157
0082490.jpg,555,50,809,304,699,158
0082491.jpg,555,50,809,304,699,158
0082492.jpg,555,50,809,304,699,158
0082493.jpg,555,50,809,304,697,157
0083000.jpg,911,112,1137,338,1024,201
0083001.jpg,911,112,1137,338,1038,203
0083002.jpg,911,112,1137,338,1040,203
0083003.jpg,913,114,1135,336,1038,202
0083004.jpg,914,112,1136,334,1038,202
0083005.jpg,914,110,1136,332,1037,200
0083006.jpg,914,110,1136,332,1035,200
0083007.jpg,912,102,1138,328,1034,199
0083008.jpg,913,102,1139,328,1036,197
0083009.jpg,913,99,1143,329,1036,195
0083010.jpg,920,96,1146,322,1037,191
0083011.jpg,920,96,1146,322,1035,189
0083012.jpg,938,104,1146,312,1040,187
0083013.jpg,940,103,1144,307,1052,184
0083014.jpg,940,103,1144,307,1058,189
0083015.jpg,932,103,1136,307,1059,207
0083016.jpg,922,98,1138,314,1022,184
0083017.jpg,920,97,1138,315,1029,179
0083018.jpg,920,103,1138,321,1013,202
0083020.jpg,919,119,1137,337,1020,562
0083021.jpg,918,123,1136,341,1011,599
0083022.jpg,918,133,1134,349,994,632
0083023.jpg,916,139,1132,355,989,646
0083024.jpg,918,144,1130,356,973,657
0083025.jpg,918,144,1130,356,972,655
0083026.jpg,918,144,1130,356,970,656
0083027.jpg,918,144,1130,356,994,687
0083028.jpg,917,143,1129,355,976,685
0083029.jpg,916,138,1128,350,966,671
0083030.jpg,918,139,1126,347,971,671
0083031.jpg,919,138,1127,346,963,655
0083032.jpg,920,137,1128,345,969,657
0083033.jpg,920,135,1128,343,665,671
0083034.jpg,920,134,1128,342,618,675
0083035.jpg,920,134,1128,342,620,677
0083036.jpg,920,134,1128,342,620,676
0083037.jpg,921,134,1129,342,619,676
0083038.jpg,923,136,1127,340,621,676
0083039.jpg,923,136,1127,340,621,676
0083040.jpg,923,136,1127,340,622,676
0083041.jpg,923,136,1127,340,622,676
0083042.jpg,919,131,1131,343,272,559
0083043.jpg,919,131,1131,343,272,542
0083044.jpg,917,127,1133,343,273,531
0083045.jpg,915,124,1137,346,276,527
0083046.jpg,916,124,1138,346,278,526
0083047.jpg,915,121,1141,347,277,526
0083048.jpg,923,117,1149,343,276,529
0083049.jpg,924,117,1150,343,276,532
0083050.jpg,923,115,1153,345,275,532
0083051.jpg,924,115,1154,345,276,532
0083052.jpg,925,117,1155,347,277,536
0083053.jpg,929,121,1155,347,277,543
0083054.jpg,929,122,1155,348,280,566
0083055.jpg,929,122,1155,348,279,601
0083056.jpg,929,122,1155,348,277,640
0083057.jpg,927,120,1157,350,278,672
0083058.jpg,928,121,1158,351,257,677
0083059.jpg,928,122,1158,352,273,722
0083060.jpg,930,132,1156,358,272,730
0083061.jpg,930,132,1156,358,262,726
0083062.jpg,929,132,1155,358,234,665
0083063.jpg,926,132,1152,358,233,652
0083064.jpg,924,130,1154,360,239,641
0083065.jpg,923,130,1153,360,231,637
0083066.jpg,923,130,1153,360,219,631
0083067.jpg,921,130,1151,360,207,628
0083068.jpg,918,129,1152,363,945,283
0083069.jpg,918,129,1152,363,967,277
0083070.jpg,916,129,1150,363,965,278
0083071.jpg,914,128,1150,364,965,278
0083072.jpg,911,126,1151,366,964,279
0083073.jpg,907,124,1151,368,962,278
0083074.jpg,905,124,1149,368,991,248
0083075.jpg,905,124,1149,368,997,248
0083076.jpg,905,124,1149,368,1005,257
0083077.jpg,906,126,1146,366,1026,225
0083078.jpg,907,126,1147,366,1038,226
0083079.jpg,909,129,1145,365,1038,226
0083080.jpg,913,136,1135,358,1038,225
0083081.jpg,915,138,1133,356,1038,226
0083082.jpg,915,138,1133,356,1036,226
0083083.jpg,915,138,1133,356,1036,228
0083084.jpg,913,136,1135,358,1035,227
0083085.jpg,913,136,1135,358,1033,227
0083086.jpg,900,122,1140,362,1032,227
0083087.jpg,898,122,1138,362,1032,227
0083088.jpg,894,118,1138,362,1030,228
0083089.jpg,894,118,1138,362,1028,226
0083090.jpg,894,118,1138,362,1030,225
0083091.jpg,894,118,1138,362,1031,225
0083092.jpg,894,118,1138,362,1031,226
0083093.jpg,895,119,1139,363,1033,225
0083094.jpg,895,121,1139,365,1034,223
0083095.jpg,898,121,1142,365,1033,223
0083096.jpg,899,122,1143,366,1033,223
0083097.jpg,907,124,1147,364,1080,303
0083098.jpg,914,124,1154,364,1065,288
0083099.jpg,920,123,1160,363,1073,275
0083100.jpg,925,123,1165,363,1090,295
0083101.jpg,926,123,1166,363,1096,287
0083102.jpg,934,121,1174,361,1077,274
0083103.jpg,934,121,1174,361,1091,282
0083104.jpg,935,117,1179,361,1040,277
0083105.jpg,939,116,1183,360,1025,226
0083106.jpg,939,116,1183,360,1023,225
0083107.jpg,937,114,1185,362,1021,227
0083108.jpg,938,113,1186,361,1025,231
0083109.jpg,940,115,1184,359,1025,233
0083110.jpg,938,113,1186,361,1026,234
0083111.jpg,938,113,1186,361,1024,234
0083112.jpg,938,113,1186,361,1024,277
0083113.jpg,937,113,1185,361,1023,271
0083114.jpg,937,113,1185,361,1031,273
0083115.jpg,936,113,1184,361,1033,275
0083116.jpg,936,113,1184,361,1036,274
0083117.jpg,936,113,1184,361,1038,276
0083118.jpg,936,113,1184,361,1043,275
0083119.jpg,936,114,1184,362,1045,276
0083120.jpg,937,114,1185,362,1047,276
0083121.jpg,939,115,1187,363,1051,275
0083122.jpg,942,115,1190,363,1053,273
0083123.jpg,943,112,1195,364,1055,272
0083124.jpg,944,112,1196,364,1058,271
0083125.jpg,946,112,1198,364,1061,271
0083126.jpg,945,111,1199,365,1057,219
0083127.jpg,946,111,1200,365,1065,221
0083128.jpg,947,109,1201,363,1065,223
0083129.jpg,948,109,1202,363,1066,223
0083130.jpg,946,106,1204,364,1065,222
0083131.jpg,949,106,1207,364,1149,283
0083132.jpg,950,106,1208,364,1147,225
0083133.jpg,952,106,1210,364,1146,283
0083134.jpg,952,106,1210,364,1137,286
0083135.jpg,954,106,1212,364,1135,287
0083136.jpg,956,108,1210,362,1134,287
0083137.jpg,956,108,1210,362,1134,287
0083138.jpg,956,108,1210,362,1133,287
0083139.jpg,956,109,1210,363,1134,285
0083140.jpg,954,109,1208,363,1134,286
0083141.jpg,952,109,1206,363,1133,285
0083142.jpg,950,110,1204,364,1135,286
0083143.jpg,949,112,1201,364,1136,286
0083144.jpg,948,114,1196,362,1134,287
0083145.jpg,944,114,1192,362,1065,226
0083146.jpg,942,114,1186,358,1070,231
0083147.jpg,939,114,1183,358,1070,230
0083148.jpg,935,114,1179,358,1073,231
0083149.jpg,932,113,1176,357,1074,231
0083150.jpg,931,113,1175,357,1076,231
0083151.jpg,931,113,1175,357,1076,230
0083152.jpg,930,113,1174,357,1077,231
0083153.jpg,926,114,1170,358,1078,231
0083154.jpg,926,115,1170,359,1079,231
0083155.jpg,925,115,1169,359,1080,231
0083156.jpg,924,116,1168,360,1081,231
0083157.jpg,923,118,1167,362,1081,230
0083158.jpg,923,119,1167,363,1082,231
0083159.jpg,923,119,1167,363,1081,230
0083160.jpg,923,119,1167,363,1084,230
0083161.jpg,923,119,1167,363,1086,226
0083162.jpg,923,120,1167,364,1130,227
0083163.jpg,925,120,1169,364,1128,227
0083164.jpg,925,120,1169,364,1128,227
0083165.jpg,925,121,1169,365,1128,229
0083166.jpg,925,122,1169,366,1128,229
0083167.jpg,924,122,1168,366,1126,228
0083168.jpg,924,123,1168,367,1126,228
0083169.jpg,924,124,1168,368,1121,228
0083170.jpg,924,124,1168,368,1121,227
0083171.jpg,924,125,1168,369,1118,225
0083172.jpg,924,126,1168,370,1114,224
0083173.jpg,924,126,1168,370,1112,223
0083174.jpg,924,127,1168,371,1108,222
0083175.jpg,923,130,1167,374,1104,221
0083176.jpg,923,130,1167,374,1104,221
0083177.jpg,923,130,1167,374,1101,220
0083178.jpg,921,136,1157,372,1100,219
0083179.jpg,919,138,1153,372,1099,218
0083180.jpg,916,139,1150,373,1098,217
0083181.jpg,915,147,1141,373,1098,219
0083182.jpg,916,149,1138,371,1096,220
0083183.jpg,918,151,1136,369,1094,219
0083184.jpg,917,151,1135,369,1093,221
0083185.jpg,915,151,1133,369,1092,222
0083186.jpg,911,149,1133,371,1089,228
0083187.jpg,909,149,1131,371,1054,224
0083188.jpg,909,149,1131,371,1056,232
0083189.jpg,908,150,1130,372,1055,234
0083190.jpg,907,150,1129,372,1055,234
0083191.jpg,907,150,1129,372,1054,235
0083192.jpg,905,149,1131,375,1053,237
0083193.jpg,905,149,1131,375,1053,237
0083194.jpg,905,149,1131,375,1052,236
0083195.jpg,905,150,1131,376,1005,293
0083196.jpg,905,150,1131,376,1016,294
0083197.jpg,905,150,1131,376,1018,295
0083198.jpg,906,149,1132,375,1017,295
0083199.jpg,909,149,1135,375,1017,297
0083200.jpg,912,145,1142,375,1018,297
0083201.jpg,922,137,1156,371,1017,296
0083202.jpg,922,130,1166,374,1017,298
0083203.jpg,923,129,1167,373,1018,298
0083204.jpg,928,129,1172,373,1018,298
0083205.jpg,932,128,1172,368,1019,298
0083206.jpg,934,127,1174,367,1018,298
0083207.jpg,937,124,1177,364,1019,298
0083208.jpg,938,118,1182,362,1019,299
0083209.jpg,943,113,1191,361,1018,299
0083210.jpg,945,112,1193,360,809,588
0083211.jpg,946,111,1194,359,744,621
0083212.jpg,946,111,1194,359,690,550
0083213.jpg,946,110,1194,358,675,447
0083214.jpg,946,104,1194,352,643,409
0083215.jpg,947,104,1195,352,621,404
0083216.jpg,947,104,1195,352,628,405
0083217.jpg,948,104,1196,352,628,405
0083218.jpg,949,104,1197,352,628,404
0083219.jpg,948,107,1200,359,629,406
0083220.jpg,948,107,1200,359,387,220
0083221.jpg,948,107,1200,359,385,225
0083222.jpg,947,107,1199,359,386,224
0083223.jpg,947,107,1199,359,388,227
0083224.jpg,947,107,1199,359,390,224
0083225.jpg,947,107,1199,359,391,223
0083226.jpg,947,107,1199,359,392,226
0083227.jpg,947,108,1199,360,392,226
0083228.jpg,946,108,1198,360,392,229
0083229.jpg,946,108,1198,360,393,230
0083230.jpg,946,108,1198,360,394,227
0083231.jpg,946,108,1198,360,396,226
0083232.jpg,943,107,1197,361,398,224
0083233.jpg,943,108,1197,362,401,223
0083234.jpg,942,108,1196,362,403,221
0083235.jpg,942,108,1196,362,407,222
0083236.jpg,941,108,1195,362,410,223
0083237.jpg,942,110,1194,362,428,225
0083238.jpg,942,110,1194,362,992,267
0083239.jpg,943,111,1195,363,1025,243
0083240.jpg,943,112,1195,364,1040,247
0083241.jpg,943,113,1195,365,1046,246
0083242.jpg,942,112,1196,366,1051,244
0083243.jpg,942,112,1196,366,1055,244
0083244.jpg,942,112,1196,366,1056,245
0083245.jpg,943,112,1197,366,1053,252
0083246.jpg,943,112,1197,366,1054,251
0083247.jpg,944,112,1198,366,1056,248
0083248.jpg,944,112,1198,366,1059,246
0083249.jpg,944,113,1198,367,1061,246
0083250.jpg,946,113,1200,367,1064,246
0083251.jpg,945,111,1203,369,1066,247
0083252.jpg,945,111,1203,369,1068,247
0083253.jpg,945,111,1203,369,1068,244
0083254.jpg,947,111,1205,369,1077,215
0083255.jpg,947,111,1205,369,1077,212
0083256.jpg,949,114,1203,368,1075,210
0083257.jpg,951,115,1203,367,1075,208
0083258.jpg,951,115,1203,367,1075,207
0083259.jpg,951,115,1203,367,1076,210
0083260.jpg,951,116,1203,368,1077,213
0083261.jpg,952,116,1204,368,1079,216
0083262.jpg,952,116,1204,368,1079,217
0083263.jpg,952,116,1204,368,1079,219
0083264.jpg,951,115,1205,369,1079,218
0083265.jpg,950,115,1204,369,1077,215
0083266.jpg,950,114,1204,368,1076,215
0083267.jpg,950,114,1204,368,1077,214
0083268.jpg,950,114,1204,368,1077,214
0083269.jpg,949,114,1203,368,1077,218
0083270.jpg,948,114,1202,368,1076,218
0083271.jpg,948,115,1200,367,1077,220
0083272.jpg,948,116,1200,368,1077,221
0083273.jpg,947,118,1199,370,1075,220
0083274.jpg,948,126,1192,370,1076,221
0083275.jpg,944,126,1188,370,1076,220
0083276.jpg,941,126,1185,370,1075,220
0083277.jpg,941,127,1185,371,1076,221
0083278.jpg,939,127,1183,371,1076,221
0083279.jpg,937,127,1181,371,1075,224
0083280.jpg,937,127,1181,371,1074,223
0083281.jpg,937,128,1181,372,1075,223
0083282.jpg,938,128,1182,372,1075,224
0083283.jpg,938,128,1182,372,1075,224
0083284.jpg,938,128,1182,372,1074,223
0083285.jpg,938,128,1182,372,1075,225
0083286.jpg,938,128,1182,372,1074,224
0083287.jpg,939,128,1183,372,1075,225
0083288.jpg,939,128,1183,372,1073,227
0083289.jpg,942,130,1182,370,1073,226
0083290.jpg,942,130,1182,370,1074,227
0083291.jpg,940,128,1184,372,1074,227
0083292.jpg,940,128,1184,372,1076,228
0083293.jpg,940,128,1184,372,1076,227
0083294.jpg,940,128,1184,372,1075,227
0083295.jpg,940,128,1184,372,1076,228
0083296.jpg,940,127,1184,371,1078,223
0083297.jpg,939,127,1183,371,1116,235
0083298.jpg,936,125,1180,369,1109,237
0083299.jpg,936,129,1172,365,1109,237
0083300.jpg,934,129,1170,365,1109,238
0083301.jpg,932,129,1168,365,1109,238
0083302.jpg,931,129,1167,365,1110,237
0083303.jpg,931,129,1167,365,1110,237
0083304.jpg,925,130,1159,364,1111,238
0083305.jpg,921,131,1155,365,1196,323
0083306.jpg,918,131,1152,365,1195,323
0083307.jpg,918,133,1148,363,1195,323
0083308.jpg,912,143,1138,369,1194,323
0083309.jpg,910,143,1136,369,1194,323
0083310.jpg,910,144,1136,370,1196,323
0083311.jpg,910,144,1136,370,1197,323
0083312.jpg,910,144,1136,370,1195,321
0083313.jpg,912,146,1134,368,1198,322
0083314.jpg,913,146,1135,368,1197,322
0083315.jpg,915,148,1133,366,1199,322
0083316.jpg,916,148,1134,366,1209,346
0083317.jpg,917,148,1135,366,1152,320
0083318.jpg,916,146,1138,368,1084,238
0083319.jpg,916,138,1152,374,1083,241
0083320.jpg,917,136,1153,372,1081,242
0083321.jpg,919,136,1155,372,1082,242
0083322.jpg,923,134,1159,370,1080,243
0083323.jpg,925,132,1165,372,1079,244
0083324.jpg,927,132,1167,372,1077,246
0083325.jpg,927,132,1167,372,1075,247
0083326.jpg,927,132,1167,372,1075,249
0083327.jpg,927,133,1167,373,1072,252
0083328.jpg,927,133,1167,373,1071,251
0083329.jpg,927,133,1167,373,1070,251
0083330.jpg,928,133,1168,373,1070,252
0083331.jpg,928,133,1168,373,1068,253
0083332.jpg,928,133,1168,373,1065,257
0083333.jpg,929,133,1169,373,1063,258
0083334.jpg,930,133,1170,373,1063,257
0083335.jpg,931,133,1171,373,1065,258
0083336.jpg,932,133,1172,373,1064,259
0083337.jpg,934,133,1174,373,1061,237
0083338.jpg,932,132,1176,376,1067,239
0083339.jpg,934,130,1182,378,1068,240
0083340.jpg,935,130,1183,378,1067,241
0083341.jpg,936,129,1184,377,1066,243
0083342.jpg,936,128,1184,376,1068,243
0083343.jpg,937,128,1185,376,1067,244
0083344.jpg,938,128,1186,376,1067,244
0083345.jpg,938,128,1186,376,1067,243
0083346.jpg,940,130,1184,374,1069,243
0083347.jpg,940,130,1184,374,1067,244
0083348.jpg,939,130,1183,374,1067,243
0083349.jpg,936,129,1180,373,1069,243
0083350.jpg,935,129,1179,373,1068,241
0083351.jpg,942,136,1172,366,1068,243
0083352.jpg,941,135,1171,365,1068,242
0083353.jpg,937,136,1173,372,1067,242
0083354.jpg,937,135,1173,371,1028,241
0083355.jpg,938,130,1172,364,998,258
0083356.jpg,937,129,1173,365,393,214
0083357.jpg,937,129,1173,365,390,218
0083358.jpg,938,135,1172,369,391,218
0083359.jpg,940,137,1170,367,390,219
0083360.jpg,942,139,1168,365,389,223
0083361.jpg,944,141,1166,363,389,225
0083362.jpg,944,141,1166,363,387,221
0083363.jpg,944,141,1166,363,386,219
0083364.jpg,944,141,1166,363,387,219
0083365.jpg,944,141,1166,363,387,215
0083366.jpg,944,140,1166,362,388,212
0083367.jpg,942,137,1168,363,390,209
0083368.jpg,941,136,1167,362,392,208
0083369.jpg,934,125,1174,365,393,208
0083370.jpg,932,125,1172,365,395,209
0083371.jpg,932,123,1172,363,396,209
0083372.jpg,930,123,1170,363,397,210
0083373.jpg,930,123,1170,363,399,215
0083374.jpg,929,123,1169,363,400,218
0083375.jpg,929,123,1169,363,400,219
0083376.jpg,938,136,1164,362,402,220
0083377.jpg,940,136,1166,362,402,220
0083378.jpg,941,136,1167,362,404,217
0083379.jpg,942,133,1168,359,405,215
0083380.jpg,938,131,1174,367,429,231
0083381.jpg,938,131,1174,367,901,298
0083382.jpg,938,128,1174,364,1012,295
0083383.jpg,937,127,1173,363,1029,282
0083384.jpg,936,128,1172,364,1041,283
0083385.jpg,928,131,1164,367,1044,285
0083386.jpg,925,133,1165,373,1047,285
0083387.jpg,921,133,1161,373,1050,284
0083388.jpg,920,135,1156,371,1051,285
0083389.jpg,916,137,1152,373,1076,272
0083390.jpg,913,140,1143,370,1069,274
0083391.jpg,910,142,1140,372,1071,273
0083392.jpg,910,142,1140,372,1071,272
0083393.jpg,908,140,1142,374,1072,273
0083394.jpg,907,139,1141,373,1072,273
0083395.jpg,900,137,1136,373,1050,243
0083396.jpg,898,137,1134,373,1056,245
0083397.jpg,898,137,1134,373,1058,244
0083398.jpg,898,137,1134,373,1059,244
0083399.jpg,898,137,1134,373,1058,244
0083400.jpg,897,137,1133,373,1058,244
0083401.jpg,896,138,1132,374,1060,245
0083402.jpg,895,138,1131,374,1059,244
0083403.jpg,894,138,1130,374,1061,245
0083404.jpg,893,139,1129,375,1060,245
0083405.jpg,892,140,1128,376,1060,246
0083406.jpg,892,141,1128,377,1060,246
0083407.jpg,892,142,1128,378,1063,245
0083408.jpg,892,142,1128,378,1064,245
0083409.jpg,893,142,1129,378,1064,246
0083410.jpg,895,145,1129,379,1064,247
0083411.jpg,898,148,1128,378,1064,245
0083412.jpg,898,148,1128,378,1064,246
0083413.jpg,900,155,1126,381,1064,246
0083414.jpg,900,157,1126,383,1065,246
0083415.jpg,899,158,1125,384,1064,246
0083416.jpg,899,159,1125,385,1065,245
0083417.jpg,897,158,1127,388,988,350
0083418.jpg,897,159,1127,389,987,351
0083419.jpg,896,160,1126,390,987,349
0083420.jpg,896,163,1126,393,989,349
0083421.jpg,896,165,1126,395,989,348
0083422.jpg,894,164,1128,398,986,349
0083423.jpg,894,164,1128,398,983,349
0083424.jpg,892,165,1126,399,984,349
0083425.jpg,891,165,1125,399,985,347
0083426.jpg,890,165,1124,399,981,347
0083427.jpg,890,165,1124,399,982,347
0083428.jpg,890,165,1124,399,983,345
0083429.jpg,889,165,1123,399,1080,334
0083430.jpg,891,167,1121,397,1127,315
0083431.jpg,891,167,1121,397,1124,316
0083432.jpg,891,167,1121,397,1124,317
0083433.jpg,890,167,1120,397,1122,317
0083434.jpg,890,167,1120,397,1123,319
0083435.jpg,887,164,1117,394,1122,319
0083436.jpg,887,163,1117,393,1121,318
0083437.jpg,887,163,1117,393,1119,319
0083438.jpg,887,163,1117,393,1118,318
0083439.jpg,887,163,1117,393,1115,316
0083440.jpg,887,164,1117,394,1115,315
0083441.jpg,887,165,1117,395,1112,313
0083442.jpg,887,166,1117,396,1111,315
0083443.jpg,884,165,1120,401,1111,312
0083444.jpg,884,166,1120,402,1068,283
0083445.jpg,881,166,1117,402,1060,283
0083446.jpg,881,171,1115,405,1060,284
0083447.jpg,881,178,1111,408,1059,284
0083448.jpg,883,180,1109,406,1058,283
0083449.jpg,883,181,1109,407,1059,283
0083450.jpg,884,181,1110,407,1058,284
0083451.jpg,884,181,1110,407,1060,283
0083452.jpg,884,181,1110,407,1062,284
0083453.jpg,884,181,1110,407,1064,283
0083454.jpg,883,181,1109,407,1067,283
0083455.jpg,883,194,1095,406,1067,283
0083456.jpg,883,194,1095,406,1067,283
0083457.jpg,881,194,1093,406,1068,285
0083458.jpg,876,192,1092,408,1063,285
0083459.jpg,872,191,1090,409,1061,285
0083460.jpg,872,191,1090,409,1060,286
0083461.jpg,872,191,1090,409,1058,287
0083462.jpg,873,190,1091,408,1054,287
0083463.jpg,881,193,1089,401,1050,288
0083464.jpg,883,190,1091,398,1046,292
0083465.jpg,887,189,1095,397,1044,292
0083466.jpg,886,183,1102,399,1042,294
0083467.jpg,889,181,1107,399,1040,294
0083468.jpg,891,178,1113,400,1038,295
0083469.jpg,893,177,1115,399,1036,293
0083470.jpg,895,177,1117,399,1035,293
0083471.jpg,895,177,1117,399,1003,284
0083472.jpg,893,175,1119,401,1009,285
0083473.jpg,894,174,1120,400,1010,285
0083474.jpg,895,169,1125,399,1010,286
0083475.jpg,901,169,1131,399,1010,284
0083476.jpg,904,169,1134,399,1009,285
0083477.jpg,904,167,1138,401,1010,284
0083478.jpg,909,169,1139,399,1010,284
0083479.jpg,912,172,1142,402,1010,286
0083480.jpg,907,167,1147,407,1007,287
0083481.jpg,908,167,1148,407,935,264
0083482.jpg,915,170,1149,404,364,232
0083483.jpg,916,164,1150,398,357,241
0083484.jpg,917,159,1151,393,354,244
0083485.jpg,920,155,1154,389,349,246
0083486.jpg,921,155,1155,389,344,250
0083487.jpg,921,155,1155,389,340,249
0083488.jpg,921,154,1155,388,339,252
0083489.jpg,921,155,1155,389,341,259
0083490.jpg,920,155,1154,389,343,263
0083491.jpg,921,157,1151,387,345,269
0083492.jpg,917,160,1143,386,346,275
0083493.jpg,916,161,1142,387,350,280
