0111000.jpg,534,169,728,363,375,504
0111001.jpg,535,169,729,363,373,507
0111002.jpg,536,169,730,363,372,508
0111003.jpg,534,168,732,366,372,507
0111004.jpg,534,168,734,368,371,509
0111005.jpg,534,170,734,370,371,509
0111006.jpg,534,172,734,372,370,509
0111007.jpg,532,171,736,375,370,509
0111008.jpg,533,172,737,376,368,510
0111009.jpg,533,172,737,376,367,510
0111010.jpg,533,173,737,377,367,510
0111011.jpg,535,175,735,375,366,509
0111012.jpg,536,177,734,375,362,510
0111013.jpg,535,178,733,376,360,512
0111014.jpg,534,180,732,378,358,511
0111015.jpg,533,182,731,380,857,270
0111016.jpg,538,192,724,378,868,275
0111017.jpg,537,197,723,383,868,274
0111018.jpg,537,200,723,386,869,274
0111019.jpg,537,202,723,388,869,273
0111020.jpg,536,202,722,388,871,274
0111021.jpg,536,202,722,388,872,273
0111022.jpg,536,202,722,388,871,274
0111023.jpg,536,202,722,388,872,273
0111024.jpg,536,202,722,388,873,275
0111025.jpg,539,204,721,386,874,273
0111026.jpg,540,204,720,384,874,275
0111027.jpg,540,203,720,383,874,274
0111028.jpg,540,203,720,383,875,274
0111029.jpg,540,201,720,381,874,276
0111030.jpg,540,201,720,381,875,275
0111031.jpg,540,201,720,381,876,275
0111032.jpg,540,201,720,381,877,275
0111033.jpg,540,201,720,381,876,276
0111034.jpg,540,201,720,381,878,277
0111035.jpg,540,202,720,382,878,275
0111036.jpg,541,203,721,383,879,276
0111037.jpg,541,203,721,383,880,275
0111038.jpg,541,203,721,383,879,276
0111039.jpg,541,203,721,383,831,337
0111040.jpg,541,203,721,383,806,390
0111041.jpg,539,203,721,385,757,509
0111042.jpg,539,203,721,385,609,524
0111043.jpg,539,203,721,385,620,524
0111044.jpg,539,203,721,385,621,524
0111045.jpg,539,202,721,384,623,524
0111046.jpg,539,202,721,384,624,525
0111047.jpg,541,203,721,383,625,525
0111048.jpg,541,203,721,383,625,524
0111049.jpg,541,204,721,384,627,525
0111050.jpg,536,200,726,390,629,525
0111051.jpg,536,200,726,390,630,524
0111052.jpg,536,200,726,390,630,524
0111053.jpg,539,202,725,388,631,524
0111054.jpg,541,203,723,385,631,526
0111055.jpg,541,203,723,385,633,525
0111056.jpg,540,200,722,382,633,526
0111057.jpg,537,195,723,381,635,525
0111058.jpg,537,192,723,378,635,525
0111059.jpg,537,189,723,375,636,525
0111060.jpg,537,186,723,372,638,526
0111061.jpg,537,184,723,370,637,526
0111062.jpg,537,184,723,370,638,525
0111063.jpg,537,184,723,370,640,525
0111064.jpg,537,184,723,370,642,525
0111065.jpg,535,182,725,372,643,525
0111066.jpg,535,183,725,373,644,525
0111067.jpg,535,183,725,373,642,525
0111068.jpg,536,183,726,373,644,526
0111069.jpg,536,183,726,373,645,527
0111070.jpg,537,183,727,373,646,527
0111071.jpg,538,181,728,371,647,527
0111072.jpg,540,183,726,369,885,278
0111073.jpg,540,183,726,369,900,280
0111074.jpg,541,183,727,369,903,279
0111075.jpg,541,183,727,369,902,280
0111076.jpg,541,184,727,370,904,280
0111077.jpg,541,184,727,370,905,279
0111078.jpg,541,184,727,370,904,278
0111079.jpg,541,184,727,370,906,278
0111080.jpg,540,184,726,370,906,279
0111081.jpg,540,185,726,371,906,278
0111082.jpg,539,183,729,373,906,278
0111083.jpg,539,183,729,373,906,279
0111084.jpg,539,183,729,373,906,280
0111085.jpg,541,185,727,371,907,279
0111086.jpg,541,185,727,371,907,279
0111087.jpg,542,185,728,371,907,281
0111088.jpg,542,185,728,371,907,281
0111089.jpg,542,185,728,371,908,280
0111090.jpg,542,185,728,371,909,281
0111091.jpg,542,186,728,372,908,280
0111092.jpg,542,186,728,372,909,279
0111093.jpg,542,187,728,373,909,279
0111094.jpg,542,187,728,373,910,279
0111095.jpg,544,189,726,371,910,280
0111096.jpg,543,191,725,373,911,280
0111097.jpg,541,189,727,375,913,280
0111098.jpg,541,189,727,375,914,281
0111099.jpg,541,189,727,375,915,280
0111100.jpg,541,190,727,376,915,279
0111101.jpg,541,190,727,376,916,278
0111102.jpg,542,190,728,376,919,278
0111103.jpg,542,191,728,377,919,278
0111104.jpg,547,191,733,377,921,276
0111105.jpg,547,191,733,377,922,276
0111106.jpg,545,189,735,379,924,275
0111107.jpg,546,189,736,379,924,276
0111108.jpg,548,189,738,379,926,278
0111109.jpg,549,189,739,379,927,278
0111110.jpg,549,189,739,379,926,279
0111111.jpg,549,189,739,379,928,282
0111112.jpg,548,187,742,381,926,282
0111113.jpg,548,187,742,381,927,284
0111114.jpg,549,187,743,381,928,284
0111115.jpg,550,187,744,381,929,284
0111116.jpg,551,187,745,381,929,283
0111117.jpg,551,187,745,381,930,281
0111118.jpg,553,187,747,381,932,279
0111119.jpg,553,186,747,380,936,279
0111120.jpg,554,186,748,380,939,278
0111121.jpg,555,185,749,379,831,370
0111122.jpg,555,185,749,379,631,508
0111123.jpg,555,185,749,379,443,520
0111124.jpg,558,187,748,377,444,522
0111125.jpg,559,187,749,377,443,524
0111126.jpg,559,187,749,377,444,525
0111127.jpg,560,188,750,378,443,523
0111128.jpg,560,188,750,378,445,524
0111129.jpg,560,189,750,379,444,525
0111130.jpg,561,191,747,377,444,524
0111131.jpg,560,191,746,377,444,524
0111132.jpg,558,193,744,379,445,523
0111133.jpg,557,193,743,379,444,523
0111134.jpg,557,193,743,379,445,523
0111135.jpg,554,191,744,381,443,524
0111136.jpg,552,190,746,384,443,523
0111137.jpg,552,190,746,384,444,525
0111138.jpg,552,190,746,384,445,524
0111139.jpg,554,192,744,382,444,525
0111140.jpg,553,192,743,382,444,524
0111141.jpg,553,192,743,382,445,524
0111142.jpg,553,192,743,382,446,525
0111143.jpg,552,193,742,383,445,524
0111144.jpg,552,193,742,383,444,525
0111145.jpg,551,194,741,384,445,525
0111146.jpg,553,196,739,382,445,524
0111147.jpg,553,196,739,382,445,525
0111148.jpg,552,197,738,383,444,525
0111149.jpg,550,195,740,385,445,524
0111150.jpg,550,195,740,385,443,524
0111151.jpg,546,193,740,387,442,523
0111152.jpg,545,193,739,387,443,524
0111153.jpg,545,193,739,387,443,523
0111154.jpg,547,195,737,385,442,523
0111155.jpg,548,195,738,385,443,523
0111156.jpg,550,197,736,383,442,522
0111157.jpg,554,199,736,381,442,523
0111158.jpg,554,199,736,381,443,524
0111159.jpg,554,199,736,381,442,525
0111160.jpg,555,199,737,381,442,525
0111161.jpg,554,197,740,383,442,525
0111162.jpg,554,197,740,383,443,525
0111163.jpg,555,197,741,383,445,526
0111164.jpg,555,197,741,383,446,525
0111165.jpg,553,195,743,385,448,526
0111166.jpg,554,194,744,384,448,526
0111167.jpg,554,194,744,384,448,526
0111168.jpg,552,192,746,386,450,526
0111169.jpg,552,192,746,386,449,526
0111170.jpg,552,192,746,386,450,526
0111171.jpg,554,194,744,384,450,526
0111172.jpg,555,194,745,384,452,526
0111173.jpg,555,194,745,384,451,525
0111174.jpg,555,194,745,384,453,526
0111175.jpg,556,194,746,384,454,526
0111176.jpg,557,194,747,384,453,525
0111177.jpg,558,194,748,384,454,526
0111178.jpg,558,194,748,384,454,526
0111179.jpg,560,196,746,382,454,525
0111180.jpg,561,195,747,381,455,525
0111181.jpg,561,195,747,381,455,526
0111182.jpg,561,195,747,381,454,525
0111183.jpg,561,195,747,381,454,527
0111184.jpg,561,195,747,381,455,526
0111185.jpg,561,196,747,382,455,527
0111186.jpg,561,196,747,382,453,526
0111187.jpg,561,196,747,382,454,527
0111188.jpg,559,196,745,382,454,526
0111189.jpg,559,196,745,382,454,526
0111190.jpg,557,194,747,384,452,526
0111191.jpg,557,194,747,384,454,525
0111192.jpg,558,194,748,384,453,526
0111193.jpg,558,194,748,384,453,526
0111194.jpg,558,194,748,384,454,526
0111195.jpg,560,196,746,382,453,527
0111196.jpg,560,196,746,382,453,527
0111197.jpg,560,196,746,382,454,527
0111198.jpg,560,196,746,382,454,526
0111199.jpg,560,196,746,382,456,526
0111200.jpg,560,195,746,381,457,526
0111201.jpg,560,195,746,381,457,527
0111202.jpg,562,196,744,378,457,527
0111203.jpg,562,196,744,378,457,526
0111204.jpg,562,196,744,378,458,526
0111205.jpg,561,196,743,378,457,526
0111206.jpg,561,196,743,378,458,525
0111207.jpg,560,194,746,380,458,525
0111208.jpg,560,194,746,380,457,524
0111209.jpg,560,194,746,380,457,525
0111210.jpg,562,196,744,378,456,525
0111211.jpg,562,196,744,378,457,524
0111212.jpg,562,196,744,378,457,525
0111213.jpg,562,196,744,378,457,523
0111214.jpg,562,196,744,378,456,523
0111215.jpg,562,196,744,378,457,525
0111216.jpg,559,195,745,381,456,526
0111217.jpg,559,195,745,381,456,526
0111218.jpg,559,195,745,381,456,526
0111219.jpg,560,195,746,381,455,526
0111220.jpg,558,194,748,384,456,527
0111221.jpg,559,194,749,384,456,526
0111222.jpg,559,194,749,384,457,528
0111223.jpg,559,194,749,384,456,526
0111224.jpg,560,194,750,384,457,526
0111225.jpg,560,194,750,384,458,527
0111226.jpg,561,194,751,384,460,526
0111227.jpg,561,194,751,384,461,527
0111228.jpg,561,194,751,384,460,526
0111229.jpg,562,193,752,383,462,526
0111230.jpg,564,195,750,381,461,526
0111231.jpg,564,195,750,381,463,526
0111232.jpg,564,195,750,381,462,525
0111233.jpg,564,195,750,381,464,525
0111234.jpg,564,195,750,381,464,525
0111235.jpg,564,196,750,382,464,524
0111236.jpg,565,196,751,382,465,525
0111237.jpg,565,196,751,382,465,526
0111238.jpg,565,196,751,382,465,526
0111239.jpg,563,194,753,384,466,526
0111240.jpg,563,194,753,384,465,527
0111241.jpg,563,194,753,384,464,526
0111242.jpg,562,194,752,384,464,526
0111243.jpg,562,193,752,383,464,525
0111244.jpg,562,193,752,383,463,526
0111245.jpg,562,193,752,383,463,527
0111246.jpg,562,193,752,383,463,526
0111247.jpg,562,193,752,383,462,527
0111248.jpg,562,193,752,383,462,527
0111249.jpg,562,193,752,383,462,528
0111250.jpg,562,193,752,383,462,528
0111251.jpg,562,193,752,383,462,528
0111252.jpg,562,193,752,383,461,527
0111253.jpg,562,193,752,383,461,527
0111254.jpg,562,193,752,383,460,527
0111255.jpg,562,193,752,383,460,527
0111256.jpg,561,193,751,383,460,527
0111257.jpg,561,194,751,384,460,528
0111258.jpg,557,192,751,386,459,527
0111259.jpg,557,193,751,387,459,527
0111260.jpg,557,193,751,387,458,528
0111261.jpg,556,193,750,387,457,527
0111262.jpg,556,193,750,387,456,528
0111263.jpg,556,193,750,387,455,527
0111264.jpg,556,193,750,387,456,529
0111265.jpg,556,193,750,387,455,528
0111266.jpg,556,193,750,387,455,527
0111267.jpg,556,193,750,387,456,528
0111268.jpg,556,193,750,387,455,527
0111269.jpg,555,193,749,387,455,526
0111270.jpg,555,193,749,387,456,523
0111271.jpg,555,193,749,387,920,280
0111272.jpg,555,193,749,387,941,282
0111273.jpg,555,193,749,387,944,281
0111274.jpg,555,193,749,387,946,282
0111275.jpg,556,193,750,387,946,281
0111276.jpg,556,194,750,388,947,281
0111277.jpg,556,194,750,388,948,280
0111278.jpg,556,194,750,388,949,281
0111279.jpg,556,194,750,388,951,280
0111280.jpg,558,196,748,386,951,280
0111281.jpg,558,196,748,386,952,278
0111282.jpg,558,196,748,386,953,278
0111283.jpg,558,196,748,386,953,279
0111284.jpg,559,196,749,386,953,278
0111285.jpg,558,194,752,388,954,280
0111286.jpg,558,194,752,388,957,280
0111287.jpg,558,194,752,388,957,280
0111288.jpg,559,195,753,389,957,278
0111289.jpg,559,195,753,389,959,279
0111290.jpg,560,195,754,389,959,278
0111291.jpg,560,195,754,389,960,278
0111292.jpg,560,195,754,389,960,277
0111293.jpg,560,195,754,389,962,279
0111294.jpg,561,194,755,388,962,279
0111295.jpg,561,193,755,387,964,281
0111296.jpg,561,193,755,387,964,280
0111297.jpg,560,192,754,386,965,279
0111298.jpg,562,194,752,384,965,277
0111299.jpg,561,194,751,384,967,276
0111300.jpg,560,194,750,384,967,275
0111301.jpg,557,191,751,385,967,274
0111302.jpg,557,191,751,385,969,273
0111303.jpg,557,191,751,385,969,272
0111304.jpg,557,191,751,385,971,273
0111305.jpg,557,191,751,385,972,270
0111306.jpg,557,191,751,385,972,270
0111307.jpg,556,191,750,385,972,269
0111308.jpg,556,191,750,385,973,270
0111309.jpg,556,191,750,385,974,268
0111310.jpg,557,191,751,385,974,268
0111311.jpg,558,191,752,385,975,266
0111312.jpg,559,190,753,384,978,268
0111313.jpg,559,188,753,382,979,268
0111314.jpg,559,188,753,382,978,267
0111315.jpg,557,187,751,381,979,267
0111316.jpg,557,187,751,381,981,267
0111317.jpg,556,186,750,380,981,268
0111318.jpg,555,185,749,379,981,268
0111319.jpg,555,185,749,379,980,266
0111320.jpg,555,183,749,377,981,265
0111321.jpg,555,182,749,376,981,264
0111322.jpg,555,180,749,374,983,262
0111323.jpg,555,180,749,374,983,262
0111324.jpg,555,179,749,373,983,262
0111325.jpg,555,178,749,372,984,262
0111326.jpg,554,177,748,371,984,262
0111327.jpg,553,175,747,369,984,261
0111328.jpg,553,175,747,369,983,260
0111329.jpg,550,172,748,370,984,260
0111330.jpg,550,172,748,370,985,260
0111331.jpg,550,172,748,370,985,260
0111332.jpg,550,171,748,369,984,258
0111333.jpg,551,173,745,367,983,257
0111334.jpg,550,172,744,366,982,257
0111335.jpg,549,172,743,366,982,256
0111336.jpg,546,172,740,366,981,254
0111337.jpg,546,172,740,366,979,252
0111338.jpg,539,172,733,366,979,252
0111339.jpg,539,172,733,366,979,253
0111340.jpg,538,172,732,366,979,253
0111341.jpg,538,172,732,366,979,253
0111342.jpg,538,172,732,366,977,251
0111343.jpg,538,171,732,365,978,253
0111344.jpg,538,171,732,365,977,254
0111345.jpg,538,171,732,365,976,253
0111346.jpg,538,169,732,363,977,254
0111347.jpg,537,169,731,363,975,254
0111348.jpg,537,168,731,362,976,254
0111349.jpg,536,167,730,361,975,254
0111350.jpg,536,167,730,361,975,252
0111351.jpg,536,167,730,361,974,253
0111352.jpg,536,167,730,361,975,253
0111353.jpg,536,167,730,361,974,253
0111354.jpg,536,166,730,360,976,253
0111355.jpg,536,165,730,359,977,254
0111356.jpg,536,165,730,359,977,252
0111357.jpg,536,165,730,359,976,252
0111358.jpg,536,165,730,359,976,253
0111359.jpg,536,165,730,359,978,253
0111360.jpg,534,163,732,361,976,254
0111361.jpg,532,162,732,362,977,255
0111362.jpg,532,162,732,362,977,254
0111363.jpg,532,162,732,362,978,256
0111364.jpg,532,162,732,362,979,257
0111365.jpg,532,162,732,362,980,258
0111366.jpg,532,162,732,362,979,258
0111367.jpg,532,162,732,362,980,257
0111368.jpg,533,163,731,361,980,257
0111369.jpg,533,163,731,361,980,258
0111370.jpg,533,163,731,361,980,257
0111371.jpg,533,163,731,361,981,257
0111372.jpg,533,164,731,362,980,257
0111373.jpg,533,164,731,362,981,256
0111374.jpg,533,164,731,362,981,256
0111375.jpg,533,164,731,362,982,254
0111376.jpg,533,164,731,362,983,255
0111377.jpg,533,164,731,362,982,254
0111378.jpg,533,164,731,362,983,253
0111379.jpg,533,164,731,362,984,254
0111380.jpg,534,164,732,362,985,254
0111381.jpg,534,164,732,362,984,255
0111382.jpg,534,164,732,362,984,255
0111383.jpg,534,165,732,363,985,257
0111384.jpg,534,165,732,363,986,257
0111385.jpg,534,165,732,363,986,258
0111386.jpg,534,165,732,363,985,254
0111387.jpg,534,165,732,363,986,253
0111388.jpg,534,165,732,363,984,253
0111389.jpg,534,165,732,363,984,252
0111390.jpg,534,165,732,363,986,251
0111391.jpg,534,165,732,363,986,251
0111392.jpg,533,164,733,364,986,250
0111393.jpg,533,164,733,364,985,249
0111394.jpg,533,164,733,364,986,249
0111395.jpg,533,164,733,364,987,250
0111396.jpg,533,163,733,363,987,248
0111397.jpg,533,163,733,363,987,249
0111398.jpg,533,163,733,363,986,250
0111399.jpg,533,163,733,363,985,251
0111400.jpg,533,163,733,363,985,251
0111401.jpg,533,163,733,363,984,252
0111402.jpg,534,163,734,363,985,254
0111403.jpg,534,163,734,363,985,255
0111404.jpg,535,163,735,363,984,257
0111405.jpg,535,164,735,364,984,258
0111406.jpg,536,165,734,363,984,257
0111407.jpg,536,165,734,363,986,258
0111408.jpg,537,165,735,363,987,257
0111409.jpg,538,165,736,363,990,256
0111410.jpg,538,165,736,363,993,255
0111411.jpg,538,165,736,363,994,255
0111412.jpg,538,165,736,363,996,254
0111413.jpg,542,165,740,363,998,254
0111414.jpg,542,165,740,363,1001,254
0111415.jpg,542,165,740,363,1002,254
0111416.jpg,542,165,740,363,1003,256
0111417.jpg,542,164,740,362,1003,256
0111418.jpg,542,164,740,362,1002,257
0111419.jpg,542,164,740,362,1003,258
0111420.jpg,542,164,740,362,1002,259
0111421.jpg,542,164,740,362,1000,261
0111422.jpg,542,165,740,363,999,261
0111423.jpg,542,165,740,363,999,261
0111424.jpg,542,165,740,363,997,262
0111425.jpg,542,165,740,363,997,262
0111426.jpg,542,165,740,363,998,261
0111427.jpg,543,166,741,364,999,261
0111428.jpg,543,166,741,364,998,260
0111429.jpg,543,166,741,364,1000,261
0111430.jpg,543,166,741,364,1000,261
0111431.jpg,543,166,741,364,1000,261
0111432.jpg,543,166,741,364,1001,263
0111433.jpg,543,166,741,364,1001,264
0111434.jpg,543,166,741,364,1000,265
0111435.jpg,543,166,741,364,999,264
0111436.jpg,542,166,740,364,999,263
0111437.jpg,542,166,740,364,1002,261
0111438.jpg,542,166,740,364,1003,260
0111439.jpg,542,167,740,365,1007,261
0111440.jpg,538,168,736,366,1008,259
0111441.jpg,538,168,736,366,1011,261
0111442.jpg,538,168,736,366,1012,262
0111443.jpg,538,168,736,366,1013,262
0111444.jpg,537,168,735,366,1013,265
0111445.jpg,537,168,735,366,1013,264
0111446.jpg,536,167,734,365,1012,264
0111447.jpg,534,166,734,366,1014,265
0111448.jpg,533,166,733,366,1014,264
0111449.jpg,530,163,734,367,1015,264
0111450.jpg,530,163,734,367,1017,263
0111451.jpg,530,162,734,366,1018,264
0111452.jpg,530,162,734,366,1020,263
0111453.jpg,529,161,733,365,1022,265
0111454.jpg,529,161,733,365,1023,266
0111455.jpg,528,161,732,365,1027,268
0111456.jpg,528,161,732,365,1028,269
0111457.jpg,528,161,732,365,1029,271
0111458.jpg,527,161,731,365,1031,272
0111459.jpg,527,161,731,365,1032,272
0111460.jpg,527,161,731,365,1031,272
0111461.jpg,526,161,730,365,1032,272
0111462.jpg,525,161,729,365,1032,272
0111463.jpg,525,161,729,365,1031,273
0111464.jpg,523,160,731,368,1031,273
0111465.jpg,522,160,730,368,1030,273
0111466.jpg,522,160,730,368,1002,277
0111467.jpg,521,160,729,368,855,517
0111468.jpg,521,160,729,368,444,533
0111469.jpg,518,158,730,370,435,535
0111470.jpg,517,158,729,370,434,536
0111471.jpg,516,158,728,370,433,537
0111472.jpg,516,158,728,370,431,540
0111473.jpg,517,160,725,368,430,539
0111474.jpg,516,160,724,368,430,541
0111475.jpg,514,159,722,367,429,543
0111476.jpg,513,157,721,365,430,545
0111477.jpg,512,157,720,365,428,547
0111478.jpg,511,157,719,365,430,540
0111479.jpg,509,156,717,364,429,540
0111480.jpg,509,156,713,360,429,532
0111481.jpg,507,156,711,360,429,532
0111482.jpg,504,156,708,360,428,531
0111483.jpg,500,154,708,362,427,529
0111484.jpg,500,153,708,361,426,530
0111485.jpg,499,153,707,361,426,529
0111486.jpg,500,156,704,360,426,531
0111487.jpg,499,156,703,360,425,530
0111488.jpg,498,156,702,360,425,529
0111489.jpg,496,159,696,359,425,530
0111490.jpg,495,159,695,359,425,529
0111491.jpg,493,157,697,361,426,530
0111492.jpg,490,156,698,364,425,530
0111493.jpg,486,155,698,367,426,530
0111494.jpg,485,155,697,367,425,528
0111495.jpg,485,155,697,367,426,529
0111496.jpg,485,155,697,367,426,528
0111497.jpg,485,155,697,367,426,528
0111498.jpg,485,155,697,367,427,528
0111499.jpg,485,155,697,367,428,530
0111500.jpg,485,155,697,367,428,530
0111501.jpg,485,155,697,367,428,533
0111502.jpg,485,155,697,367,428,534
0111503.jpg,485,155,697,367,428,533
0111504.jpg,483,152,699,368,430,534
0111505.jpg,483,152,699,368,430,534
0111506.jpg,484,152,700,368,430,532
0111507.jpg,486,154,698,366,431,532
0111508.jpg,487,154,699,366,431,530
0111509.jpg,488,153,700,365,433,529
0111510.jpg,491,155,699,363,434,530
0111511.jpg,491,154,699,362,435,529
0111512.jpg,494,156,698,360,436,529
0111513.jpg,498,154,702,358,436,528
0111514.jpg,499,154,703,358,437,530
0111515.jpg,499,153,703,357,439,529
0112000.jpg,145,247,313,415,590,461
0112001.jpg,145,247,313,415,599,466
0112002.jpg,145,247,313,415,602,467
0112003.jpg,145,247,313,415,602,467
0112004.jpg,145,247,313,415,602,467
0112005.jpg,145,247,313,415,601,468
0112006.jpg,146,247,314,415,599,467
0112007.jpg,148,248,312,412,598,469
0112008.jpg,149,249,311,411,598,467
0112009.jpg,149,249,311,411,597,467
0112010.jpg,149,249,311,411,597,469
0112011.jpg,149,249,311,411,596,467
0112012.jpg,148,250,310,412,598,468
0112013.jpg,147,249,311,413,598,468
0112014.jpg,147,249,311,413,597,468
0112015.jpg,145,247,313,415,598,469
0112016.jpg,145,247,313,415,598,467
0112017.jpg,142,242,314,414,597,466
0112018.jpg,143,242,315,414,598,466
0112019.jpg,141,239,317,415,602,464
0112020.jpg,141,239,317,415,605,463
0112021.jpg,141,237,317,413,610,462
0112022.jpg,141,236,317,412,616,462
0112023.jpg,139,233,319,413,619,460
0112024.jpg,138,225,320,407,627,465
0112025.jpg,135,223,321,409,640,464
0112026.jpg,135,223,321,409,642,465
0112027.jpg,133,221,323,411,643,467
0112028.jpg,131,219,325,413,645,467
0112029.jpg,131,219,325,413,646,466
0112030.jpg,131,219,325,413,647,466
0112031.jpg,132,220,326,414,646,466
0112032.jpg,132,220,326,414,643,464
0112033.jpg,132,220,326,414,643,465
0112034.jpg,132,219,326,413,643,465
0112035.jpg,132,219,326,413,646,465
0112036.jpg,132,218,326,412,646,464
0112037.jpg,129,216,327,414,648,466
0112038.jpg,129,216,327,414,648,466
0112039.jpg,129,216,327,414,647,467
0112040.jpg,132,218,326,412,647,466
0112041.jpg,132,217,326,411,647,467
0112042.jpg,132,217,326,411,649,467
0112043.jpg,135,218,325,408,648,469
0112044.jpg,135,218,325,408,647,467
0112045.jpg,135,218,325,408,647,468
0112046.jpg,135,218,325,408,646,467
0112047.jpg,135,218,325,408,646,468
0112048.jpg,136,218,326,408,647,467
0112049.jpg,136,219,326,409,649,468
0112050.jpg,136,219,326,409,617,459
0112051.jpg,137,222,327,412,651,468
0112052.jpg,138,222,328,412,651,468
0112053.jpg,138,222,328,412,652,467
0112054.jpg,136,220,330,414,649,468
0112055.jpg,134,219,332,417,647,467
0112056.jpg,119,204,349,434,536,498
0112057.jpg,119,204,349,434,369,497
0112058.jpg,119,204,349,434,239,319
0112059.jpg,120,206,346,432,237,323
0112060.jpg,129,220,337,428,238,324
0112061.jpg,129,220,337,428,237,324
0112062.jpg,129,220,337,428,238,324
0112063.jpg,129,220,337,428,238,322
0112064.jpg,127,207,349,429,239,323
0112065.jpg,123,203,353,433,240,321
0112066.jpg,123,203,353,433,241,323
0112067.jpg,123,203,353,433,243,322
0112068.jpg,123,203,353,433,243,322
0112069.jpg,123,204,353,434,243,323
0112070.jpg,123,204,353,434,243,324
0112071.jpg,123,204,353,434,242,325
0112072.jpg,127,208,349,430,241,325
0112073.jpg,129,210,347,428,240,324
0112074.jpg,128,210,346,428,242,325
0112075.jpg,127,210,345,428,242,325
0112076.jpg,126,208,348,430,241,324
0112077.jpg,126,207,348,429,240,324
0112078.jpg,123,204,349,430,239,324
0112079.jpg,123,204,349,430,239,324
0112080.jpg,122,204,348,430,240,324
0112081.jpg,122,203,348,429,240,323
0112082.jpg,133,216,333,416,237,324
0112083.jpg,134,217,332,415,237,324
0112084.jpg,134,219,332,417,237,326
0112085.jpg,134,220,332,418,236,326
0112086.jpg,133,219,333,419,238,328
0112087.jpg,133,219,333,419,239,327
0112088.jpg,134,219,334,419,239,327
0112089.jpg,135,218,335,418,240,328
0112090.jpg,124,201,350,427,242,328
0112091.jpg,124,201,350,427,241,327
0112092.jpg,124,201,350,427,241,327
0112093.jpg,125,201,351,427,242,328
0112094.jpg,125,202,351,428,243,328
0112095.jpg,125,202,351,428,244,328
0112096.jpg,123,200,353,430,245,327
0112097.jpg,121,198,355,432,245,328
0112098.jpg,121,198,355,432,246,328
0112099.jpg,120,197,356,433,248,329
0112100.jpg,120,197,356,433,247,329
0112101.jpg,121,197,357,433,249,328
0112102.jpg,121,200,357,436,250,328
0112103.jpg,122,201,358,437,249,328
0112104.jpg,123,202,357,436,251,329
0112105.jpg,153,218,357,422,252,328
0112106.jpg,153,218,357,422,251,327
0112107.jpg,153,219,357,423,252,328
0112108.jpg,154,219,358,423,254,327
0112109.jpg,154,219,358,423,255,327
0112110.jpg,154,219,358,423,255,328
0112111.jpg,154,219,358,423,256,328
0112112.jpg,155,219,359,423,255,329
0112113.jpg,155,218,359,422,257,328
0112114.jpg,157,220,357,420,257,328
0112115.jpg,158,220,358,420,273,366
0112116.jpg,159,221,357,419,267,366
0112117.jpg,160,221,358,419,267,367
0112118.jpg,163,223,357,417,267,367
0112119.jpg,166,225,356,415,269,367
0112120.jpg,170,229,352,411,267,443
0112121.jpg,171,234,351,414,262,445
0112122.jpg,172,237,352,417,263,446
0112123.jpg,172,237,352,417,263,446
0112124.jpg,172,240,352,420,261,446
0112125.jpg,174,240,354,420,375,512
0112126.jpg,176,244,352,420,373,524
0112127.jpg,177,245,353,421,433,493
0112128.jpg,179,246,355,422,495,503
0112129.jpg,180,248,356,424,422,525
0112130.jpg,180,251,356,427,429,528
0112131.jpg,180,252,356,428,399,519
0112132.jpg,180,254,356,430,298,453
0112133.jpg,181,256,357,432,289,346
0112134.jpg,181,257,357,433,310,344
0112135.jpg,183,259,355,431,307,344
0112136.jpg,184,259,356,431,308,345
0112137.jpg,185,260,357,432,307,346
0112138.jpg,185,261,357,433,307,345
0112139.jpg,183,260,359,436,307,344
0112140.jpg,183,260,359,436,307,344
0112141.jpg,183,261,359,437,307,344
0112142.jpg,183,261,359,437,306,344
0112143.jpg,183,261,359,437,307,344
0112144.jpg,183,261,359,437,307,344
0112145.jpg,183,260,359,436,306,345
0112146.jpg,183,260,359,436,306,345
0112147.jpg,183,259,359,435,304,344
0112148.jpg,183,259,359,435,305,345
0112149.jpg,183,259,359,435,305,346
0112150.jpg,183,259,359,435,304,345
0112151.jpg,181,259,357,435,303,345
0112152.jpg,181,259,357,435,304,344
0112153.jpg,179,258,359,438,302,344
0112154.jpg,179,258,359,438,303,344
0112155.jpg,179,258,359,438,303,342
0112156.jpg,179,258,359,438,303,341
0112157.jpg,180,258,360,438,302,341
0112158.jpg,180,258,360,438,304,344
0112159.jpg,180,258,360,438,303,344
0112160.jpg,181,258,361,438,303,343
0112161.jpg,180,258,362,440,304,341
0112162.jpg,178,257,364,443,306,341
0112163.jpg,178,257,364,443,306,341
0112164.jpg,179,257,365,443,306,340
0112165.jpg,179,257,365,443,307,341
0112166.jpg,182,259,364,441,308,341
0112167.jpg,204,262,376,434,309,340
0112168.jpg,205,262,377,434,310,342
0112169.jpg,205,262,377,434,310,340
0112170.jpg,203,260,379,436,310,340
0112171.jpg,204,260,380,436,311,339
0112172.jpg,204,259,380,435,311,339
0112173.jpg,204,258,380,434,311,339
0112174.jpg,204,258,380,434,310,338
0112175.jpg,204,258,380,434,310,339
0112176.jpg,205,258,381,434,310,339
0112177.jpg,205,258,381,434,310,337
0112178.jpg,205,258,381,434,311,337
0112179.jpg,207,255,383,431,310,338
0112180.jpg,205,253,385,433,311,338
0112181.jpg,205,253,385,433,310,338
0112182.jpg,205,253,385,433,310,338
0112183.jpg,205,253,385,433,311,337
0112184.jpg,207,255,383,431,310,338
0112185.jpg,207,255,383,431,311,338
0112186.jpg,207,255,383,431,309,338
0112187.jpg,206,255,382,431,309,337
0112188.jpg,206,255,382,431,310,337
0112189.jpg,204,253,384,433,309,337
0112190.jpg,204,253,384,433,309,338
0112191.jpg,203,253,383,433,310,339
0112192.jpg,203,259,383,439,309,339
0112193.jpg,203,259,383,439,310,338
0112194.jpg,202,258,384,440,310,338
0112195.jpg,202,258,384,440,311,336
0112196.jpg,200,256,386,442,311,338
0112197.jpg,200,256,386,442,312,337
0112198.jpg,200,256,386,442,311,337
0112199.jpg,202,258,384,440,312,335
0112200.jpg,203,258,385,440,314,336
0112201.jpg,203,258,385,440,315,336
0112202.jpg,203,258,385,440,315,335
0112203.jpg,203,258,385,440,315,336
0112204.jpg,201,259,387,445,316,336
0112205.jpg,201,259,387,445,316,337
0112206.jpg,201,259,387,445,315,336
0112207.jpg,201,259,387,445,314,337
0112208.jpg,201,258,387,444,313,338
0112209.jpg,201,258,387,444,312,336
0112210.jpg,201,258,387,444,312,336
0112211.jpg,201,258,387,444,312,337
0112212.jpg,201,257,387,443,310,336
0112213.jpg,202,259,384,441,311,336
0112214.jpg,202,259,384,441,310,337
0112215.jpg,203,260,383,440,310,336
0112216.jpg,201,260,381,440,310,336
0112217.jpg,201,260,381,440,310,337
0112218.jpg,201,260,381,440,309,338
0112219.jpg,200,259,382,441,310,337
0112220.jpg,201,259,383,441,311,337
0112221.jpg,201,259,383,441,311,336
0112222.jpg,202,260,384,442,313,336
0112223.jpg,202,260,384,442,312,338
0112224.jpg,203,261,383,441,313,338
0112225.jpg,203,261,383,441,313,338
0112226.jpg,203,261,383,441,315,336
0112227.jpg,204,261,384,441,316,336
0112228.jpg,204,261,384,441,316,337
0112229.jpg,204,260,386,442,317,337
0112230.jpg,204,260,386,442,318,336
0112231.jpg,206,261,386,441,318,336
0112232.jpg,205,260,387,442,319,337
0112233.jpg,207,261,387,441,318,337
0112234.jpg,207,261,387,441,320,337
0112235.jpg,207,261,389,443,321,337
0112236.jpg,207,262,389,444,320,336
0112237.jpg,206,261,392,447,322,337
0112238.jpg,206,261,392,447,321,336
0112239.jpg,206,261,392,447,321,339
0112240.jpg,205,261,391,447,322,339
0112241.jpg,207,261,389,443,320,338
0112242.jpg,206,261,388,443,319,339
0112243.jpg,206,261,388,443,320,339
0112244.jpg,205,260,387,442,319,339
0112245.jpg,203,258,389,444,319,339
0112246.jpg,203,258,389,444,318,338
0112247.jpg,203,258,389,444,319,337
0112248.jpg,203,258,389,444,318,338
0112249.jpg,205,260,387,442,319,337
0112250.jpg,205,260,387,442,319,337
0112251.jpg,205,260,387,442,318,339
0112252.jpg,204,260,386,442,317,337
0112253.jpg,202,260,388,446,317,338
0112254.jpg,202,261,388,447,317,338
0112255.jpg,202,261,388,447,318,339
0112256.jpg,202,261,388,447,316,338
0112257.jpg,202,261,388,447,317,338
0112258.jpg,201,261,387,447,316,338
0112259.jpg,201,261,387,447,315,338
0112260.jpg,201,261,387,447,314,336
0112261.jpg,201,261,387,447,313,336
0112262.jpg,201,261,387,447,313,338
0112263.jpg,198,259,388,449,312,336
0112264.jpg,198,259,388,449,312,336
0112265.jpg,198,259,388,449,312,338
0112266.jpg,198,258,388,448,312,336
0112267.jpg,199,255,389,445,311,336
0112268.jpg,201,253,387,439,311,332
0112269.jpg,201,248,387,434,309,330
0112270.jpg,201,248,387,434,307,329
0112271.jpg,178,244,372,438,306,329
0112272.jpg,176,242,374,440,305,326
0112273.jpg,174,241,374,441,305,323
0112274.jpg,173,241,373,441,305,321
0112275.jpg,173,241,373,441,304,319
0112276.jpg,173,241,373,441,303,321
0112277.jpg,172,240,372,440,303,318
0112278.jpg,171,239,371,439,302,319
0112279.jpg,169,236,373,440,302,318
0112280.jpg,169,235,373,439,301,316
0112281.jpg,169,235,373,439,303,315
0112282.jpg,169,234,373,438,303,316
0112283.jpg,169,234,373,438,303,315
0112284.jpg,167,232,375,440,303,314
0112285.jpg,167,232,375,440,302,314
0112286.jpg,168,232,376,440,303,314
0112287.jpg,168,232,376,440,303,314
0112288.jpg,166,230,378,442,421,496
0112289.jpg,166,230,378,442,421,495
0112290.jpg,166,230,378,442,421,494
0112291.jpg,166,230,378,442,420,494
0112292.jpg,166,230,378,442,421,494
0112293.jpg,167,230,379,442,421,495
0112294.jpg,167,230,379,442,420,494
0112295.jpg,167,230,379,442,420,494
0112296.jpg,167,230,379,442,419,495
0112297.jpg,146,212,394,460,420,494
0112298.jpg,146,211,394,459,420,493
0112299.jpg,143,209,395,461,420,493
0112300.jpg,142,208,394,460,417,494
0112301.jpg,139,208,391,460,417,493
0112302.jpg,138,207,392,461,417,493
0112303.jpg,138,208,392,462,416,492
0112304.jpg,138,208,392,462,416,493
0112305.jpg,138,207,392,461,415,493
0112306.jpg,137,205,395,463,416,491
0112307.jpg,137,205,395,463,414,492
0112308.jpg,137,205,395,463,415,492
0112309.jpg,137,205,395,463,414,492
0112310.jpg,138,204,396,462,415,491
0112311.jpg,138,203,396,461,414,490
0112312.jpg,141,204,393,456,416,490
0112313.jpg,141,203,393,455,416,491
0112314.jpg,141,203,393,455,417,490
0112315.jpg,141,203,393,455,415,489
0112316.jpg,140,202,394,456,415,490
0112317.jpg,140,202,394,456,415,490
0112318.jpg,141,202,395,456,412,489
0112319.jpg,142,201,396,455,412,488
0112320.jpg,145,195,393,443,411,488
0112321.jpg,145,194,393,442,411,487
0112322.jpg,144,192,392,440,412,487
0112323.jpg,144,192,392,440,411,487
0112324.jpg,144,192,392,440,412,486
0112325.jpg,144,191,392,439,410,485
0112326.jpg,143,191,391,439,527,545
0112327.jpg,141,188,393,440,603,560
0112328.jpg,141,188,393,440,658,567
0112329.jpg,141,187,393,439,720,525
0112331.jpg,165,205,377,417,822,546
0112332.jpg,165,205,377,417,887,517
0112333.jpg,164,199,376,411,893,518
0112334.jpg,161,193,373,405,893,517
0112335.jpg,159,193,367,401,892,517
0112336.jpg,158,193,366,401,891,516
0112337.jpg,159,194,363,398,891,514
0112338.jpg,161,196,361,396,889,514
0112339.jpg,161,196,361,396,889,513
0112340.jpg,162,197,360,395,890,513
0112341.jpg,162,197,360,395,917,496
0112342.jpg,162,198,360,396,945,256
0112343.jpg,113,169,371,427,959,255
0112344.jpg,113,170,371,428,959,256
0112345.jpg,112,170,370,428,961,256
0112346.jpg,112,170,370,428,961,256
0112347.jpg,112,170,370,428,961,257
0112348.jpg,112,170,370,428,960,257
0112349.jpg,112,170,370,428,959,256
0112350.jpg,113,170,371,428,961,257
0112351.jpg,113,170,371,428,961,256
0112352.jpg,130,175,374,419,960,257
0112353.jpg,133,175,373,415,960,257
0112354.jpg,137,177,373,413,962,256
0112355.jpg,137,177,373,413,962,257
0112356.jpg,137,179,373,415,963,257
0112357.jpg,133,176,377,420,962,257
0112358.jpg,131,174,379,422,963,257
0112359.jpg,130,174,378,422,962,257
0112360.jpg,128,172,380,424,963,257
0112361.jpg,128,172,380,424,964,258
0112362.jpg,128,172,380,424,964,258
0112363.jpg,138,176,372,410,967,259
0112364.jpg,138,176,372,410,968,262
0112365.jpg,139,176,373,410,970,263
0112366.jpg,144,178,374,408,971,263
0112367.jpg,145,179,375,409,971,263
0112368.jpg,145,180,375,410,971,263
0112369.jpg,146,183,376,413,971,263
0112370.jpg,147,182,381,416,971,262
0112371.jpg,147,183,381,417,969,261
0112372.jpg,147,183,383,419,968,261
0112373.jpg,148,184,384,420,968,259
0112374.jpg,146,183,386,423,969,259
0112375.jpg,148,184,388,424,970,258
0112376.jpg,149,184,389,424,970,259
0112377.jpg,149,184,389,424,972,258
0112378.jpg,149,184,389,424,972,258
0112379.jpg,149,183,389,423,973,259
0112380.jpg,150,183,390,423,972,259
0112381.jpg,150,183,390,423,974,258
0112382.jpg,148,181,392,425,973,258
0112383.jpg,148,181,392,425,974,259
0112384.jpg,148,182,392,426,974,261
0112385.jpg,147,182,391,426,975,261
0112386.jpg,147,183,391,427,976,260
0112387.jpg,147,183,391,427,977,260
0112388.jpg,147,183,391,427,976,259
0112389.jpg,147,183,391,427,976,257
0112390.jpg,146,183,390,427,974,257
0112391.jpg,145,183,389,427,975,255
0112392.jpg,148,182,384,418,973,252
0112393.jpg,147,182,383,418,975,252
0112394.jpg,148,182,382,416,975,252
0112395.jpg,147,181,381,415,975,251
0112396.jpg,146,181,380,415,975,252
0112397.jpg,146,180,380,414,974,252
0112398.jpg,144,179,378,413,973,254
0112399.jpg,144,179,378,413,974,254
0112400.jpg,143,178,377,412,972,257
0112401.jpg,143,178,377,412,971,258
0112402.jpg,143,178,377,412,971,260
0112403.jpg,144,178,378,412,973,262
0112404.jpg,144,178,378,412,973,263
0112405.jpg,145,179,379,413,974,266
0112406.jpg,145,179,379,413,975,265
0112407.jpg,146,179,380,413,977,267
0112408.jpg,147,180,381,414,979,265
0112409.jpg,148,180,382,414,981,266
0112410.jpg,148,180,382,414,981,265
0112411.jpg,148,180,382,414,983,264
0112412.jpg,146,179,382,415,985,263
0112413.jpg,146,179,382,415,987,262
0112414.jpg,146,179,382,415,990,262
0112415.jpg,147,181,383,417,990,260
0112416.jpg,148,185,384,421,991,260
0112417.jpg,151,186,385,420,992,261
0112418.jpg,151,187,385,421,992,263
0112419.jpg,151,189,385,423,991,264
0112420.jpg,150,191,386,427,989,266
0112421.jpg,150,191,386,427,987,266
0112422.jpg,149,191,385,427,988,267
0112423.jpg,149,191,385,427,987,268
0112424.jpg,148,191,384,427,986,267
0112425.jpg,148,191,384,427,986,268
0112426.jpg,148,191,384,427,988,267
0112427.jpg,148,191,384,427,989,267
0112428.jpg,148,191,384,427,991,268
0112429.jpg,148,191,384,427,992,267
0112430.jpg,149,191,385,427,992,268
0112431.jpg,149,191,385,427,993,268
0112432.jpg,149,194,385,430,994,269
0112433.jpg,149,194,385,430,994,272
0112434.jpg,149,194,385,430,993,272
0112435.jpg,150,194,386,430,992,273
0112436.jpg,150,194,386,430,990,272
0112437.jpg,150,195,386,431,991,268
0112438.jpg,151,196,385,430,993,267
0112439.jpg,151,196,385,430,995,264
0112440.jpg,158,209,380,431,997,264
0112441.jpg,158,209,380,431,999,266
0112442.jpg,158,209,380,431,1002,269
0112443.jpg,158,209,380,431,1003,270
0112444.jpg,157,209,379,431,1006,274
0112445.jpg,157,206,379,428,1006,274
0112446.jpg,159,207,377,425,1006,274
0112447.jpg,159,207,377,425,1006,274
0112448.jpg,158,207,376,425,1006,273
0112449.jpg,158,207,376,425,1009,275
0112450.jpg,158,207,376,425,1012,273
0112451.jpg,156,205,378,427,1013,273
0112452.jpg,157,207,375,425,1016,274
0112453.jpg,157,207,375,425,1017,275
0112454.jpg,155,205,377,427,1021,276
0112455.jpg,155,205,377,427,1024,278
0112456.jpg,153,206,375,428,1027,280
0112457.jpg,136,197,376,437,1029,279
0112458.jpg,113,186,375,448,1030,281
0112459.jpg,112,186,374,448,1031,280
0112460.jpg,110,184,376,450,1031,281
0112461.jpg,111,186,373,448,1031,281
0112462.jpg,111,186,373,448,1031,282
0112463.jpg,112,186,374,448,1040,403
0112464.jpg,114,188,372,446,1033,563
0112465.jpg,154,207,376,429,949,505
0112466.jpg,157,214,373,430,933,524
0112467.jpg,157,220,373,436,711,541
0112468.jpg,166,228,366,428,561,554
0112469.jpg,167,229,367,429,389,516
0112470.jpg,168,231,366,429,281,338
0112471.jpg,173,236,363,426,277,348
0112472.jpg,174,238,364,428,278,349
0112473.jpg,176,241,366,431,281,350
0112474.jpg,176,244,366,434,282,351
0112475.jpg,175,243,369,437,283,352
0112476.jpg,176,244,370,438,283,352
0112477.jpg,178,247,368,437,284,354
0112478.jpg,178,247,368,437,285,356
0112479.jpg,179,248,369,438,286,356
0112480.jpg,179,248,369,438,285,356
0112481.jpg,181,250,367,436,286,357
0112482.jpg,181,250,367,436,286,357
0112483.jpg,181,251,367,437,286,356
0112484.jpg,182,251,368,437,286,358
0112485.jpg,182,251,368,437,286,359
0112486.jpg,182,252,368,438,286,359
0112487.jpg,182,252,368,438,287,358
0112488.jpg,185,258,365,438,287,358
0112489.jpg,185,259,365,439,287,358
0112490.jpg,185,259,365,439,286,359
0112491.jpg,185,259,365,439,286,359
0112492.jpg,185,258,365,438,285,358
0112493.jpg,185,256,365,436,283,359
0112494.jpg,182,251,368,437,284,357
0112495.jpg,179,249,369,439,283,358
0112496.jpg,179,249,369,439,282,359
0112497.jpg,179,249,369,439,283,358
0112498.jpg,179,249,369,439,283,358
0112499.jpg,179,249,369,439,283,359
0112500.jpg,182,251,368,437,283,359
0112501.jpg,182,251,368,437,285,357
0112502.jpg,182,251,368,437,284,358
0112503.jpg,183,251,369,437,284,359
0112504.jpg,186,256,366,436,287,358
0112505.jpg,186,256,366,436,287,359
0112506.jpg,190,260,362,432,288,359
0112507.jpg,205,262,377,434,287,359
0112508.jpg,205,262,377,434,289,360
0112509.jpg,201,258,381,438,290,359
0112510.jpg,200,256,382,438,290,359
0112511.jpg,200,257,382,439,291,360
0112512.jpg,200,257,382,439,292,360
0112513.jpg,201,257,383,439,293,360
0112514.jpg,203,257,385,439,295,361
0112515.jpg,205,258,385,438,296,362
0113000.jpg,794,150,1002,358,248,327
0113001.jpg,794,151,1002,359,245,328
0113002.jpg,794,152,1002,360,243,328
0113003.jpg,791,150,1003,362,243,327
0113004.jpg,790,151,1002,363,244,328
0113005.jpg,787,151,999,363,243,328
0113006.jpg,787,161,987,361,243,328
0113007.jpg,771,164,971,364,242,328
0113008.jpg,771,169,971,369,242,329
0113009.jpg,766,171,970,375,243,328
0113010.jpg,765,174,969,378,242,329
0113011.jpg,765,174,969,378,243,329
0113012.jpg,764,174,968,378,243,327
0113013.jpg,763,174,967,378,242,325
0113014.jpg,762,174,966,378,242,323
0113015.jpg,764,176,962,374,243,322
0113016.jpg,764,176,962,374,241,321
0113017.jpg,764,176,962,374,240,320
0113018.jpg,764,176,962,374,240,320
0113019.jpg,764,176,962,374,239,317
0113020.jpg,768,180,958,370,238,319
0113021.jpg,769,179,959,369,240,318
0113022.jpg,770,179,960,369,238,317
0113023.jpg,770,179,960,369,239,318
0113024.jpg,770,179,960,369,239,318
0113025.jpg,770,179,960,369,238,317
0113026.jpg,772,181,958,367,239,318
0113027.jpg,772,181,958,367,239,317
0113028.jpg,772,181,958,367,238,317
0113029.jpg,773,181,959,367,239,319
0113030.jpg,775,185,957,367,240,320
0113031.jpg,775,185,957,367,239,320
0113032.jpg,776,185,958,367,240,321
0113033.jpg,776,185,958,367,239,323
0113034.jpg,776,186,958,368,238,323
0113035.jpg,776,186,958,368,238,323
0113036.jpg,777,186,959,368,238,323
0113037.jpg,775,184,961,370,238,323
0113038.jpg,775,184,961,370,238,323
0113039.jpg,775,185,961,371,239,325
0113040.jpg,769,178,969,378,239,324
0113041.jpg,770,178,970,378,240,322
0113042.jpg,770,178,970,378,239,324
0113043.jpg,771,178,971,378,240,323
0113044.jpg,772,178,972,378,241,325
0113045.jpg,773,178,973,378,239,327
0113046.jpg,773,177,973,377,240,327
0113047.jpg,774,176,974,376,241,323
0113048.jpg,775,176,975,376,242,322
0113049.jpg,787,179,981,373,242,323
0113050.jpg,788,178,982,372,242,325
0113051.jpg,788,178,982,372,243,325
0113052.jpg,789,178,983,372,244,324
0113053.jpg,789,178,983,372,245,326
0113054.jpg,789,177,983,371,247,323
0113055.jpg,791,177,985,371,248,323
0113056.jpg,791,176,985,370,249,326
0113057.jpg,794,176,988,370,249,326
0113058.jpg,794,176,988,370,249,327
0113059.jpg,795,176,989,370,247,329
0113060.jpg,795,173,993,371,246,329
0113061.jpg,797,173,995,371,245,327
0113062.jpg,797,173,995,371,244,327
0113063.jpg,797,173,995,371,244,327
0113064.jpg,798,172,998,372,248,325
0113065.jpg,798,171,998,371,250,325
0113066.jpg,799,171,999,371,251,325
0113067.jpg,800,171,1000,371,252,326
0113068.jpg,801,172,1001,372,252,328
0113069.jpg,801,172,1001,372,252,328
0113070.jpg,801,172,1001,372,253,327
0113071.jpg,801,173,1001,373,252,327
0113072.jpg,801,173,1001,373,248,328
0113073.jpg,801,173,1001,373,248,327
0113074.jpg,799,171,1003,375,247,329
0113075.jpg,799,170,1003,374,249,328
0113076.jpg,798,168,1006,376,248,327
0113077.jpg,798,168,1006,376,247,326
0113078.jpg,798,168,1006,376,247,326
0113079.jpg,798,168,1006,376,246,327
0113080.jpg,800,170,1004,374,248,326
0113081.jpg,800,170,1004,374,247,326
0113082.jpg,800,170,1004,374,243,328
0113083.jpg,800,170,1004,374,239,327
0113084.jpg,800,171,1004,375,239,326
0113085.jpg,798,169,1006,377,241,325
0113086.jpg,798,170,1006,378,240,327
0113087.jpg,798,170,1006,378,242,328
0113088.jpg,798,170,1006,378,242,329
0113089.jpg,798,171,1006,379,246,330
0113090.jpg,798,171,1006,379,247,331
0113091.jpg,798,171,1006,379,249,330
0113092.jpg,798,171,1006,379,248,330
0113093.jpg,798,171,1006,379,248,329
0113094.jpg,799,171,1007,379,250,331
0113095.jpg,799,172,1007,380,252,331
0113096.jpg,799,172,1007,380,252,331
0113097.jpg,799,172,1007,380,252,331
0113098.jpg,800,172,1008,380,252,331
0113099.jpg,800,172,1008,380,253,333
0113100.jpg,801,172,1009,380,254,333
0113101.jpg,801,171,1009,379,255,332
0113102.jpg,801,168,1009,376,255,333
0113103.jpg,804,168,1008,372,257,332
0113104.jpg,804,165,1008,369,257,332
0113105.jpg,806,165,1010,369,258,331
0113106.jpg,809,167,1009,367,258,330
0113107.jpg,810,167,1010,367,258,331
0113108.jpg,810,168,1010,368,260,331
0113109.jpg,810,170,1010,370,260,332
0113110.jpg,808,170,1012,374,261,332
0113111.jpg,807,173,1011,377,262,332
0113112.jpg,807,173,1011,377,263,331
0113113.jpg,807,173,1011,377,262,332
0113114.jpg,807,173,1011,377,262,333
0113115.jpg,810,175,1010,375,263,331
0113116.jpg,812,175,1010,373,264,332
0113117.jpg,814,173,1012,371,264,331
0113118.jpg,814,172,1012,370,265,331
0113119.jpg,826,168,1024,366,267,332
0113120.jpg,827,168,1025,366,266,335
0113121.jpg,829,168,1027,366,266,337
0113122.jpg,829,167,1029,367,266,340
0113123.jpg,832,167,1032,367,268,340
0113124.jpg,833,167,1033,367,269,342
0113125.jpg,834,167,1034,367,269,343
0113126.jpg,835,165,1035,365,271,345
0113127.jpg,836,165,1036,365,270,346
0113128.jpg,836,165,1036,365,272,348
0113129.jpg,835,165,1035,365,272,350
0113130.jpg,833,163,1037,367,274,350
0113131.jpg,833,163,1037,367,274,351
0113132.jpg,833,163,1037,367,276,350
0113133.jpg,832,163,1036,367,277,352
0113134.jpg,832,164,1036,368,276,352
0113135.jpg,831,164,1035,368,277,354
0113136.jpg,830,164,1034,368,275,355
0113137.jpg,830,164,1034,368,279,354
0113138.jpg,828,163,1036,371,279,353
0113139.jpg,827,163,1035,371,280,353
0113140.jpg,826,164,1034,372,281,352
0113141.jpg,826,165,1034,373,281,351
0113142.jpg,825,165,1033,373,283,351
0113143.jpg,825,166,1033,374,282,350
0113144.jpg,825,166,1033,374,282,350
0113145.jpg,825,167,1033,375,283,348
0113146.jpg,825,167,1033,375,283,348
0113147.jpg,825,167,1033,375,281,351
0113148.jpg,825,167,1033,375,281,350
0113149.jpg,825,167,1033,375,281,350
0113150.jpg,825,166,1033,374,279,351
0113151.jpg,825,166,1033,374,279,349
0113152.jpg,828,168,1032,372,278,350
0113153.jpg,828,167,1032,371,279,350
0113154.jpg,828,167,1032,371,279,351
0113155.jpg,828,167,1032,371,277,353
0113156.jpg,827,167,1031,371,278,353
0113157.jpg,827,167,1031,371,278,353
0113158.jpg,827,167,1031,371,280,351
0113159.jpg,828,167,1032,371,280,352
0113160.jpg,827,165,1035,373,279,355
0113161.jpg,830,166,1038,374,279,354
0113162.jpg,832,166,1040,374,283,352
0113163.jpg,833,167,1041,375,284,352
0113164.jpg,831,165,1043,377,284,353
0113165.jpg,832,165,1044,377,285,352
0113166.jpg,832,165,1044,377,287,352
0113167.jpg,832,165,1044,377,289,351
0113168.jpg,832,165,1044,377,288,353
0113169.jpg,833,165,1045,377,290,353
0113170.jpg,833,165,1045,377,289,352
0113171.jpg,834,164,1046,376,290,352
0113172.jpg,833,161,1049,377,291,352
0113173.jpg,833,161,1049,377,290,352
0113174.jpg,833,161,1049,377,290,351
0113175.jpg,833,160,1051,378,290,351
0113176.jpg,833,160,1051,378,291,351
0113177.jpg,834,161,1050,377,290,353
0113178.jpg,834,161,1050,377,289,354
0113179.jpg,834,162,1050,378,290,354
0113180.jpg,834,164,1050,380,288,355
0113181.jpg,834,166,1050,382,288,355
0113182.jpg,834,167,1050,383,287,356
0113183.jpg,833,166,1051,384,287,355
0113184.jpg,834,166,1052,384,288,357
0113185.jpg,834,166,1052,384,287,357
0113186.jpg,834,166,1052,384,288,357
0113187.jpg,833,167,1051,385,287,357
0113188.jpg,831,165,1053,387,288,356
0113189.jpg,830,165,1052,387,289,355
0113190.jpg,830,166,1052,388,290,354
0113191.jpg,832,169,1050,387,291,353
0113192.jpg,833,170,1049,386,289,356
0113193.jpg,833,170,1049,386,290,355
0113194.jpg,833,171,1049,387,292,353
0113195.jpg,833,171,1049,387,290,356
0113196.jpg,832,170,1050,388,290,356
0113197.jpg,832,170,1050,388,291,357
0113198.jpg,833,171,1051,389,292,356
0113199.jpg,833,171,1051,389,292,355
0113200.jpg,833,171,1051,389,292,357
0113201.jpg,833,171,1051,389,295,356
0113202.jpg,833,171,1051,389,295,356
0113203.jpg,833,171,1051,389,295,355
0113204.jpg,833,171,1051,389,295,355
0113205.jpg,833,171,1051,389,293,357
0113206.jpg,833,171,1051,389,293,358
0113207.jpg,834,172,1050,388,294,356
0113208.jpg,834,172,1050,388,293,356
0113209.jpg,835,171,1051,387,292,355
0113210.jpg,834,170,1052,388,293,354
0113211.jpg,834,170,1052,388,293,354
0113212.jpg,834,170,1052,388,292,352
0113213.jpg,834,170,1052,388,293,353
0113214.jpg,835,170,1053,388,293,352
0113215.jpg,835,170,1053,388,292,354
0113216.jpg,835,170,1053,388,291,353
0113217.jpg,835,172,1053,390,292,354
0113218.jpg,835,172,1053,390,291,354
0113219.jpg,835,172,1053,390,293,353
0113220.jpg,835,172,1053,390,292,355
0113221.jpg,835,172,1053,390,293,353
0113222.jpg,835,172,1053,390,292,354
0113223.jpg,835,172,1053,390,293,354
0113224.jpg,835,172,1053,390,295,353
0113225.jpg,845,182,1043,380,295,354
0113226.jpg,845,182,1043,380,295,354
0113227.jpg,845,182,1043,380,296,353
0113228.jpg,845,182,1043,380,297,353
0113229.jpg,846,182,1044,380,299,353
0113230.jpg,846,181,1044,379,299,355
0113231.jpg,846,180,1044,378,299,355
0113232.jpg,846,180,1044,378,299,354
0113233.jpg,847,180,1045,378,300,353
0113234.jpg,847,180,1045,378,302,353
0113235.jpg,847,180,1045,378,302,354
0113236.jpg,847,181,1045,379,302,355
0113237.jpg,847,182,1045,380,303,354
0113238.jpg,838,174,1054,390,303,353
0113239.jpg,839,174,1055,390,303,353
0113240.jpg,839,174,1055,390,304,354
0113241.jpg,839,174,1055,390,302,354
0113242.jpg,838,174,1054,390,301,355
0113243.jpg,838,174,1054,390,302,355
0113244.jpg,838,174,1054,390,301,357
0113245.jpg,838,173,1054,389,300,358
0113246.jpg,838,173,1054,389,300,356
0113247.jpg,838,173,1054,389,300,356
0113248.jpg,846,181,1044,379,301,355
0113249.jpg,846,181,1044,379,300,355
0113250.jpg,848,183,1042,377,300,357
0113251.jpg,848,183,1042,377,299,356
0113252.jpg,849,183,1043,377,299,356
0113253.jpg,849,183,1043,377,299,356
0113254.jpg,849,183,1043,377,300,356
0113255.jpg,848,184,1042,378,299,356
0113256.jpg,848,184,1042,378,300,357
0113257.jpg,848,186,1042,380,300,356
0113258.jpg,846,184,1044,382,298,356
0113259.jpg,841,185,1045,389,297,355
0113260.jpg,838,190,1042,394,297,355
0113261.jpg,836,192,1040,396,297,356
0113262.jpg,835,194,1035,394,295,355
0113263.jpg,834,194,1034,394,295,356
0113264.jpg,832,194,1032,394,296,356
0113265.jpg,831,194,1031,394,295,357
0113266.jpg,831,192,1031,392,295,356
0113267.jpg,831,191,1031,391,295,353
0113268.jpg,834,187,1034,387,294,353
0113269.jpg,836,185,1036,385,294,350
0113270.jpg,835,181,1039,385,292,348
0113271.jpg,836,180,1040,384,292,347
0113272.jpg,837,179,1041,383,289,345
0113273.jpg,838,179,1042,383,289,345
0113274.jpg,839,179,1043,383,287,344
0113275.jpg,839,179,1043,383,287,341
0113276.jpg,839,180,1043,384,286,342
0113277.jpg,831,171,1053,393,285,341
0113278.jpg,831,171,1053,393,284,341
0113279.jpg,831,171,1053,393,281,344
0113280.jpg,831,172,1053,394,280,344
0113281.jpg,831,171,1053,393,279,344
0113282.jpg,834,173,1052,391,280,343
0113283.jpg,835,173,1053,391,280,343
0113284.jpg,835,173,1053,391,281,342
0113285.jpg,835,173,1053,391,280,342
0113286.jpg,835,173,1053,391,281,343
0113287.jpg,835,172,1053,390,281,342
0113288.jpg,835,172,1053,390,280,344
0113289.jpg,835,171,1053,389,279,343
0113290.jpg,836,171,1054,389,280,342
0113291.jpg,838,171,1054,387,279,342
0113292.jpg,838,171,1054,387,279,343
0113293.jpg,838,170,1054,386,279,342
0113294.jpg,842,173,1050,381,278,344
0113295.jpg,843,172,1051,380,278,344
0113296.jpg,848,174,1048,374,278,344
0113297.jpg,848,172,1048,372,278,344
0113298.jpg,848,172,1048,372,279,343
0113299.jpg,846,170,1050,374,279,341
0113300.jpg,847,168,1051,372,278,341
0113301.jpg,847,166,1051,370,279,339
0113302.jpg,850,168,1050,368,279,339
0113303.jpg,850,168,1050,368,278,339
0113304.jpg,854,171,1048,365,278,338
0113305.jpg,854,170,1048,364,277,340
0113306.jpg,854,170,1048,364,279,338
0113307.jpg,853,167,1051,365,278,338
0113308.jpg,864,164,1068,368,278,338
0113309.jpg,863,162,1071,370,279,338
0113310.jpg,863,162,1071,370,278,339
0113311.jpg,866,163,1070,367,279,338
0113312.jpg,868,164,1068,364,280,337
0113313.jpg,870,165,1068,363,280,338
0113314.jpg,870,163,1068,361,281,338
0113315.jpg,871,160,1069,358,280,336
0113316.jpg,871,160,1069,358,280,336
0113317.jpg,871,160,1069,358,279,336
0113318.jpg,870,159,1070,359,279,338
0113319.jpg,871,159,1071,359,278,337
0113320.jpg,870,157,1074,361,278,338
0113321.jpg,866,153,1078,365,278,335
0113322.jpg,866,152,1078,364,278,333
0113323.jpg,864,150,1080,366,278,331
0113324.jpg,866,151,1078,363,276,332
0113325.jpg,866,151,1078,363,277,333
0113326.jpg,864,149,1080,365,278,329
0113327.jpg,864,149,1080,365,278,328
0113328.jpg,865,149,1081,365,278,327
0113329.jpg,864,148,1082,366,278,325
0113330.jpg,864,148,1082,366,276,326
0113331.jpg,864,147,1082,365,277,324
0113332.jpg,864,145,1082,363,274,324
0113333.jpg,863,143,1081,361,273,323
0113334.jpg,863,143,1079,359,272,320
0113335.jpg,861,142,1077,358,265,321
0113336.jpg,860,141,1076,357,261,316
0113337.jpg,860,141,1076,357,260,314
0113338.jpg,859,140,1075,356,261,314
0113339.jpg,859,139,1075,355,262,315
0113340.jpg,858,139,1074,355,264,314
0113341.jpg,858,139,1074,355,264,315
0113342.jpg,858,139,1074,355,265,318
0113343.jpg,857,139,1073,355,264,319
0113344.jpg,847,145,1059,357,263,315
0113345.jpg,847,145,1059,357,263,316
0113346.jpg,847,145,1059,357,262,317
0113347.jpg,844,143,1060,359,262,315
0113348.jpg,844,143,1060,359,261,315
0113349.jpg,844,142,1060,358,261,315
0113350.jpg,844,142,1060,358,265,318
0113351.jpg,846,144,1058,356,268,319
0113352.jpg,846,144,1058,356,268,319
0113353.jpg,846,144,1058,356,269,317
0113354.jpg,849,146,1057,354,269,316
0113355.jpg,849,146,1057,354,270,315
0113356.jpg,849,146,1057,354,271,315
0113357.jpg,849,146,1057,354,269,313
0113358.jpg,849,146,1057,354,269,315
0113359.jpg,849,146,1057,354,268,317
0113360.jpg,849,146,1057,354,269,315
0113361.jpg,849,146,1057,354,268,314
0113362.jpg,849,146,1057,354,269,317
0113363.jpg,856,141,1068,353,269,317
0113364.jpg,845,127,1079,361,271,317
0113365.jpg,845,126,1081,362,270,318
0113366.jpg,845,126,1081,362,271,319
0113367.jpg,845,126,1081,362,275,320
0113368.jpg,845,126,1081,362,276,322
0113369.jpg,846,127,1080,361,276,321
0113370.jpg,846,127,1080,361,277,321
0113371.jpg,846,127,1080,361,278,323
0113372.jpg,858,139,1074,355,279,323
0113373.jpg,858,139,1074,355,281,324
0113374.jpg,859,139,1075,355,281,324
0113375.jpg,859,139,1075,355,282,324
0113376.jpg,859,139,1075,355,283,324
0113377.jpg,860,139,1076,355,284,323
0113378.jpg,862,141,1074,353,285,322
0113379.jpg,862,141,1074,353,284,322
0113380.jpg,862,139,1074,351,284,322
0113381.jpg,863,139,1075,351,285,324
0113382.jpg,861,137,1077,353,285,323
0113383.jpg,863,135,1079,351,284,323
0113384.jpg,862,127,1080,345,286,323
0113385.jpg,860,124,1082,346,286,322
0113386.jpg,857,122,1083,348,286,322
0113387.jpg,856,121,1082,347,285,324
0113388.jpg,853,116,1083,346,285,323
0113389.jpg,843,107,1091,355,283,324
0113390.jpg,843,104,1091,352,284,322
0113391.jpg,843,104,1091,352,283,324
0113392.jpg,845,106,1089,350,281,324
0113393.jpg,845,106,1089,350,281,324
0113394.jpg,852,117,1086,351,279,325
0113395.jpg,852,118,1086,352,279,325
0113396.jpg,852,119,1086,353,280,322
0113397.jpg,852,119,1086,353,279,323
0113398.jpg,852,119,1086,353,278,323
0113399.jpg,852,119,1086,353,277,324
0113400.jpg,852,119,1086,353,276,325
0113401.jpg,852,119,1086,353,276,324
0113402.jpg,861,140,1079,358,276,325
0113403.jpg,861,143,1079,361,276,325
0113404.jpg,861,143,1079,361,276,325
0113405.jpg,861,143,1079,361,277,323
0113406.jpg,861,143,1079,361,278,323
0113407.jpg,861,141,1083,363,279,324
0113408.jpg,863,139,1085,361,279,325
0113409.jpg,864,139,1086,361,280,324
0113410.jpg,865,135,1091,361,280,323
0113411.jpg,868,135,1094,361,278,323
0113412.jpg,870,133,1096,359,276,323
0113413.jpg,871,132,1097,358,275,324
0113414.jpg,873,134,1095,356,274,325
0113415.jpg,874,134,1096,356,315,298
0113416.jpg,874,134,1096,356,388,276
0113417.jpg,872,133,1098,359,525,268
0113418.jpg,874,139,1096,361,624,249
0113419.jpg,872,137,1098,363,635,254
0113420.jpg,870,138,1096,364,636,256
0113421.jpg,870,138,1096,364,635,258
0113422.jpg,868,138,1098,368,635,258
0113423.jpg,869,138,1099,368,635,257
0113424.jpg,870,138,1100,368,634,257
0113425.jpg,873,140,1099,366,634,257
0113426.jpg,875,142,1097,364,634,258
0113427.jpg,876,142,1098,364,634,258
0113428.jpg,876,142,1098,364,634,257
0113429.jpg,878,146,1096,364,634,256
0113430.jpg,878,146,1096,364,635,256
0113431.jpg,878,146,1096,364,635,259
0113432.jpg,878,146,1096,364,634,258
0113433.jpg,878,146,1096,364,635,260
0113434.jpg,876,144,1098,366,634,259
0113435.jpg,875,144,1097,366,635,259
0113436.jpg,875,142,1097,364,614,268
0113437.jpg,875,136,1097,358,545,283
0113438.jpg,875,136,1097,358,295,309
0113439.jpg,876,136,1098,358,301,310
0113440.jpg,876,136,1098,358,297,308
0113441.jpg,875,136,1101,362,296,309
0113442.jpg,875,136,1101,362,296,309
0113443.jpg,876,136,1102,362,294,308
0113444.jpg,886,138,1108,360,295,309
0113445.jpg,886,138,1108,360,295,309
0113446.jpg,886,138,1108,360,293,309
0113447.jpg,887,138,1109,360,292,308
0113448.jpg,885,136,1111,362,292,308
0113449.jpg,886,136,1112,362,290,450
0113450.jpg,886,139,1112,365,778,506
0113451.jpg,887,140,1113,366,886,441
0113452.jpg,888,141,1114,367,898,407
0113453.jpg,888,144,1114,370,878,398
0113454.jpg,890,144,1116,370,885,399
0113455.jpg,899,162,1117,380,886,401
0113456.jpg,900,164,1118,382,887,404
0113457.jpg,900,166,1118,384,886,406
0113458.jpg,901,167,1119,385,888,409
0113459.jpg,902,167,1120,385,880,457
0113460.jpg,902,167,1120,385,874,468
0113461.jpg,902,167,1120,385,873,473
0113462.jpg,900,165,1122,387,871,472
0113463.jpg,900,165,1122,387,869,485
0113464.jpg,899,165,1121,387,870,485
0113465.jpg,899,165,1121,387,775,520
0113466.jpg,899,165,1121,387,439,518
0113467.jpg,900,165,1118,383,437,520
0113468.jpg,899,165,1115,381,435,521
0113469.jpg,898,165,1114,381,434,522
0113470.jpg,898,165,1114,381,433,522
0113471.jpg,897,165,1113,381,433,522
0113472.jpg,897,165,1113,381,370,523
0113473.jpg,897,165,1113,381,339,500
0113474.jpg,897,164,1113,380,269,431
0113475.jpg,897,164,1113,380,281,345
0113476.jpg,897,164,1113,380,279,354
0113477.jpg,897,164,1113,380,280,356
0113478.jpg,896,164,1112,380,280,357
0113479.jpg,885,163,1103,381,280,357
0113480.jpg,884,163,1102,381,280,358
0113481.jpg,885,164,1101,380,282,357
0113482.jpg,885,164,1101,380,282,358
0113483.jpg,884,163,1100,379,282,358
0113484.jpg,886,165,1098,377,282,358
0113485.jpg,885,164,1097,376,415,293
0113486.jpg,886,164,1094,372,472,290
0113487.jpg,887,166,1091,370,544,264
0113488.jpg,889,169,1087,367,538,263
0113489.jpg,889,168,1087,366,603,247
0113490.jpg,889,168,1087,366,600,253
0113491.jpg,889,168,1087,366,599,252
0113492.jpg,889,167,1087,365,598,253
0113493.jpg,889,167,1087,365,596,252
0113494.jpg,889,167,1087,365,596,253
0113495.jpg,892,168,1086,362,595,252
0113496.jpg,892,167,1086,361,596,253
0113497.jpg,894,168,1084,358,595,253
0113498.jpg,896,169,1082,355,596,254
0113499.jpg,898,170,1080,352,595,255
0113500.jpg,899,171,1079,351,596,253
0113501.jpg,899,169,1079,349,596,254
0113502.jpg,899,169,1079,349,595,253
0113503.jpg,901,171,1077,347,595,255
0113504.jpg,906,175,1074,343,595,254
0113505.jpg,907,175,1075,343,595,254
0113506.jpg,907,175,1075,343,595,255
0113507.jpg,909,177,1073,341,596,254
0113508.jpg,909,178,1073,342,597,255
0113509.jpg,909,178,1073,342,598,254
0113510.jpg,909,178,1073,342,597,255
0113511.jpg,909,178,1073,342,598,256
0113512.jpg,910,178,1074,342,597,254
0113513.jpg,911,179,1073,341,598,254
0113514.jpg,911,179,1073,341,600,255
0113515.jpg,912,179,1074,341,600,255
