0121000.jpg,409,88,591,270,507,177
0121001.jpg,407,87,593,273,506,178
0121002.jpg,407,88,593,274,504,178
0121003.jpg,403,86,593,276,504,178
0121004.jpg,402,89,592,279,503,180
0121005.jpg,401,89,591,279,502,181
0121006.jpg,401,89,591,279,501,182
0121007.jpg,401,89,591,279,500,183
0121008.jpg,403,91,589,277,500,184
0121009.jpg,401,91,587,277,500,183
0121010.jpg,401,91,587,277,499,183
0121011.jpg,400,91,586,277,498,184
0121012.jpg,400,91,586,277,498,186
0121013.jpg,399,93,581,275,496,184
0121014.jpg,395,96,575,276,496,184
0121015.jpg,393,96,573,276,495,185
0121016.jpg,392,96,572,276,493,185
0121017.jpg,392,96,572,276,491,186
0121018.jpg,390,95,572,277,489,185
0121019.jpg,390,94,572,276,488,187
0121020.jpg,390,94,572,276,488,187
0121021.jpg,384,97,560,273,488,186
0121022.jpg,384,97,560,273,488,187
0121023.jpg,384,97,560,273,487,187
0121024.jpg,384,97,560,273,487,188
0121025.jpg,384,97,560,273,487,186
0121026.jpg,384,97,560,273,487,185
0121027.jpg,384,97,560,273,486,186
0121028.jpg,384,96,560,272,487,188
0121029.jpg,384,96,560,272,487,187
0121030.jpg,385,96,561,272,488,188
0121031.jpg,386,96,562,272,488,188
0121032.jpg,388,94,568,274,488,189
0121033.jpg,388,92,574,278,490,189
0121034.jpg,389,92,575,278,491,189
0121035.jpg,388,90,578,280,494,187
0121036.jpg,391,89,581,279,497,187
0121037.jpg,393,88,583,278,498,187
0121038.jpg,396,88,586,278,500,187
0121039.jpg,396,86,590,280,502,186
0121040.jpg,397,86,591,280,503,186
0121041.jpg,399,86,593,280,503,185
0121042.jpg,401,88,591,278,504,184
0121043.jpg,402,88,592,278,505,184
0121044.jpg,403,88,593,278,506,183
0121045.jpg,404,87,594,277,507,182
0121046.jpg,405,87,595,277,507,183
0121047.jpg,406,87,596,277,508,184
0121048.jpg,409,88,595,274,509,183
0121049.jpg,412,90,594,272,510,182
0121050.jpg,412,90,594,272,510,184
0121051.jpg,412,90,594,272,510,183
0121052.jpg,412,90,594,272,511,184
0121053.jpg,413,90,595,272,510,183
0121054.jpg,413,90,595,272,512,183
0121055.jpg,411,88,597,274,512,182
0121056.jpg,411,89,597,275,512,183
0121057.jpg,409,88,599,278,512,182
0121058.jpg,409,88,599,278,511,182
0121059.jpg,409,88,599,278,512,183
0121060.jpg,411,90,597,276,511,184
0121061.jpg,411,90,597,276,512,184
0121062.jpg,410,90,596,276,512,183
0121063.jpg,412,90,594,272,512,183
0121064.jpg,411,90,593,272,511,183
0121065.jpg,411,90,593,272,511,183
0121066.jpg,411,90,593,272,510,183
0121067.jpg,409,88,595,274,510,182
0121068.jpg,409,88,595,274,511,183
0121069.jpg,409,89,595,275,511,183
0121070.jpg,409,89,595,275,510,184
0121071.jpg,407,88,597,278,510,184
0121072.jpg,406,89,600,283,511,185
0121073.jpg,406,89,600,283,511,184
0121074.jpg,407,89,601,283,511,186
0121075.jpg,407,90,601,284,511,186
0121076.jpg,408,91,602,285,511,188
0121077.jpg,406,89,604,287,512,189
0121078.jpg,406,90,604,288,512,189
0121079.jpg,406,90,604,288,513,189
0121080.jpg,406,90,604,288,513,188
0121081.jpg,406,90,604,288,513,188
0121082.jpg,406,90,604,288,514,187
0121083.jpg,406,90,604,288,513,188
0121084.jpg,406,89,604,287,514,188
0121085.jpg,406,89,604,287,513,188
0121086.jpg,409,90,603,284,513,187
0121087.jpg,411,91,601,281,515,186
0121088.jpg,411,91,601,281,516,186
0121089.jpg,413,93,599,279,517,187
0121090.jpg,413,93,599,279,517,188
0121091.jpg,416,100,596,280,517,189
0121092.jpg,417,105,593,281,515,191
0121093.jpg,417,106,593,282,514,193
0121094.jpg,416,107,592,283,514,193
0121095.jpg,416,107,592,283,514,194
0121096.jpg,416,107,592,283,513,192
0121097.jpg,413,105,593,285,511,193
0121098.jpg,413,105,593,285,511,191
0121099.jpg,412,101,594,283,511,190
0121100.jpg,405,91,603,289,512,188
0121101.jpg,405,90,603,288,511,188
0121102.jpg,405,89,603,287,512,187
0121103.jpg,405,89,603,287,512,186
0121104.jpg,405,89,603,287,514,187
0121105.jpg,406,89,604,287,515,187
0121106.jpg,406,89,604,287,514,185
0121107.jpg,410,91,600,281,515,185
0121108.jpg,412,92,598,278,517,184
0121109.jpg,415,94,597,276,517,184
0121110.jpg,415,94,597,276,519,186
0121111.jpg,415,94,597,276,518,185
0121112.jpg,415,94,597,276,519,187
0121113.jpg,414,93,600,279,519,187
0121114.jpg,414,93,600,279,520,187
0121115.jpg,415,93,601,279,520,186
0121116.jpg,415,93,601,279,521,185
0121117.jpg,418,95,600,277,519,186
0121118.jpg,418,94,600,276,520,185
0121119.jpg,418,94,600,276,521,185
0121120.jpg,419,94,601,276,522,186
0121121.jpg,419,94,601,276,523,186
0121122.jpg,419,94,601,276,522,187
0121123.jpg,419,94,601,276,524,187
0121124.jpg,419,94,601,276,524,186
0121125.jpg,417,93,603,279,522,185
0121126.jpg,415,93,605,283,521,186
0121127.jpg,410,91,604,285,519,187
0121128.jpg,410,91,604,285,519,189
0121129.jpg,410,91,604,285,518,190
0121130.jpg,410,91,604,285,517,189
0121131.jpg,411,91,605,285,517,190
0121132.jpg,414,93,604,283,518,189
0121133.jpg,419,90,609,280,520,189
0121134.jpg,428,93,610,275,522,191
0121135.jpg,434,93,616,275,523,190
0121136.jpg,439,93,621,275,524,191
0121137.jpg,437,89,627,279,525,191
0121138.jpg,440,91,630,281,527,195
0121139.jpg,443,91,633,281,530,196
0121140.jpg,447,93,633,279,532,199
0121141.jpg,447,93,633,279,533,198
0121142.jpg,447,93,633,279,534,199
0121143.jpg,447,94,633,280,533,196
0121144.jpg,447,95,633,281,532,198
0121145.jpg,445,93,635,283,532,197
0121146.jpg,445,93,635,283,531,197
0121147.jpg,445,94,635,284,531,197
0121148.jpg,453,100,629,276,531,197
0121149.jpg,453,102,629,278,532,198
0121150.jpg,454,102,630,278,533,198
0121151.jpg,454,102,630,278,534,197
0121152.jpg,454,103,630,279,534,199
0121153.jpg,455,103,631,279,534,198
0121154.jpg,455,103,631,279,534,199
0121155.jpg,455,103,631,279,534,200
0121156.jpg,455,103,631,279,534,199
0121157.jpg,455,103,631,279,534,199
0121158.jpg,454,103,630,279,533,200
0121159.jpg,453,103,629,279,531,201
0121160.jpg,445,95,635,285,532,200
0121161.jpg,445,95,635,285,532,202
0121162.jpg,443,93,637,287,532,201
0121163.jpg,442,93,636,287,531,202
0121164.jpg,441,93,635,287,529,203
0121165.jpg,445,102,627,284,528,206
0121166.jpg,446,106,626,286,529,208
0121167.jpg,446,106,626,286,528,211
0121168.jpg,446,106,626,286,528,211
0121169.jpg,446,106,626,286,530,210
0121170.jpg,445,105,625,285,529,210
0121171.jpg,444,105,624,285,528,209
0121172.jpg,443,105,623,285,527,209
0121173.jpg,442,105,622,285,527,209
0121174.jpg,441,102,623,284,527,212
0121175.jpg,440,102,622,284,526,212
0121176.jpg,438,102,620,284,525,215
0121177.jpg,435,101,617,283,523,215
0121178.jpg,434,99,616,281,523,214
0121179.jpg,432,99,614,281,522,214
0121180.jpg,430,98,612,280,521,212
0121181.jpg,421,93,611,283,519,205
0121182.jpg,417,92,607,282,518,202
0121183.jpg,414,91,604,281,515,200
0121184.jpg,413,91,603,281,512,199
0121185.jpg,413,91,599,277,512,195
0121186.jpg,412,91,598,277,512,192
0121187.jpg,412,91,598,277,511,190
0121188.jpg,412,91,598,277,511,190
0121189.jpg,412,91,598,277,512,189
0121190.jpg,410,91,600,281,512,191
0121191.jpg,410,91,600,281,513,194
0121192.jpg,410,91,600,281,513,193
0121193.jpg,410,91,600,281,513,194
0121194.jpg,410,91,600,281,514,193
0121195.jpg,411,91,601,281,514,193
0121196.jpg,411,91,601,281,515,192
0121197.jpg,411,91,601,281,514,192
0121198.jpg,411,91,601,281,513,193
0121199.jpg,411,92,601,282,514,194
0121200.jpg,410,90,604,284,515,184
0121201.jpg,413,90,607,284,1050,225
0121202.jpg,417,90,611,284,1060,231
0121203.jpg,428,92,618,282,1061,234
0121204.jpg,435,94,621,280,1061,235
0121205.jpg,437,98,623,284,1062,234
0121206.jpg,439,100,625,286,1063,236
0121207.jpg,443,106,623,286,1065,233
0121208.jpg,445,106,625,286,1066,230
0121209.jpg,448,109,628,289,1066,230
0121210.jpg,449,111,629,291,1067,228
0121211.jpg,448,110,630,292,1067,228
0121212.jpg,446,110,632,296,1067,228
0121213.jpg,442,110,632,300,1068,228
0121214.jpg,442,111,632,301,1068,227
0121215.jpg,442,111,632,301,1067,227
0121216.jpg,442,111,632,301,1068,226
0121217.jpg,442,111,632,301,1067,225
0121218.jpg,441,111,631,301,1068,226
0121219.jpg,441,112,631,302,1067,226
0121220.jpg,440,112,630,302,1068,225
0121221.jpg,439,112,629,302,1068,226
0121222.jpg,439,112,629,302,1069,226
0121223.jpg,436,110,630,304,1069,226
0121224.jpg,436,110,630,304,1069,227
0121225.jpg,438,111,628,301,1069,227
0121226.jpg,438,111,628,301,1069,226
0121227.jpg,438,111,628,301,1069,226
0121228.jpg,438,111,628,301,1069,226
0121229.jpg,439,111,629,301,1068,226
0121230.jpg,439,111,629,301,1069,226
0121231.jpg,439,111,629,301,1068,226
0121232.jpg,440,111,630,301,1069,225
0121233.jpg,440,111,630,301,1069,225
0121234.jpg,440,111,630,301,1069,225
0121235.jpg,440,111,630,301,1070,226
0121236.jpg,440,111,630,301,1071,225
0121237.jpg,440,111,630,301,1071,225
0121238.jpg,440,111,630,301,1070,226
0121239.jpg,440,111,630,301,1070,226
0121240.jpg,442,113,628,299,1071,227
0121241.jpg,442,113,628,299,1071,227
0121242.jpg,442,113,628,299,1071,226
0121243.jpg,442,113,628,299,1072,225
0121244.jpg,442,113,628,299,1072,226
0121245.jpg,440,111,630,301,1073,224
0121246.jpg,437,110,631,304,1073,224
0121247.jpg,435,108,633,306,1075,224
0121248.jpg,434,108,632,306,1074,223
0121249.jpg,429,110,627,308,1075,224
0121250.jpg,433,131,601,299,1076,224
0121251.jpg,435,133,599,297,1076,223
0121252.jpg,432,134,594,296,1075,224
0121253.jpg,431,133,595,297,1076,224
0121254.jpg,428,131,596,299,1076,222
0121255.jpg,428,131,596,299,1076,222
0121256.jpg,423,127,599,303,1077,221
0121257.jpg,423,127,599,303,1077,220
0121258.jpg,423,127,599,303,1079,221
0121259.jpg,423,127,599,303,1078,223
0121260.jpg,426,130,598,302,1078,223
0121261.jpg,427,130,599,302,1078,224
0121262.jpg,427,130,599,302,1078,224
0121263.jpg,425,127,601,303,1078,222
0121264.jpg,424,125,600,301,1080,223
0121265.jpg,422,122,602,302,1080,224
0121266.jpg,422,120,602,300,1080,224
0121267.jpg,422,116,602,296,1081,224
0121268.jpg,422,114,602,294,1081,222
0121269.jpg,422,112,602,292,1080,221
0121270.jpg,423,110,603,290,1080,221
0121271.jpg,423,108,603,288,1080,220
0121272.jpg,423,108,603,288,1081,218
0121273.jpg,426,110,602,286,1081,217
0121274.jpg,426,110,602,286,1080,215
0121275.jpg,427,110,603,286,1080,213
0121276.jpg,430,112,602,284,1080,209
0121277.jpg,430,112,602,284,1080,208
0121278.jpg,430,112,602,284,1079,205
0121279.jpg,430,112,602,284,1078,205
0121280.jpg,428,110,604,286,1079,203
0121281.jpg,426,112,602,288,1077,202
0121282.jpg,426,112,602,288,1078,202
0121283.jpg,424,111,604,291,1077,201
0121284.jpg,424,112,604,292,1078,199
0121285.jpg,422,104,620,302,1078,199
0121286.jpg,422,105,620,303,1078,198
0121287.jpg,422,104,622,304,1077,196
0121288.jpg,422,105,622,305,1078,195
0121289.jpg,422,105,622,305,1079,195
0121290.jpg,422,105,622,305,1079,195
0121291.jpg,422,105,622,305,1079,195
0121292.jpg,422,105,622,305,1078,195
0121293.jpg,421,105,621,305,1079,195
0121294.jpg,420,105,620,305,1078,196
0121295.jpg,423,112,605,294,1078,195
0121296.jpg,423,112,605,294,1078,197
0121297.jpg,422,112,604,294,1078,197
0121298.jpg,422,112,604,294,1077,198
0121299.jpg,422,112,604,294,1076,200
0121300.jpg,422,112,604,294,1076,200
0121301.jpg,420,110,606,296,1074,201
0121302.jpg,420,110,606,296,1074,203
0121303.jpg,420,110,606,296,1073,204
0121304.jpg,420,110,606,296,1073,208
0121305.jpg,420,110,606,296,1072,210
0121306.jpg,420,111,606,297,1073,214
0121307.jpg,420,111,606,297,1072,216
0121308.jpg,420,111,606,297,1074,219
0121309.jpg,420,111,606,297,1074,221
0121310.jpg,420,111,606,297,1073,223
0121311.jpg,420,111,606,297,1074,223
0121312.jpg,420,111,606,297,1074,224
0121313.jpg,420,111,606,297,1075,225
0121314.jpg,420,111,606,297,1075,226
0121315.jpg,419,111,605,297,1076,228
0121316.jpg,419,111,605,297,1076,229
0121317.jpg,419,111,605,297,1076,229
0121318.jpg,419,112,605,298,1077,230
0121319.jpg,419,112,605,298,1078,232
0121320.jpg,419,112,605,298,1078,232
0121321.jpg,419,112,605,298,1078,232
0121322.jpg,419,112,605,298,1079,232
0121323.jpg,419,112,605,298,1078,232
0121324.jpg,419,112,605,298,1079,231
0121325.jpg,419,112,605,298,1079,232
0121326.jpg,435,127,599,291,1079,231
0121327.jpg,435,127,599,291,1079,231
0121328.jpg,435,127,599,291,1080,230
0121329.jpg,435,127,599,291,1080,230
0121330.jpg,435,127,599,291,1079,230
0121331.jpg,435,127,599,291,1080,229
0121332.jpg,435,127,599,291,1079,229
0121333.jpg,435,127,599,291,1080,228
0121334.jpg,435,127,599,291,1080,227
0121335.jpg,435,127,599,291,1079,226
0121336.jpg,435,127,599,291,1080,225
0121337.jpg,435,127,599,291,1081,225
0121338.jpg,435,127,599,291,1079,223
0121339.jpg,435,127,599,291,1079,221
0121340.jpg,435,127,599,291,1079,220
0121341.jpg,435,127,599,291,1080,220
0121342.jpg,435,127,599,291,1079,218
0121343.jpg,435,127,599,291,1080,216
0121344.jpg,435,127,599,291,1079,216
0121345.jpg,435,127,599,291,1079,214
0121346.jpg,435,127,599,291,1080,213
0121347.jpg,435,127,599,291,1079,213
0121348.jpg,435,127,599,291,1079,212
0121349.jpg,435,127,599,291,1079,211
0121350.jpg,435,127,599,291,1079,209
0121351.jpg,434,127,598,291,1079,209
0121352.jpg,434,127,598,291,1078,208
0121353.jpg,434,127,598,291,1079,208
0121354.jpg,434,127,598,291,1079,207
0121355.jpg,434,127,598,291,1080,207
0121356.jpg,435,127,599,291,1080,207
0121357.jpg,435,127,599,291,1079,207
0121358.jpg,435,127,599,291,1079,208
0121359.jpg,435,127,599,291,1080,207
0121360.jpg,434,127,598,291,1079,207
0121361.jpg,434,127,598,291,1079,208
0121362.jpg,434,127,598,291,1080,208
0121363.jpg,434,127,598,291,1080,208
0121364.jpg,435,127,599,291,1080,208
0121365.jpg,435,127,599,291,1079,208
0121366.jpg,435,127,599,291,1078,207
0121367.jpg,435,127,599,291,1079,208
0121368.jpg,435,127,599,291,1077,209
0121369.jpg,435,127,599,291,1078,209
0121370.jpg,435,127,599,291,1078,209
0121371.jpg,435,127,599,291,1082,210
0121372.jpg,435,128,599,292,1083,211
0121373.jpg,435,128,599,292,1085,214
0121374.jpg,435,128,599,292,1087,217
0121375.jpg,435,128,599,292,1088,220
0121376.jpg,435,128,599,292,1089,221
0121377.jpg,435,128,599,292,1089,224
0121378.jpg,435,128,599,292,1090,224
0121379.jpg,435,128,599,292,1090,225
0121380.jpg,435,128,599,292,1090,225
0121381.jpg,435,128,599,292,1090,225
0121382.jpg,435,128,599,292,1090,224
0121383.jpg,435,128,599,292,1088,223
0121384.jpg,435,128,599,292,1088,223
0121385.jpg,435,128,599,292,1087,222
0121386.jpg,435,128,599,292,1085,219
0121387.jpg,419,112,605,298,1082,217
0122000.jpg,975,123,1151,299,411,181
0122001.jpg,975,124,1151,300,414,180
0122002.jpg,975,124,1151,300,413,180
0122003.jpg,975,124,1151,300,414,179
0122004.jpg,975,124,1151,300,413,179
0122005.jpg,975,124,1151,300,413,180
0122006.jpg,974,124,1150,300,412,179
0122007.jpg,973,124,1149,300,412,180
0122008.jpg,973,124,1149,300,411,179
0122009.jpg,972,123,1148,299,411,179
0122010.jpg,970,124,1146,300,410,180
0122011.jpg,970,124,1146,300,411,179
0122012.jpg,966,122,1146,302,410,179
0122013.jpg,964,121,1144,301,409,180
0122014.jpg,963,121,1143,301,185,209
0122015.jpg,963,121,1143,301,189,213
0122016.jpg,962,121,1142,301,188,213
0122017.jpg,962,121,1142,301,189,213
0122018.jpg,960,120,1142,302,187,212
0122019.jpg,959,120,1141,302,187,212
0122020.jpg,958,120,1140,302,187,213
0122021.jpg,955,117,1141,303,187,213
0122022.jpg,955,117,1141,303,188,213
0122023.jpg,954,117,1140,303,188,214
0122024.jpg,954,117,1140,303,188,213
0122025.jpg,956,119,1138,301,187,213
0122026.jpg,956,119,1138,301,188,212
0122027.jpg,956,119,1138,301,189,215
0122028.jpg,956,119,1138,301,190,215
0122029.jpg,956,119,1138,301,189,213
0122030.jpg,956,119,1138,301,190,213
0122031.jpg,956,119,1138,301,188,213
0122032.jpg,956,119,1138,301,187,214
0122033.jpg,956,120,1138,302,186,215
0122034.jpg,956,120,1138,302,412,182
0122035.jpg,956,120,1138,302,411,179
0122036.jpg,956,120,1138,302,412,178
0122037.jpg,956,120,1138,302,412,179
0122038.jpg,956,120,1138,302,412,179
0122039.jpg,955,120,1137,302,412,178
0122040.jpg,955,120,1137,302,411,177
0122041.jpg,955,120,1137,302,411,177
0122042.jpg,956,121,1136,301,410,177
0122043.jpg,956,121,1136,301,421,169
0122044.jpg,956,121,1136,301,419,171
0122045.jpg,956,121,1136,301,418,170
0122046.jpg,956,121,1136,301,417,171
0122047.jpg,956,121,1136,301,418,171
0122048.jpg,955,120,1137,302,417,171
0122049.jpg,955,120,1137,302,420,169
0122050.jpg,955,120,1137,302,420,169
0122051.jpg,957,121,1137,301,420,169
0122052.jpg,957,122,1137,302,419,169
0122053.jpg,957,122,1137,302,419,171
0122054.jpg,957,122,1137,302,419,170
0122055.jpg,957,122,1137,302,418,171
0122056.jpg,957,122,1137,302,418,170
0122057.jpg,957,122,1137,302,418,171
0122058.jpg,957,122,1137,302,418,170
0122059.jpg,957,122,1137,302,418,170
0122060.jpg,957,122,1137,302,418,171
0122061.jpg,957,122,1137,302,418,170
0122062.jpg,957,122,1137,302,418,171
0122063.jpg,957,122,1137,302,419,170
0122064.jpg,957,122,1137,302,419,171
0122065.jpg,956,121,1138,303,417,170
0122066.jpg,957,122,1137,302,418,171
0122067.jpg,957,122,1137,302,418,170
0122068.jpg,957,122,1137,302,418,171
0122069.jpg,957,122,1137,302,418,171
0122070.jpg,957,122,1137,302,418,170
0122071.jpg,957,122,1137,302,418,171
0122072.jpg,956,121,1138,303,418,170
0122073.jpg,957,121,1139,303,418,171
0122074.jpg,957,121,1139,303,418,170
0122075.jpg,956,121,1138,303,417,170
0122076.jpg,956,122,1138,304,417,171
0122077.jpg,957,123,1137,303,417,170
0122078.jpg,957,123,1137,303,417,171
0122079.jpg,957,123,1137,303,418,171
0122080.jpg,957,123,1137,303,418,170
0122081.jpg,957,123,1137,303,417,171
0122082.jpg,957,123,1137,303,417,170
0122083.jpg,957,123,1137,303,417,170
0122084.jpg,957,123,1137,303,418,171
0122085.jpg,957,124,1137,304,416,170
0122086.jpg,957,124,1137,304,417,171
0122087.jpg,957,125,1137,305,416,170
0122088.jpg,956,125,1136,305,417,170
0122089.jpg,956,125,1136,305,418,170
0122090.jpg,956,125,1136,305,416,170
0122091.jpg,956,125,1136,305,417,169
0122092.jpg,956,126,1136,306,416,169
0122093.jpg,956,126,1136,306,415,170
0122094.jpg,956,126,1136,306,416,169
0122095.jpg,956,126,1136,306,415,169
0122096.jpg,956,126,1136,306,415,170
0122097.jpg,957,126,1137,306,416,169
0122098.jpg,957,126,1137,306,416,169
0122099.jpg,957,126,1137,306,415,170
0122100.jpg,957,126,1137,306,415,169
0122101.jpg,957,127,1137,307,415,169
0122102.jpg,957,127,1137,307,415,170
0122103.jpg,957,127,1137,307,416,169
0122104.jpg,957,127,1137,307,416,169
0122105.jpg,958,126,1138,306,415,170
0122106.jpg,958,126,1138,306,414,170
0122107.jpg,958,126,1138,306,414,170
0122108.jpg,958,126,1138,306,414,169
0122109.jpg,958,126,1138,306,414,169
0122110.jpg,958,126,1138,306,415,170
0122111.jpg,958,125,1138,305,415,170
0122112.jpg,959,125,1139,305,414,170
0122113.jpg,959,125,1139,305,414,169
0122114.jpg,959,125,1139,305,415,169
0122115.jpg,959,125,1139,305,415,169
0122116.jpg,959,125,1139,305,414,169
0122117.jpg,960,125,1140,305,415,169
0122118.jpg,960,125,1140,305,414,169
0122119.jpg,961,125,1141,305,441,178
0122120.jpg,961,125,1141,305,444,176
0122121.jpg,961,125,1141,305,443,178
0122122.jpg,961,125,1141,305,444,178
0122123.jpg,961,125,1141,305,445,175
0122124.jpg,961,125,1141,305,444,176
0122125.jpg,960,125,1140,305,443,176
0122126.jpg,960,126,1140,306,442,176
0122127.jpg,959,126,1139,306,442,175
0122128.jpg,958,126,1138,306,440,175
0122129.jpg,958,126,1138,306,439,175
0122130.jpg,958,125,1138,305,438,175
0122131.jpg,961,126,1141,306,479,182
0122132.jpg,961,126,1141,306,506,172
0122133.jpg,962,126,1142,306,553,176
0122134.jpg,962,126,1142,306,590,177
0122135.jpg,962,126,1142,306,626,179
0122136.jpg,962,126,1142,306,668,191
0122137.jpg,962,126,1142,306,763,236
0122138.jpg,963,126,1143,306,774,238
0122139.jpg,963,126,1143,306,772,238
0122140.jpg,963,126,1143,306,773,239
0122141.jpg,964,126,1144,306,771,237
0122142.jpg,967,129,1143,305,772,237
0122143.jpg,967,130,1143,306,772,236
0122144.jpg,968,130,1144,306,770,236
0122145.jpg,971,133,1143,305,771,237
0122146.jpg,973,134,1145,306,770,236
0122147.jpg,974,136,1146,308,771,236
0122148.jpg,972,137,1148,313,771,237
0122149.jpg,972,140,1148,316,771,236
0122150.jpg,974,141,1150,317,771,233
0122151.jpg,975,142,1151,318,770,228
0122152.jpg,975,142,1151,318,771,222
0122153.jpg,975,143,1151,319,772,221
0122154.jpg,975,144,1151,320,773,213
0122155.jpg,975,144,1151,320,774,211
0122156.jpg,975,144,1151,320,776,210
0122157.jpg,975,144,1151,320,776,207
0122158.jpg,975,144,1151,320,776,207
0122159.jpg,973,144,1149,320,776,208
0122160.jpg,973,144,1149,320,777,207
0122161.jpg,972,144,1148,320,777,208
0122162.jpg,970,144,1146,320,777,212
0122163.jpg,970,143,1146,319,777,214
0122164.jpg,968,142,1144,318,777,214
0122165.jpg,967,142,1143,318,775,217
0122166.jpg,964,139,1144,319,774,220
0122167.jpg,963,139,1143,319,771,221
0122168.jpg,963,138,1143,318,767,221
0122169.jpg,962,138,1142,318,761,220
0122170.jpg,962,138,1142,318,760,219
0122171.jpg,962,138,1142,318,758,216
0122172.jpg,962,138,1142,318,758,215
0122173.jpg,962,138,1142,318,756,216
0122174.jpg,962,138,1142,318,753,215
0122175.jpg,962,138,1142,318,753,215
0122176.jpg,962,139,1142,319,735,216
0122177.jpg,962,139,1142,319,653,252
0122178.jpg,962,139,1142,319,611,265
0122179.jpg,963,141,1139,317,567,291
0122180.jpg,963,141,1139,317,544,307
0122181.jpg,963,141,1139,317,501,283
0122182.jpg,960,138,1140,318,459,269
0122183.jpg,960,138,1140,318,414,235
0122184.jpg,959,136,1141,318,415,208
0122185.jpg,959,136,1141,318,420,181
0122186.jpg,959,136,1141,318,454,176
0122187.jpg,959,135,1141,317,458,177
0122188.jpg,959,135,1141,317,458,178
0122189.jpg,959,133,1141,315,458,179
0122190.jpg,959,134,1139,314,458,179
0122191.jpg,958,132,1138,312,457,181
0122192.jpg,957,131,1137,311,457,180
0122193.jpg,956,129,1138,311,460,182
0122194.jpg,956,129,1138,311,459,181
0122195.jpg,955,129,1137,311,459,180
0122196.jpg,955,128,1137,310,460,179
0122197.jpg,955,128,1137,310,460,180
0122198.jpg,955,127,1137,309,461,181
0122199.jpg,955,126,1137,308,461,182
0122200.jpg,956,126,1136,306,464,183
0122201.jpg,956,126,1136,306,461,182
0122202.jpg,956,126,1136,306,546,224
0122203.jpg,956,127,1136,307,633,234
0122204.jpg,956,127,1136,307,707,234
0122205.jpg,956,127,1136,307,1037,225
0122206.jpg,957,126,1139,308,1035,230
0122207.jpg,958,124,1144,310,1043,231
0122208.jpg,959,124,1145,310,1045,230
0122209.jpg,962,122,1148,308,1048,230
0122210.jpg,963,122,1149,308,1049,231
0122211.jpg,964,122,1150,308,1051,232
0122212.jpg,964,121,1150,307,1053,231
0122213.jpg,965,121,1151,307,1052,230
0122214.jpg,966,120,1152,306,1052,229
0122215.jpg,966,119,1152,305,1053,229
0122216.jpg,966,119,1152,305,1052,229
0122217.jpg,968,121,1150,303,1053,228
0122218.jpg,968,121,1150,303,1054,228
0122219.jpg,968,121,1150,303,1054,227
0122220.jpg,968,121,1150,303,1054,227
0122221.jpg,968,121,1150,303,1056,228
0122222.jpg,968,121,1150,303,1055,227
0122223.jpg,968,121,1150,303,1056,228
0122224.jpg,969,121,1151,303,1056,227
0122225.jpg,969,122,1151,304,1056,227
0122226.jpg,967,120,1153,306,1058,227
0122227.jpg,967,120,1153,306,1057,227
0122228.jpg,967,120,1153,306,1059,229
0122229.jpg,968,120,1150,302,1059,229
0122230.jpg,968,120,1150,302,1059,229
0122231.jpg,968,120,1150,302,1060,229
0122232.jpg,968,120,1150,302,1060,228
0122233.jpg,967,120,1149,302,1059,228
0122234.jpg,967,120,1149,302,1059,227
0122235.jpg,966,120,1148,302,1060,228
0122236.jpg,966,120,1148,302,1058,228
0122237.jpg,967,121,1147,301,1056,227
0122238.jpg,965,121,1145,301,1055,226
0122239.jpg,965,120,1145,300,1055,226
0122240.jpg,965,120,1145,300,1054,226
0122241.jpg,965,120,1145,300,1054,226
0122242.jpg,965,120,1145,300,1054,225
0122243.jpg,965,120,1145,300,1054,225
0122244.jpg,966,120,1146,300,1056,224
0122245.jpg,967,119,1147,299,1056,224
0122246.jpg,967,119,1147,299,1056,224
0122247.jpg,968,118,1148,298,1058,223
0122248.jpg,971,119,1147,295,1057,223
0122249.jpg,969,117,1149,297,1059,223
0122250.jpg,970,117,1150,297,1058,224
0122251.jpg,970,117,1150,297,1059,224
0122252.jpg,970,117,1150,297,1059,222
0122253.jpg,970,116,1150,296,1059,222
0122254.jpg,969,114,1151,296,1058,220
0122255.jpg,969,114,1151,296,1058,220
0122256.jpg,971,114,1153,296,1059,219
0122257.jpg,971,114,1153,296,1060,219
0122258.jpg,971,114,1153,296,1061,219
0122259.jpg,971,114,1153,296,1062,220
0122260.jpg,972,114,1154,296,1062,222
0122261.jpg,972,115,1154,297,1062,221
0122262.jpg,970,113,1156,299,1063,222
0122263.jpg,968,112,1158,302,1062,221
0122264.jpg,968,112,1158,302,1063,221
0122265.jpg,968,113,1158,303,1063,221
0122266.jpg,969,113,1159,303,1064,221
0122267.jpg,969,113,1159,303,1065,222
0122268.jpg,969,113,1159,303,1065,221
0122269.jpg,968,113,1158,303,1066,221
0122270.jpg,968,113,1158,303,1065,219
0122271.jpg,970,114,1156,300,1066,219
0122272.jpg,970,113,1156,299,1068,218
0122273.jpg,971,112,1157,298,1070,218
0122274.jpg,973,112,1155,294,1073,219
0122275.jpg,974,112,1156,294,1074,216
0122276.jpg,974,110,1156,292,1075,215
0122277.jpg,975,108,1155,288,1076,213
0122278.jpg,975,106,1155,286,1077,213
0122279.jpg,976,105,1156,285,1076,212
0122280.jpg,975,102,1157,284,1076,210
0122281.jpg,975,101,1157,283,1077,207
0122282.jpg,975,99,1157,281,1076,207
0122283.jpg,975,98,1157,280,1077,205
0122284.jpg,972,95,1158,281,1076,205
0122285.jpg,972,94,1158,280,1077,203
0122286.jpg,969,92,1159,282,1076,202
0122287.jpg,969,91,1159,281,1076,202
0122288.jpg,969,90,1159,280,1077,200
0122289.jpg,970,89,1160,279,1076,199
0122290.jpg,974,90,1156,272,1078,198
0122291.jpg,974,89,1156,271,1078,199
0122292.jpg,974,89,1156,271,1076,199
0122293.jpg,974,89,1156,271,1077,200
0122294.jpg,974,89,1156,271,1076,200
0122295.jpg,974,89,1156,271,1076,199
0122296.jpg,974,89,1156,271,1076,200
0122297.jpg,974,89,1156,271,1075,201
0122298.jpg,974,89,1156,271,1072,199
0122299.jpg,973,90,1155,272,1071,200
0122300.jpg,971,90,1153,272,1068,198
0122301.jpg,969,90,1151,272,1063,199
0122302.jpg,969,92,1151,274,1061,200
0122303.jpg,967,92,1149,274,1060,200
0122304.jpg,965,92,1147,274,1059,204
0122305.jpg,965,94,1147,276,1058,206
0122306.jpg,964,96,1146,278,1058,210
0122307.jpg,965,100,1145,280,1056,213
0122308.jpg,963,105,1143,285,1056,214
0122309.jpg,963,107,1143,287,1058,218
0122310.jpg,963,109,1143,289,1059,219
0122311.jpg,965,114,1145,294,1059,221
0122312.jpg,966,114,1146,294,1060,222
0122313.jpg,967,117,1147,297,1061,223
0122314.jpg,970,119,1150,299,1062,224
0122315.jpg,973,121,1149,297,1062,226
0122316.jpg,973,123,1149,299,1062,227
0122317.jpg,974,123,1150,299,1064,228
0122318.jpg,974,123,1150,299,1064,228
0122319.jpg,974,124,1150,300,1065,230
0122320.jpg,976,125,1152,301,1066,231
0122321.jpg,978,128,1150,300,1066,230
0122322.jpg,979,129,1151,301,1067,230
0122323.jpg,979,129,1151,301,1068,230
0122324.jpg,977,127,1153,303,1068,229
0122325.jpg,977,128,1153,304,1067,230
0122326.jpg,975,126,1155,306,1067,230
0122327.jpg,975,126,1155,306,1067,230
0122328.jpg,975,126,1155,306,1065,230
0122329.jpg,977,127,1153,303,1066,228
0122330.jpg,977,125,1153,301,1066,228
0122331.jpg,977,125,1153,301,1065,228
0122332.jpg,977,125,1153,301,1066,228
0122333.jpg,977,125,1153,301,1066,228
0122334.jpg,977,125,1153,301,1068,227
0122335.jpg,977,124,1153,300,1068,225
0122336.jpg,977,124,1153,300,1070,224
0122337.jpg,977,123,1153,299,1071,225
0122338.jpg,976,122,1152,298,1072,224
0122339.jpg,974,119,1154,299,1072,224
0122340.jpg,974,119,1154,299,1073,222
0122341.jpg,970,112,1160,302,1073,222
0122342.jpg,970,112,1160,302,1075,221
0122343.jpg,970,111,1160,301,1074,219
0122344.jpg,970,110,1160,300,1075,218
0122345.jpg,970,108,1160,298,1075,218
0122346.jpg,972,109,1158,295,1075,216
0122347.jpg,971,109,1157,295,1074,216
0122348.jpg,971,107,1157,293,1074,214
0122349.jpg,970,107,1156,293,1074,214
0122350.jpg,970,106,1156,292,1074,213
0122351.jpg,972,107,1154,289,1076,213
0122352.jpg,973,107,1155,289,1075,212
0122353.jpg,973,106,1155,288,1046,207
0122354.jpg,974,103,1156,285,1061,210
0122355.jpg,974,103,1156,285,1063,209
0122356.jpg,974,102,1156,284,1064,210
0122357.jpg,973,102,1155,284,1062,209
0122358.jpg,973,102,1155,284,1063,208
0122359.jpg,974,103,1154,283,1064,208
0122360.jpg,974,102,1154,282,1063,210
0122361.jpg,974,102,1154,282,1064,208
0122362.jpg,974,102,1154,282,1064,208
0122363.jpg,974,101,1154,281,1064,208
0122364.jpg,974,101,1154,281,1064,208
0122365.jpg,974,101,1154,281,1065,210
0122366.jpg,974,101,1154,281,1064,208
0122367.jpg,974,101,1154,281,1063,208
0122368.jpg,974,101,1154,281,1064,207
0122369.jpg,974,101,1154,281,1064,207
0122370.jpg,974,101,1154,281,1066,208
0122371.jpg,974,102,1154,282,1069,210
0122372.jpg,975,104,1155,284,1074,212
0122373.jpg,977,105,1157,285,1077,213
0122374.jpg,976,105,1158,287,1077,217
0122375.jpg,976,109,1158,291,1078,220
0122376.jpg,973,109,1163,299,1080,224
0122377.jpg,973,112,1163,302,1082,225
0122378.jpg,973,113,1163,303,1083,225
0122379.jpg,976,116,1162,302,1084,224
0122380.jpg,979,119,1161,301,1084,223
0122381.jpg,979,119,1161,301,1083,223
0122382.jpg,979,119,1161,301,1082,222
0122383.jpg,979,119,1161,301,1082,222
0122384.jpg,973,115,1163,305,1080,221
0122385.jpg,971,112,1165,306,1080,220
0122386.jpg,970,111,1164,305,1078,218
0122387.jpg,972,111,1162,301,1077,216
0123000.jpg,717,108,899,290,656,402
0123001.jpg,717,108,899,290,655,410
0123002.jpg,717,108,899,290,656,412
0123003.jpg,717,108,899,290,654,417
0123004.jpg,717,108,899,290,656,418
0123005.jpg,717,108,899,290,656,422
0123006.jpg,716,108,898,290,657,423
0123007.jpg,715,107,897,289,659,423
0123008.jpg,715,107,897,289,658,424
0123009.jpg,716,108,896,288,658,424
0123010.jpg,717,110,893,286,657,426
0123011.jpg,717,110,893,286,657,428
0123012.jpg,716,109,892,285,658,428
0123013.jpg,716,109,892,285,659,430
0123014.jpg,716,109,892,285,659,429
0123015.jpg,716,109,892,285,660,428
0123016.jpg,716,108,892,284,659,428
0123017.jpg,715,108,891,284,660,428
0123018.jpg,715,108,891,284,659,432
0123019.jpg,715,108,891,284,659,430
0123020.jpg,715,108,891,284,658,430
0123021.jpg,715,109,891,285,658,430
0123022.jpg,715,109,891,285,658,430
0123023.jpg,718,111,890,283,658,428
0123024.jpg,718,111,890,283,658,427
0123025.jpg,718,111,890,283,657,426
0123026.jpg,718,111,890,283,658,425
0123027.jpg,717,111,889,283,657,422
0123028.jpg,709,113,881,285,656,423
0123029.jpg,704,114,876,286,602,425
0123030.jpg,699,114,871,286,634,294
0123031.jpg,687,114,867,294,593,252
0123032.jpg,678,116,858,296,493,201
0123033.jpg,674,117,854,297,494,206
0123034.jpg,673,129,835,291,496,205
0123035.jpg,673,129,835,291,498,206
0123036.jpg,672,131,834,293,500,205
0123037.jpg,669,131,831,293,501,204
0123038.jpg,669,132,831,294,504,206
0123039.jpg,668,132,830,294,505,205
0123040.jpg,667,133,829,295,505,205
0123041.jpg,667,133,829,295,506,204
0123042.jpg,666,133,828,295,507,205
0123043.jpg,666,133,828,295,509,205
0123044.jpg,666,133,828,295,510,205
0123045.jpg,667,133,829,295,510,205
0123046.jpg,667,133,829,295,510,204
0123047.jpg,666,132,830,296,512,204
0123048.jpg,665,131,829,295,512,205
0123049.jpg,665,131,829,295,511,205
0123050.jpg,665,131,829,295,512,205
0123051.jpg,665,131,829,295,512,205
0123052.jpg,665,131,829,295,514,204
0123053.jpg,665,131,829,295,513,204
0123054.jpg,663,128,831,296,514,205
0123055.jpg,663,128,831,296,514,206
0123056.jpg,664,128,832,296,514,205
0123057.jpg,664,128,832,296,515,205
0123058.jpg,664,128,832,296,514,206
0123059.jpg,664,128,832,296,514,206
0123060.jpg,665,128,833,296,515,207
0123061.jpg,665,128,833,296,515,207
0123062.jpg,666,127,834,295,513,206
0123063.jpg,666,127,834,295,513,204
0123064.jpg,666,127,834,295,513,205
0123065.jpg,666,127,834,295,513,206
0123066.jpg,666,127,834,295,514,205
0123067.jpg,666,127,834,295,514,205
0123068.jpg,666,127,834,295,513,206
0123069.jpg,667,127,835,295,512,206
0123070.jpg,667,126,835,294,512,205
0123071.jpg,668,126,836,294,513,207
0123072.jpg,668,126,836,294,514,207
0123073.jpg,669,126,837,294,512,209
0123074.jpg,671,128,835,292,514,211
0123075.jpg,671,128,835,292,515,212
0123076.jpg,672,128,836,292,514,213
0123077.jpg,672,128,836,292,516,214
0123078.jpg,673,128,837,292,515,214
0123079.jpg,673,128,837,292,516,214
0123080.jpg,673,128,837,292,515,214
0123081.jpg,673,128,837,292,516,214
0123082.jpg,673,128,837,292,516,214
0123083.jpg,673,129,837,293,516,214
0123084.jpg,673,129,837,293,515,214
0123085.jpg,673,129,837,293,515,214
0123086.jpg,673,129,837,293,516,214
0123087.jpg,673,128,837,292,518,214
0123088.jpg,673,128,837,292,518,214
0123089.jpg,673,128,837,292,518,212
0123090.jpg,673,128,837,292,519,216
0123091.jpg,673,127,837,291,520,217
0123092.jpg,673,127,837,291,519,219
0123093.jpg,673,127,837,291,520,222
0123094.jpg,673,127,837,291,519,223
0123095.jpg,673,127,837,291,518,223
0123096.jpg,673,127,837,291,517,223
0123097.jpg,673,127,837,291,517,221
0123098.jpg,673,127,837,291,515,221
0123099.jpg,673,127,837,291,514,219
0123100.jpg,674,127,838,291,514,219
0123101.jpg,674,127,838,291,513,216
0123102.jpg,673,127,837,291,514,215
0123103.jpg,673,127,837,291,515,215
0123104.jpg,674,127,838,291,561,245
0123105.jpg,671,119,853,301,563,246
0123106.jpg,672,119,854,301,563,246
0123107.jpg,672,119,854,301,564,245
0123108.jpg,672,119,854,301,563,245
0123109.jpg,672,119,854,301,566,244
0123110.jpg,672,120,854,302,566,246
0123111.jpg,672,121,854,303,566,246
0123112.jpg,673,121,855,303,568,247
0123113.jpg,673,123,855,305,568,246
0123114.jpg,674,125,856,307,568,248
0123115.jpg,674,127,856,309,625,305
0123116.jpg,674,129,856,311,659,382
0123117.jpg,672,128,862,318,680,320
0123118.jpg,673,130,863,320,681,320
0123119.jpg,673,131,863,321,681,322
0123120.jpg,674,132,864,322,683,322
0123121.jpg,678,135,864,321,682,323
0123122.jpg,679,137,865,323,681,323
0123123.jpg,680,137,866,323,681,323
0123124.jpg,683,138,869,324,680,323
0123125.jpg,688,143,868,323,681,323
0123126.jpg,694,148,866,320,682,320
0123127.jpg,695,149,867,321,681,321
0123128.jpg,695,149,867,321,682,321
0123129.jpg,695,150,867,322,681,321
0123130.jpg,695,150,867,322,688,322
0123131.jpg,693,149,869,325,706,326
0123132.jpg,693,150,869,326,723,331
0123133.jpg,693,150,869,326,728,340
0123134.jpg,695,152,867,324,740,337
0123135.jpg,695,152,867,324,734,331
0123136.jpg,694,151,866,323,727,332
0123137.jpg,692,149,868,325,725,333
0123138.jpg,692,148,868,324,723,333
0123139.jpg,690,148,866,324,722,333
0123140.jpg,686,146,866,326,720,333
0123141.jpg,685,146,865,326,719,331
0123142.jpg,685,145,865,325,717,329
0123143.jpg,684,145,864,325,716,327
0123144.jpg,684,144,864,324,717,327
0123145.jpg,683,144,863,324,700,252
0123146.jpg,683,143,863,323,699,248
0123147.jpg,684,143,864,323,698,247
0123148.jpg,683,143,863,323,699,247
0123149.jpg,684,143,864,323,698,248
0123150.jpg,684,141,864,321,697,247
0123151.jpg,682,135,864,317,697,247
0123152.jpg,681,127,863,309,697,248
0123153.jpg,679,118,865,304,702,193
0123154.jpg,679,114,865,300,703,193
0123155.jpg,678,109,868,299,704,193
0123156.jpg,678,105,868,295,704,193
0123157.jpg,678,104,868,294,704,193
0123158.jpg,678,104,868,294,704,193
0123159.jpg,679,104,869,294,703,193
0123160.jpg,678,104,868,294,704,193
0123161.jpg,678,104,868,294,704,193
0123162.jpg,680,107,866,293,704,193
0123163.jpg,679,108,865,294,703,193
0123164.jpg,678,109,864,295,704,193
0123165.jpg,678,112,864,298,704,193
0123166.jpg,677,114,863,300,704,193
0123167.jpg,675,115,861,301,704,193
0123168.jpg,675,118,855,298,663,222
0123169.jpg,672,126,836,290,538,198
0123170.jpg,671,126,835,290,540,202
0123171.jpg,671,124,835,288,539,202
0123172.jpg,670,124,834,288,540,202
0123173.jpg,668,124,832,288,539,202
0123174.jpg,667,123,831,287,538,201
0123175.jpg,666,123,830,287,548,198
0123176.jpg,666,123,830,287,543,199
0123177.jpg,664,121,832,289,539,198
0123178.jpg,662,121,830,289,536,197
0123179.jpg,659,119,831,291,532,199
0123180.jpg,657,119,829,291,526,199
0123181.jpg,656,119,828,291,519,198
0123182.jpg,655,119,827,291,517,196
0123183.jpg,655,119,827,291,511,195
0123184.jpg,653,117,829,293,504,193
0123185.jpg,653,117,829,293,499,190
0123186.jpg,650,115,830,295,497,189
0123187.jpg,650,115,830,295,494,189
0123188.jpg,650,115,830,295,496,189
0123189.jpg,650,115,830,295,495,192
0123190.jpg,650,115,830,295,494,192
0123191.jpg,650,115,830,295,494,195
0123192.jpg,651,115,831,295,495,197
0123193.jpg,651,115,831,295,494,194
0123194.jpg,654,116,830,292,494,193
0123195.jpg,656,116,832,292,495,193
0123196.jpg,660,116,836,292,572,232
0123197.jpg,664,116,840,292,671,219
0123198.jpg,676,114,856,294,715,206
0123199.jpg,677,113,859,295,727,190
0123200.jpg,679,113,861,295,728,192
0123201.jpg,679,111,865,297,728,190
0123202.jpg,679,111,865,297,729,190
0123203.jpg,681,111,867,297,731,190
0123204.jpg,681,111,867,297,731,190
0123205.jpg,682,111,868,297,728,191
0123206.jpg,684,111,870,297,728,191
0123207.jpg,684,110,870,296,728,190
0123208.jpg,686,110,872,296,730,190
0123209.jpg,690,112,872,294,774,224
0123210.jpg,694,112,876,294,797,221
0123211.jpg,700,113,882,295,842,205
0123212.jpg,707,115,889,297,1049,213
0123213.jpg,709,115,891,297,1056,215
0123214.jpg,709,113,895,299,1057,215
0123215.jpg,712,114,898,300,1057,216
0123216.jpg,716,114,902,300,1058,215
0123217.jpg,714,112,904,302,1059,215
0123218.jpg,716,112,906,302,1059,213
0123219.jpg,717,112,907,302,1058,214
0123220.jpg,718,112,908,302,1058,215
0123221.jpg,720,111,910,301,1059,214
0123222.jpg,721,111,911,301,1059,214
0123223.jpg,722,111,912,301,1058,214
0123224.jpg,723,111,913,301,1059,215
0123225.jpg,724,111,914,301,1059,215
0123226.jpg,724,111,914,301,1059,216
0123227.jpg,725,111,915,301,1060,215
0123228.jpg,725,111,915,301,1061,216
0123229.jpg,725,111,915,301,1042,218
0123230.jpg,725,111,915,301,1056,220
0123231.jpg,725,111,915,301,1055,220
0123232.jpg,725,111,915,301,1057,219
0123233.jpg,726,111,916,301,1059,219
0123234.jpg,726,111,916,301,1058,218
0123235.jpg,726,112,916,302,1059,219
0123236.jpg,726,112,916,302,1059,217
0123237.jpg,726,112,916,302,1057,217
0123238.jpg,725,112,915,302,1056,218
0123239.jpg,725,112,915,302,1056,218
0123240.jpg,724,112,914,302,1056,215
0123241.jpg,722,112,912,302,1056,215
0123242.jpg,721,112,911,302,1056,215
0123243.jpg,720,112,910,302,1057,215
0123244.jpg,716,110,910,304,1058,214
0123245.jpg,715,110,909,304,1059,213
0123246.jpg,714,110,908,304,1059,214
0123247.jpg,717,114,903,300,1032,235
0123248.jpg,717,114,903,300,1039,236
0123249.jpg,716,114,902,300,1039,235
0123250.jpg,713,116,903,306,1032,278
0123251.jpg,712,116,902,306,1016,297
0123252.jpg,711,118,901,308,1023,297
0123253.jpg,709,118,899,308,1026,296
0123254.jpg,708,118,898,308,1028,296
0123255.jpg,710,121,896,307,1029,295
0123256.jpg,709,121,895,307,1074,413
0123257.jpg,710,124,892,306,1086,405
0123258.jpg,710,124,892,306,1105,399
0123259.jpg,713,128,889,304,1124,394
0123260.jpg,715,130,887,302,1047,251
0123261.jpg,713,130,885,302,1053,251
0123262.jpg,714,132,882,300,1054,251
0123263.jpg,711,128,879,296,1056,253
0123264.jpg,709,125,877,293,1059,255
0123265.jpg,707,123,875,291,1061,255
0123266.jpg,704,122,872,290,1062,253
0123267.jpg,701,119,873,291,1067,216
0123268.jpg,700,119,872,291,1073,216
0123269.jpg,700,119,872,291,1073,215
0123270.jpg,700,119,872,291,1073,215
0123271.jpg,701,121,873,293,1074,213
0123272.jpg,703,121,875,293,1077,212
0123273.jpg,705,121,877,293,1077,211
0123274.jpg,706,121,878,293,1080,211
0123275.jpg,706,121,878,293,1081,209
0123276.jpg,706,121,878,293,1082,208
0123277.jpg,707,121,879,293,1082,207
0123278.jpg,708,122,880,294,1083,205
0123279.jpg,708,122,880,294,1083,205
0123280.jpg,710,122,882,294,1080,204
0123281.jpg,708,120,884,296,1080,204
0123282.jpg,709,120,885,296,1079,202
0123283.jpg,709,119,885,295,1079,202
0123284.jpg,709,119,885,295,1080,202
0123285.jpg,709,119,885,295,1081,320
0123286.jpg,711,121,883,293,1068,395
0123287.jpg,710,124,882,296,1085,485
0123288.jpg,708,125,880,297,997,522
0123289.jpg,705,128,877,300,962,533
0123290.jpg,703,130,875,302,957,531
0123291.jpg,703,130,875,302,957,530
0123292.jpg,702,130,874,302,957,531
0123293.jpg,701,130,873,302,915,299
0123294.jpg,701,129,873,301,921,303
0123295.jpg,701,129,873,301,923,305
0123296.jpg,700,129,872,301,920,307
0123297.jpg,700,129,872,301,920,313
0123298.jpg,699,129,871,301,921,320
0123299.jpg,697,127,873,303,926,319
0123300.jpg,695,127,871,303,927,319
0123301.jpg,692,125,872,305,959,345
0123302.jpg,692,124,872,304,961,355
0123303.jpg,691,124,871,304,950,364
0123304.jpg,689,123,871,305,947,376
0123306.jpg,689,123,871,305,789,236
0123307.jpg,688,123,870,305,782,236
0123308.jpg,688,123,870,305,781,237
0123309.jpg,687,123,869,305,780,238
0123310.jpg,686,123,868,305,781,238
0123311.jpg,686,123,868,305,781,238
0123312.jpg,683,120,869,306,779,237
0123313.jpg,682,120,868,306,780,237
0123314.jpg,682,120,868,306,780,236
0123315.jpg,682,120,868,306,779,236
0123316.jpg,681,120,867,306,780,236
0123317.jpg,679,118,869,308,779,236
0123318.jpg,679,118,869,308,780,236
0123319.jpg,679,118,869,308,778,237
0123320.jpg,678,118,868,308,778,237
0123321.jpg,678,118,868,308,779,237
0123322.jpg,678,118,868,308,778,237
0123323.jpg,678,118,868,308,778,237
0123324.jpg,678,118,868,308,778,237
0123325.jpg,678,118,868,308,778,237
0123326.jpg,678,118,868,308,778,237
0123327.jpg,678,118,868,308,778,237
0123328.jpg,678,118,868,308,778,237
0123329.jpg,680,118,870,308,779,237
0123330.jpg,680,118,870,308,779,237
0123331.jpg,680,117,870,307,779,236
0123332.jpg,680,117,870,307,779,237
0123333.jpg,680,117,870,307,778,237
0123334.jpg,680,117,870,307,778,237
0123335.jpg,680,117,870,307,778,238
0123336.jpg,680,117,870,307,778,238
0123337.jpg,680,117,870,307,779,237
0123338.jpg,680,117,870,307,779,237
0123339.jpg,682,119,868,305,779,236
0123340.jpg,682,119,868,305,778,236
0123341.jpg,682,119,868,305,778,237
0123342.jpg,680,116,870,306,778,235
0123343.jpg,680,114,870,304,780,236
0123344.jpg,680,113,870,303,778,235
0123345.jpg,680,113,870,303,778,234
0123346.jpg,680,113,870,303,780,234
0123347.jpg,677,111,871,305,779,234
0123348.jpg,677,111,871,305,780,234
0123349.jpg,677,111,871,305,781,233
0123350.jpg,678,110,872,304,782,232
0123351.jpg,679,110,873,304,782,232
0123352.jpg,682,111,872,301,782,231
0123353.jpg,683,111,873,301,783,231
0123354.jpg,684,111,874,301,784,231
0123355.jpg,685,110,875,300,785,231
0123356.jpg,686,110,876,300,785,231
0123357.jpg,689,112,875,298,786,231
0123358.jpg,689,112,875,298,786,231
0123359.jpg,690,112,876,298,787,231
0123360.jpg,690,111,876,297,787,233
0123361.jpg,692,113,874,295,787,233
0123362.jpg,693,113,875,295,786,233
0123363.jpg,693,113,875,295,786,233
0123364.jpg,693,113,875,295,787,234
0123365.jpg,694,113,876,295,787,233
0123366.jpg,694,113,876,295,787,235
0123367.jpg,694,113,876,295,786,235
0123368.jpg,694,113,876,295,785,234
0123369.jpg,694,113,876,295,785,234
0123370.jpg,694,113,876,295,786,234
0123371.jpg,692,111,878,297,785,233
0123372.jpg,692,111,878,297,785,234
0123373.jpg,692,111,878,297,784,231
0123374.jpg,692,111,878,297,785,231
0123375.jpg,692,110,878,296,783,229
0123376.jpg,692,109,878,295,782,227
0123377.jpg,692,107,878,293,783,224
0123378.jpg,691,105,877,291,783,221
0123379.jpg,691,104,877,290,783,216
0123380.jpg,691,101,877,287,783,213
0123381.jpg,691,95,877,281,808,203
0123382.jpg,691,94,877,280,818,206
0123383.jpg,691,90,877,276,816,206
0123384.jpg,693,91,875,273,817,205
0123385.jpg,696,90,876,270,818,204
0123386.jpg,700,89,876,265,819,202
0123387.jpg,704,90,876,262,827,203
0124000.jpg,110,132,268,290,954,523
0124001.jpg,110,132,268,290,954,526
0124002.jpg,110,132,268,290,954,525
0124003.jpg,110,132,268,290,798,519
0124004.jpg,110,132,268,290,795,520
0124005.jpg,110,132,268,290,796,520
0124006.jpg,110,132,268,290,795,520
0124007.jpg,110,132,268,290,796,520
0124008.jpg,110,131,268,289,795,520
0124009.jpg,110,131,268,289,797,520
0124010.jpg,110,131,268,289,796,519
0124011.jpg,110,131,268,289,797,520
0124012.jpg,111,131,269,289,795,519
0124013.jpg,111,131,269,289,721,501
0124014.jpg,111,131,269,289,640,450
0124015.jpg,111,130,269,288,644,453
0124016.jpg,111,130,269,288,643,454
0124017.jpg,111,130,269,288,643,454
0124018.jpg,110,130,268,288,644,454
0124019.jpg,110,130,268,288,644,455
0124020.jpg,110,129,268,287,645,454
0124021.jpg,109,129,267,287,645,454
0124022.jpg,109,129,267,287,645,454
0124023.jpg,109,129,267,287,644,454
0124024.jpg,110,129,268,287,644,453
0124025.jpg,110,129,268,287,369,412
0124026.jpg,110,129,268,287,368,416
0124027.jpg,110,129,268,287,368,417
0124028.jpg,108,127,270,289,367,418
0124029.jpg,105,121,273,289,365,417
0124030.jpg,104,121,272,289,364,416
0124031.jpg,104,121,272,289,365,416
0124032.jpg,104,121,272,289,365,418
0124033.jpg,107,123,269,285,648,433
0124034.jpg,107,123,269,285,650,435
0124035.jpg,107,123,269,285,651,432
0124036.jpg,106,126,270,290,651,430
0124037.jpg,106,126,270,290,647,428
0124038.jpg,106,126,270,290,645,418
0124039.jpg,108,127,270,289,642,405
0124040.jpg,109,127,271,289,641,401
0124041.jpg,109,127,271,289,637,387
0124042.jpg,109,127,273,291,628,360
0124043.jpg,109,127,273,291,622,353
0124044.jpg,109,127,273,291,617,339
0124045.jpg,109,127,273,291,610,345
0124046.jpg,109,127,273,291,600,341
0124047.jpg,109,127,273,291,592,342
0124048.jpg,109,127,273,291,586,338
0124049.jpg,109,128,273,292,582,336
0124050.jpg,109,128,273,292,579,330
0124051.jpg,109,128,273,292,575,328
0124052.jpg,109,128,273,292,570,326
0124053.jpg,108,128,272,292,569,326
0124054.jpg,108,128,272,292,567,327
0124055.jpg,108,128,272,292,565,325
0124056.jpg,108,128,272,292,560,323
0124057.jpg,108,127,272,291,557,322
0124058.jpg,108,127,272,291,559,329
0124059.jpg,108,127,272,291,561,335
0124060.jpg,108,127,272,291,563,344
0124061.jpg,108,127,272,291,563,349
0124062.jpg,108,127,272,291,565,359
0124063.jpg,108,127,272,291,573,376
0124064.jpg,108,127,272,291,577,389
0124065.jpg,108,128,272,292,584,395
0124066.jpg,108,128,272,292,588,399
0124067.jpg,108,128,272,292,594,422
0124068.jpg,108,128,272,292,596,424
0124069.jpg,107,128,271,292,596,423
0124070.jpg,107,127,271,291,596,417
0124071.jpg,107,127,271,291,595,418
0124072.jpg,107,127,271,291,593,416
0124073.jpg,107,127,271,291,590,416
0124074.jpg,107,127,271,291,587,414
0124075.jpg,107,127,271,291,581,413
0124076.jpg,107,127,271,291,573,424
0124078.jpg,107,128,271,292,503,201
0124079.jpg,105,126,273,294,506,201
0124080.jpg,106,126,274,294,507,200
0124081.jpg,108,128,272,292,506,199
0124082.jpg,108,128,272,292,507,199
0124083.jpg,108,128,272,292,508,199
0124084.jpg,108,128,272,292,508,197
0124085.jpg,108,128,272,292,507,198
0124086.jpg,108,128,272,292,507,197
0124087.jpg,108,128,272,292,509,196
0124088.jpg,108,128,272,292,509,194
0124089.jpg,108,128,272,292,509,195
0124090.jpg,108,127,272,291,511,197
0124091.jpg,107,127,271,291,510,199
0124092.jpg,107,127,271,291,511,202
0124093.jpg,107,127,271,291,510,205
0124094.jpg,107,127,271,291,509,204
0124095.jpg,107,127,271,291,508,204
0124096.jpg,107,127,271,291,507,205
0124097.jpg,107,127,271,291,505,203
0124098.jpg,107,128,271,292,504,201
0124099.jpg,107,128,271,292,504,201
0124100.jpg,108,128,272,292,505,200
0124101.jpg,108,128,272,292,504,198
0124102.jpg,108,128,272,292,505,197
0124103.jpg,108,128,272,292,505,197
0124104.jpg,108,128,272,292,507,197
0124105.jpg,108,128,272,292,507,196
0124106.jpg,108,128,272,292,508,197
0124107.jpg,108,128,272,292,509,197
0124108.jpg,108,128,272,292,980,217
0124109.jpg,108,128,270,290,982,215
0124110.jpg,108,128,270,290,983,214
0124111.jpg,107,128,269,290,984,215
0124112.jpg,106,128,268,290,985,214
0124113.jpg,106,128,268,290,985,214
0124114.jpg,106,128,268,290,986,214
0124115.jpg,106,128,268,290,987,215
0124116.jpg,106,128,268,290,988,214
0124117.jpg,106,128,268,290,988,214
0124118.jpg,106,128,268,290,990,214
0124119.jpg,107,128,269,290,989,215
0124120.jpg,107,128,269,290,990,215
0124121.jpg,108,128,270,290,989,215
0124122.jpg,107,128,271,292,989,214
0124123.jpg,107,128,271,292,991,215
0124124.jpg,108,128,272,292,989,215
0124125.jpg,108,128,272,292,515,186
0124126.jpg,108,128,272,292,502,178
0124127.jpg,108,128,272,292,492,181
0124128.jpg,108,128,272,292,507,196
0124129.jpg,108,128,272,292,525,199
0124130.jpg,108,128,272,292,991,214
0124131.jpg,108,128,272,292,990,214
0124132.jpg,108,128,272,292,992,214
0124133.jpg,108,127,272,291,992,215
0124134.jpg,108,127,272,291,989,214
0124135.jpg,108,127,272,291,994,210
0124136.jpg,107,127,271,291,992,212
0124137.jpg,107,127,271,291,991,212
0124138.jpg,107,127,271,291,993,214
0124139.jpg,107,127,271,291,993,214
0124140.jpg,107,127,271,291,993,214
0124141.jpg,107,127,271,291,993,213
0124142.jpg,107,127,271,291,933,237
0124143.jpg,107,127,271,291,550,190
0124144.jpg,108,128,270,290,547,196
0124145.jpg,108,128,270,290,546,195
0124146.jpg,108,128,270,290,546,195
0124147.jpg,108,129,270,291,546,196
0124148.jpg,108,129,270,291,547,196
0124149.jpg,108,129,270,291,547,197
0124150.jpg,108,129,270,291,549,195
0124151.jpg,108,129,270,291,550,196
0124152.jpg,107,129,269,291,549,199
0124153.jpg,107,129,269,291,550,198
0124154.jpg,107,129,269,291,549,197
0124155.jpg,107,129,269,291,550,199
0124156.jpg,109,131,267,289,550,198
0124157.jpg,109,131,267,289,549,198
0124158.jpg,109,131,267,289,548,199
0124159.jpg,109,131,267,289,547,199
0124160.jpg,109,131,267,289,546,200
0124161.jpg,109,131,267,289,547,199
0124162.jpg,109,131,267,289,545,199
0124163.jpg,109,131,267,289,544,200
0124164.jpg,109,131,267,289,543,201
0124165.jpg,107,129,269,291,544,201
0124166.jpg,107,129,269,291,543,204
0124167.jpg,107,129,269,291,543,204
0124168.jpg,107,129,269,291,544,205
0124169.jpg,107,129,269,291,543,204
0124170.jpg,107,129,269,291,543,202
0124171.jpg,107,129,269,291,542,202
0124172.jpg,107,129,269,291,542,203
0124173.jpg,107,129,269,291,542,203
0124174.jpg,107,129,269,291,540,202
0124175.jpg,107,129,269,291,539,201
0124176.jpg,107,129,269,291,537,199
0124177.jpg,107,129,269,291,534,198
0124178.jpg,107,129,269,291,533,197
0124179.jpg,107,129,269,291,528,195
0124180.jpg,107,129,269,291,523,193
0124181.jpg,107,129,269,291,519,195
0124182.jpg,107,129,269,291,516,193
0124183.jpg,107,129,269,291,510,192
0124184.jpg,107,129,269,291,507,190
0124185.jpg,107,129,269,291,504,187
0124186.jpg,107,128,269,290,506,188
0124187.jpg,107,128,269,290,505,186
0124188.jpg,107,128,269,290,506,187
0124189.jpg,107,128,269,290,505,186
0124190.jpg,107,128,269,290,505,187
0124191.jpg,107,128,269,290,506,189
0124192.jpg,107,128,269,290,506,190
0124193.jpg,107,128,269,290,505,188
0124194.jpg,107,129,269,291,506,188
0124195.jpg,107,129,269,291,506,186
0124196.jpg,107,129,269,291,508,187
0124197.jpg,107,129,269,291,508,187
0124198.jpg,107,129,269,291,508,188
0124199.jpg,107,129,269,291,508,188
0124200.jpg,107,129,269,291,509,188
0124201.jpg,107,129,269,291,512,187
0124202.jpg,107,129,269,291,517,192
0124203.jpg,107,129,269,291,522,194
0124204.jpg,107,129,269,291,623,264
0124205.jpg,108,131,266,289,628,266
0124206.jpg,108,131,266,289,978,230
0124207.jpg,108,131,266,289,1012,229
0124208.jpg,108,131,266,289,1004,219
0124209.jpg,106,129,268,291,1016,219
0124210.jpg,105,129,267,291,1018,219
0124211.jpg,104,128,268,292,1020,220
0124212.jpg,104,129,268,293,1022,219
0124213.jpg,103,129,267,293,1022,220
0124214.jpg,103,132,265,294,1022,218
0124215.jpg,103,132,265,294,1022,218
0124216.jpg,103,132,265,294,1023,219
0124217.jpg,100,135,262,297,1021,217
0124218.jpg,96,135,258,297,1021,217
0124219.jpg,94,136,258,300,1021,219
0124220.jpg,90,139,254,303,1023,219
0124221.jpg,83,138,251,306,1023,219
0124222.jpg,80,138,248,306,1023,219
0124223.jpg,79,138,247,306,1024,219
0124224.jpg,72,139,240,307,1024,220
0124225.jpg,72,141,236,305,1023,218
0124226.jpg,72,142,236,306,1023,219
0124227.jpg,71,142,235,306,1022,218
0124228.jpg,70,142,234,306,1023,220
0124229.jpg,70,142,234,306,1023,220
0124230.jpg,68,146,236,314,1023,220
0124231.jpg,68,149,236,317,1022,220
0124232.jpg,68,153,236,321,1022,218
0124233.jpg,67,153,235,321,1022,218
0124234.jpg,66,153,234,321,1023,219
0124235.jpg,66,153,234,321,1021,219
0124236.jpg,64,150,236,322,1021,217
0124237.jpg,65,150,237,322,1019,218
0124238.jpg,65,149,237,321,1018,215
0124239.jpg,66,148,238,320,846,215
0124240.jpg,64,145,240,321,839,218
0124241.jpg,64,144,240,320,838,219
0124242.jpg,66,144,238,316,838,218
0124243.jpg,71,147,233,309,837,218
0124244.jpg,73,147,235,309,836,218
0124245.jpg,73,147,235,309,835,218
0124246.jpg,72,144,240,312,835,218
0124247.jpg,76,147,244,315,834,218
0124248.jpg,76,147,244,315,831,218
0124249.jpg,76,148,244,316,830,219
0124250.jpg,76,148,244,316,829,220
0124251.jpg,75,148,243,316,829,222
0124252.jpg,72,149,240,317,828,222
0124253.jpg,71,149,239,317,827,222
0124254.jpg,71,149,239,317,825,223
0124255.jpg,71,149,239,317,825,222
0124256.jpg,75,151,243,319,826,222
0124257.jpg,76,151,244,319,826,222
0124258.jpg,74,149,246,321,826,220
0124259.jpg,74,149,246,321,827,222
0124260.jpg,75,149,247,321,824,224
0124261.jpg,75,147,247,319,821,223
0124262.jpg,76,145,248,317,818,222
0124263.jpg,77,144,249,316,815,221
0124264.jpg,79,145,247,313,814,217
0124265.jpg,80,145,248,313,811,216
0124266.jpg,81,145,249,313,805,215
0124267.jpg,79,143,251,315,804,216
0124268.jpg,79,144,251,316,806,220
0124269.jpg,79,146,251,318,807,220
0124270.jpg,81,149,249,317,808,222
0124271.jpg,81,149,249,317,807,221
0124272.jpg,83,149,251,317,808,222
0124273.jpg,84,150,252,318,1006,206
0124274.jpg,84,150,252,318,1001,206
0124275.jpg,84,151,252,319,1001,205
0124276.jpg,84,151,252,319,1001,206
0124277.jpg,83,151,251,319,1001,206
0124278.jpg,83,151,251,319,1000,206
0124279.jpg,83,151,251,319,998,205
0124280.jpg,83,151,251,319,998,205
0124281.jpg,83,150,251,318,999,205
0124282.jpg,83,150,251,318,997,205
0124283.jpg,83,150,251,318,998,206
0124284.jpg,83,151,251,319,997,206
0124285.jpg,83,151,251,319,1019,175
0124286.jpg,82,150,250,318,1018,176
0124287.jpg,82,150,250,318,1018,174
0124288.jpg,82,150,250,318,1018,174
0124289.jpg,80,148,252,320,1017,174
0124290.jpg,81,148,253,320,1017,174
0124291.jpg,81,148,253,320,1018,175
0124292.jpg,81,149,253,321,1018,174
0124293.jpg,80,149,252,321,1018,174
0124294.jpg,81,151,249,319,1016,174
0124295.jpg,81,151,249,319,1017,173
0124296.jpg,81,151,249,319,1017,174
0124297.jpg,81,151,249,319,1005,199
0124298.jpg,81,151,249,319,922,257
0124299.jpg,81,151,249,319,857,272
0124300.jpg,82,151,250,319,796,220
0124301.jpg,82,151,250,319,794,215
0124302.jpg,82,151,250,319,794,214
0124303.jpg,81,151,249,319,794,214
0124304.jpg,81,151,249,319,793,213
0124305.jpg,81,151,249,319,792,219
0124306.jpg,81,151,249,319,791,218
0124307.jpg,81,151,249,319,791,218
0124308.jpg,82,151,250,319,791,218
0124309.jpg,82,151,250,319,790,214
0124310.jpg,82,151,250,319,529,219
0124311.jpg,82,151,250,319,529,222
0124312.jpg,82,151,250,319,529,224
0124313.jpg,82,151,250,319,529,223
0124314.jpg,82,151,250,319,529,223
0124315.jpg,82,151,250,319,528,223
0124316.jpg,82,151,250,319,528,223
0124317.jpg,82,151,250,319,529,227
0124318.jpg,80,149,252,321,529,226
0124319.jpg,80,149,252,321,528,227
0124320.jpg,79,149,251,321,529,225
0124321.jpg,79,149,251,321,529,224
0124322.jpg,79,149,251,321,529,225
0124323.jpg,80,152,248,320,528,224
0124324.jpg,80,152,248,320,528,224
0124325.jpg,79,152,247,320,527,225
0124326.jpg,79,152,247,320,527,224
0124327.jpg,77,148,249,320,527,227
0124328.jpg,77,148,249,320,527,226
0124329.jpg,77,148,249,320,527,226
0124330.jpg,77,148,249,320,527,227
0124331.jpg,77,148,249,320,527,227
0124332.jpg,76,148,248,320,527,227
0124333.jpg,78,151,246,319,527,226
0124334.jpg,78,151,246,319,527,226
0124335.jpg,79,151,247,319,527,226
0124336.jpg,81,151,249,319,527,226
0124337.jpg,83,152,251,320,542,217
0124338.jpg,85,154,249,318,536,221
0124339.jpg,86,154,250,318,534,221
0124340.jpg,88,153,252,317,534,221
0124341.jpg,88,153,252,317,534,221
0124342.jpg,88,153,252,317,533,222
0124343.jpg,88,153,252,317,533,222
0124344.jpg,87,153,251,317,534,221
0124345.jpg,84,150,252,318,534,222
0124346.jpg,81,148,253,320,533,221
0124347.jpg,80,148,252,320,533,221
0124348.jpg,79,148,251,320,533,221
0124349.jpg,80,148,248,316,533,221
0124350.jpg,79,147,247,315,566,231
0124351.jpg,79,146,247,314,995,186
0124352.jpg,79,145,247,313,992,188
0124353.jpg,79,145,247,313,991,188
0124354.jpg,79,145,247,313,991,186
0124355.jpg,79,145,247,313,991,186
0124356.jpg,79,145,247,313,990,187
0124357.jpg,79,145,247,313,990,187
0124358.jpg,81,147,245,311,989,187
0124359.jpg,81,147,245,311,989,186
0124360.jpg,81,148,245,312,990,187
0124361.jpg,80,147,248,315,898,226
0124362.jpg,78,146,250,318,805,215
0124363.jpg,78,147,250,319,782,207
0124364.jpg,78,147,250,319,541,223
0124365.jpg,79,147,251,319,534,224
0124366.jpg,79,147,251,319,533,223
0124367.jpg,80,147,252,319,533,223
0124368.jpg,80,147,252,319,533,223
0124369.jpg,80,147,252,319,533,223
0124370.jpg,80,147,252,319,534,223
0124371.jpg,80,147,252,319,534,223
0124372.jpg,80,147,252,319,534,223
0124373.jpg,80,148,252,320,534,223
0124374.jpg,81,150,249,318,534,223
0124375.jpg,81,150,249,318,533,223
0124376.jpg,80,150,248,318,533,223
0124377.jpg,80,150,248,318,533,223
0124378.jpg,80,150,248,318,534,223
0124379.jpg,80,150,248,318,534,223
0124380.jpg,80,150,248,318,533,223
0124381.jpg,80,150,248,318,534,223
0124382.jpg,80,150,248,318,534,223
0124383.jpg,80,150,248,318,533,223
0124384.jpg,80,150,248,318,534,223
0124385.jpg,81,150,249,318,533,223
0124386.jpg,83,153,247,317,533,223
0124387.jpg,83,153,247,317,534,223
