0141000.jpg,203,143,439,379,330,244
0141001.jpg,205,143,441,379,331,246
0141002.jpg,207,144,443,380,334,249
0141003.jpg,208,144,448,384,337,251
0141004.jpg,209,146,449,386,339,253
0141005.jpg,211,148,451,388,339,255
0141006.jpg,211,148,451,388,341,254
0141007.jpg,214,148,454,388,343,255
0141008.jpg,217,148,457,388,345,255
0141009.jpg,219,149,459,389,347,254
0141010.jpg,221,150,461,390,348,255
0141011.jpg,222,150,462,390,348,257
0141012.jpg,223,152,463,392,392,254
0141013.jpg,221,150,465,394,387,256
0141014.jpg,221,150,465,394,386,257
0141015.jpg,222,150,466,394,386,256
0141016.jpg,222,151,466,395,387,257
0141017.jpg,223,153,463,393,386,259
0141018.jpg,223,153,463,393,386,259
0141019.jpg,223,154,463,394,385,261
0141020.jpg,223,155,463,395,386,261
0141021.jpg,223,155,463,395,386,261
0141022.jpg,223,157,463,397,384,263
0141023.jpg,223,157,463,397,408,269
0141024.jpg,219,155,467,403,408,269
0141025.jpg,219,155,467,403,407,269
0141026.jpg,219,156,467,404,405,271
0141027.jpg,221,158,465,402,405,271
0141028.jpg,220,158,464,402,404,272
0141029.jpg,218,158,462,402,400,272
0141030.jpg,217,158,461,402,396,271
0141031.jpg,216,158,460,402,395,273
0141032.jpg,214,158,458,402,392,272
0141033.jpg,213,158,457,402,392,272
0141034.jpg,212,158,456,402,390,272
0141035.jpg,211,158,455,402,390,272
0141036.jpg,211,158,455,402,389,272
0141037.jpg,208,159,452,403,364,267
0141038.jpg,206,157,454,405,354,268
0141039.jpg,206,157,454,405,352,268
0141040.jpg,208,159,452,403,350,268
0141041.jpg,206,154,450,398,349,267
0141042.jpg,201,154,445,398,349,266
0141043.jpg,201,154,445,398,348,266
0141044.jpg,201,153,445,397,347,265
0141045.jpg,201,153,445,397,345,264
0141046.jpg,199,152,443,396,345,263
0141047.jpg,199,152,443,396,344,262
0141048.jpg,199,152,443,396,344,262
0141049.jpg,199,152,443,396,343,261
0141050.jpg,200,154,440,394,343,262
0141051.jpg,200,153,440,393,341,262
0141052.jpg,199,153,439,393,340,261
0141053.jpg,199,151,439,391,340,260
0141054.jpg,198,150,438,390,339,260
0141055.jpg,197,150,437,390,337,258
0141056.jpg,196,149,436,389,335,257
0141057.jpg,196,148,436,388,334,258
0141058.jpg,195,148,435,388,334,256
0141059.jpg,194,148,434,388,335,256
0141060.jpg,194,147,434,387,333,255
0141061.jpg,193,147,433,387,331,256
0141062.jpg,193,146,433,386,330,256
0141063.jpg,190,144,434,388,331,256
0141064.jpg,189,145,433,389,332,254
0141065.jpg,187,143,435,391,331,253
0141066.jpg,185,142,437,394,330,254
0141067.jpg,184,142,436,394,329,253
0141068.jpg,184,142,436,394,330,254
0141069.jpg,184,142,436,394,329,252
0141070.jpg,184,140,436,392,329,253
0141071.jpg,183,139,435,391,328,251
0141072.jpg,182,138,434,390,329,250
0141073.jpg,182,137,434,389,329,251
0141074.jpg,181,136,433,388,328,250
0141075.jpg,181,136,433,388,328,249
0141076.jpg,180,134,434,388,329,249
0141077.jpg,180,133,434,387,328,248
0141078.jpg,180,133,432,385,327,246
0141079.jpg,179,133,431,385,327,246
0141080.jpg,179,133,431,385,324,245
0141081.jpg,181,135,429,383,322,243
0141082.jpg,180,135,428,383,322,245
0141083.jpg,180,135,428,383,321,245
0141084.jpg,177,135,425,383,318,246
0141085.jpg,176,134,424,382,318,244
0141086.jpg,174,134,422,382,316,245
0141087.jpg,172,133,420,381,314,245
0141088.jpg,167,130,415,378,314,243
0141089.jpg,166,130,414,378,312,243
0141090.jpg,165,129,413,377,310,242
0141091.jpg,164,129,412,377,310,241
0141092.jpg,164,129,412,377,310,242
0141093.jpg,164,129,412,377,309,244
0141094.jpg,164,132,416,384,307,246
0141095.jpg,164,135,416,387,308,248
0141096.jpg,165,136,417,388,308,250
0141097.jpg,165,139,417,391,307,251
0141098.jpg,165,140,417,392,308,252
0141099.jpg,165,140,417,392,308,253
0141100.jpg,165,141,417,393,309,254
0141101.jpg,170,145,414,389,312,256
0141102.jpg,170,146,414,390,314,260
0141103.jpg,173,146,417,390,311,260
0141104.jpg,174,146,418,390,351,256
0141105.jpg,176,146,420,390,348,259
0141106.jpg,177,149,421,393,349,259
0141107.jpg,178,149,422,393,348,258
0141108.jpg,178,149,422,393,349,258
0141109.jpg,177,149,421,393,347,258
0141110.jpg,177,148,421,392,349,258
0141111.jpg,177,147,421,391,348,258
0141112.jpg,177,147,421,391,348,258
0141113.jpg,177,147,421,391,348,258
0141114.jpg,177,147,421,391,347,259
0141115.jpg,177,147,421,391,347,259
0141116.jpg,176,147,424,395,346,258
0141117.jpg,176,147,424,395,347,259
0141118.jpg,176,147,424,395,346,260
0141119.jpg,176,149,420,393,347,259
0141120.jpg,176,149,420,393,348,261
0141121.jpg,176,149,420,393,347,261
0141122.jpg,176,149,420,393,346,261
0141123.jpg,175,149,419,393,346,260
0141124.jpg,174,149,418,393,345,260
0141125.jpg,174,149,418,393,345,260
0141126.jpg,173,149,417,393,343,260
0141127.jpg,171,148,415,392,343,260
0141128.jpg,170,147,414,391,343,260
0141129.jpg,170,147,414,391,341,259
0141130.jpg,170,146,414,390,341,258
0141131.jpg,169,146,413,390,340,257
0141132.jpg,167,145,411,389,340,256
0141133.jpg,166,145,410,389,338,254
0141134.jpg,164,144,408,388,338,252
0141135.jpg,164,144,408,388,334,251
0141136.jpg,162,144,406,388,333,251
0141137.jpg,161,144,405,388,330,250
0141138.jpg,160,144,404,388,328,250
0141139.jpg,158,144,402,388,325,251
0141140.jpg,157,143,401,387,323,251
0141141.jpg,154,143,398,387,321,251
0141142.jpg,151,143,395,387,320,250
0141143.jpg,149,144,393,388,316,250
0141144.jpg,143,142,391,390,313,249
0141145.jpg,138,140,390,392,310,247
0141146.jpg,136,140,388,392,306,247
0141147.jpg,132,140,384,392,301,247
0141148.jpg,126,139,378,391,299,247
0141149.jpg,123,138,375,390,296,248
0141150.jpg,121,137,373,389,292,247
0141151.jpg,124,140,368,384,291,246
0141152.jpg,122,139,366,383,289,247
0141153.jpg,123,141,363,381,289,246
0141154.jpg,123,140,363,380,288,247
0141155.jpg,123,140,363,380,287,247
0141156.jpg,122,140,362,380,288,247
0141157.jpg,122,140,362,380,286,248
0141158.jpg,121,140,361,380,286,247
0141159.jpg,121,140,361,380,285,246
0141160.jpg,121,139,361,379,285,245
0141161.jpg,121,138,361,378,285,244
0141162.jpg,123,140,359,376,287,245
0141163.jpg,124,138,358,372,288,244
0141164.jpg,124,138,358,372,288,244
0141165.jpg,124,137,358,371,290,244
0141166.jpg,124,136,360,372,291,244
0141167.jpg,123,134,363,374,291,244
0141168.jpg,127,133,367,373,293,243
0141169.jpg,126,131,370,375,296,243
0141170.jpg,126,131,370,375,296,244
0141171.jpg,127,132,371,376,298,243
0141172.jpg,127,132,371,376,299,242
0141173.jpg,130,132,374,376,300,243
0141174.jpg,131,132,375,376,300,242
0141175.jpg,133,132,377,376,301,242
0141176.jpg,135,134,383,382,303,242
0141177.jpg,136,132,388,384,303,242
0141178.jpg,137,132,389,384,305,241
0141179.jpg,138,132,390,384,306,241
0141180.jpg,138,132,390,384,307,242
0141181.jpg,139,132,391,384,308,241
0141182.jpg,140,132,392,384,310,240
0141183.jpg,140,132,392,384,311,240
0141184.jpg,140,132,392,384,311,240
0141185.jpg,144,132,388,376,312,240
0141186.jpg,144,132,388,376,313,241
0141187.jpg,144,131,388,375,313,241
0141188.jpg,145,131,389,375,313,239
0141189.jpg,145,131,389,375,315,240
0141190.jpg,148,132,388,372,314,240
0141191.jpg,148,132,388,372,314,238
0141192.jpg,149,132,389,372,315,239
0141193.jpg,150,132,390,372,316,238
0141194.jpg,150,132,390,372,318,238
0141195.jpg,151,132,391,372,317,237
0141196.jpg,152,131,392,371,317,238
0141197.jpg,152,132,392,372,319,238
0141198.jpg,153,132,393,372,319,239
0141199.jpg,155,132,395,372,320,237
0141200.jpg,156,132,396,372,320,238
0141201.jpg,158,131,398,371,322,237
0141202.jpg,162,133,398,369,322,239
0141203.jpg,163,133,399,369,325,239
0141204.jpg,164,133,400,369,326,238
0141205.jpg,165,133,401,369,327,237
0141206.jpg,164,129,404,369,327,237
0141207.jpg,165,128,405,368,328,237
0141208.jpg,165,128,405,368,329,236
0141209.jpg,166,128,406,368,330,237
0141210.jpg,167,128,407,368,331,237
0141211.jpg,167,128,407,368,331,236
0141212.jpg,168,129,408,369,331,238
0141213.jpg,169,130,409,370,332,237
0141214.jpg,167,128,411,372,331,238
0141215.jpg,168,128,412,372,334,238
0141216.jpg,169,129,413,373,335,240
0141217.jpg,171,129,415,373,335,239
0141218.jpg,173,129,417,373,337,239
0141219.jpg,176,129,420,373,339,238
0141220.jpg,178,129,422,373,342,239
0141221.jpg,185,131,425,371,344,238
0141222.jpg,183,129,427,373,346,236
0141223.jpg,187,131,427,371,348,236
0141224.jpg,189,131,429,371,354,236
0141225.jpg,191,131,431,371,355,237
0141226.jpg,193,131,433,371,359,236
0141227.jpg,194,131,434,371,359,236
0141228.jpg,198,133,434,369,362,239
0141229.jpg,198,133,434,369,362,238
0141230.jpg,198,134,434,370,363,239
0141231.jpg,197,132,437,372,366,240
0141232.jpg,198,132,438,372,365,240
0141233.jpg,199,132,439,372,365,241
0141234.jpg,199,132,439,372,366,241
0141235.jpg,199,131,439,371,367,240
0141236.jpg,200,131,440,371,368,240
0141237.jpg,200,131,440,371,367,241
0141238.jpg,201,131,441,371,366,239
0141239.jpg,201,130,441,370,365,241
0141240.jpg,203,130,443,370,365,239
0141241.jpg,203,130,443,370,367,239
0141242.jpg,203,130,443,370,366,240
0141243.jpg,204,130,444,370,366,239
0141244.jpg,204,130,444,370,366,239
0141245.jpg,204,130,444,370,366,239
0141246.jpg,204,130,444,370,365,239
0141247.jpg,204,130,444,370,365,236
0141248.jpg,204,128,444,368,362,236
0141249.jpg,204,126,444,366,363,235
0141250.jpg,204,126,444,366,362,232
0141251.jpg,204,125,444,365,362,231
0141252.jpg,204,125,444,365,362,231
0141253.jpg,204,125,444,365,361,230
0141254.jpg,206,125,442,361,360,229
0141255.jpg,206,124,442,360,360,229
0141256.jpg,206,122,442,358,359,228
0141257.jpg,206,122,442,358,359,227
0141258.jpg,206,122,442,358,360,226
0141259.jpg,206,122,442,358,359,226
0141260.jpg,204,122,440,358,358,224
0141261.jpg,202,121,438,357,357,225
0141262.jpg,202,120,438,356,357,224
0141263.jpg,202,120,438,356,357,225
0141264.jpg,202,120,438,356,358,225
0141265.jpg,201,120,437,356,358,224
0141266.jpg,201,120,437,356,357,225
0141267.jpg,201,120,437,356,356,224
0141268.jpg,201,120,437,356,356,224
0141269.jpg,202,120,438,356,358,224
0141270.jpg,204,120,440,356,358,225
0141271.jpg,206,120,442,356,360,224
0141272.jpg,205,118,445,358,361,224
0141273.jpg,206,118,446,358,363,224
0141274.jpg,205,116,449,360,367,223
0141275.jpg,206,116,450,360,368,225
0141276.jpg,210,117,454,361,371,226
0141277.jpg,216,118,460,362,374,227
0141278.jpg,222,121,462,361,378,226
0141279.jpg,226,121,466,361,383,226
0141280.jpg,230,121,470,361,386,227
0141281.jpg,235,120,475,360,391,226
0141282.jpg,241,120,481,360,396,228
0141283.jpg,244,120,484,360,402,228
0141284.jpg,246,120,486,360,406,229
0141285.jpg,255,120,495,360,411,228
0141286.jpg,262,120,502,360,418,229
0141287.jpg,265,121,505,361,423,228
0141288.jpg,270,121,510,361,426,229
0141289.jpg,271,123,511,363,429,229
0141290.jpg,274,123,514,363,433,230
0141291.jpg,279,123,519,363,434,231
0141292.jpg,281,123,521,363,438,230
0141293.jpg,283,123,523,363,442,233
0141294.jpg,284,125,524,365,443,233
0141295.jpg,283,124,527,368,445,235
0141296.jpg,284,124,528,368,447,234
0141297.jpg,286,124,530,368,449,235
0141298.jpg,287,125,531,369,452,235
0141299.jpg,289,125,533,369,454,236
0141300.jpg,293,127,533,367,454,236
0141301.jpg,295,127,535,367,455,237
0141302.jpg,297,128,537,368,456,238
0141303.jpg,296,127,540,371,456,237
0141304.jpg,294,125,542,373,456,238
0141305.jpg,294,125,542,373,456,238
0141306.jpg,294,125,542,373,456,239
0141307.jpg,296,127,540,371,455,238
0141308.jpg,297,127,541,371,456,238
0141309.jpg,298,127,542,371,456,240
0141310.jpg,299,127,543,371,459,240
0141311.jpg,300,127,544,371,460,239
0141312.jpg,299,125,547,373,459,239
0141313.jpg,300,126,548,374,461,241
0141314.jpg,302,126,550,374,462,241
0141315.jpg,307,130,547,370,463,240
0141316.jpg,310,132,546,368,463,238
0141317.jpg,310,132,546,368,464,237
0141318.jpg,311,129,547,365,464,237
0141319.jpg,311,127,547,363,464,236
0141320.jpg,311,126,547,362,463,234
0141321.jpg,308,124,548,364,462,234
0141322.jpg,306,124,546,364,459,234
0141323.jpg,297,122,541,366,454,235
0141324.jpg,292,122,536,366,451,236
0141325.jpg,284,122,528,366,446,236
0141326.jpg,283,124,523,364,441,235
0141327.jpg,281,124,521,364,435,234
0141328.jpg,273,124,513,364,429,231
0141329.jpg,270,122,510,362,424,231
0141330.jpg,261,120,505,364,419,230
0141331.jpg,254,120,498,364,415,229
0141332.jpg,247,120,491,364,410,228
0141333.jpg,245,120,489,364,407,228
0141334.jpg,242,119,486,363,403,228
0141335.jpg,243,121,483,361,401,229
0141336.jpg,242,121,482,361,400,229
0141337.jpg,242,121,482,361,397,228
0141338.jpg,240,121,480,361,397,229
0141339.jpg,236,119,480,363,396,229
0141340.jpg,234,119,478,363,395,229
0141341.jpg,233,120,477,364,392,229
0141342.jpg,232,120,476,364,394,230
0141343.jpg,231,120,475,364,392,231
0141344.jpg,231,120,475,364,392,231
0141345.jpg,231,120,475,364,390,230
0141346.jpg,231,121,475,365,392,231
0141347.jpg,231,121,475,365,392,230
0141348.jpg,231,121,475,365,391,231
0141349.jpg,231,122,475,366,392,232
0141350.jpg,231,122,475,366,393,231
0141351.jpg,231,123,475,367,392,232
0141352.jpg,232,123,476,367,393,232
0141353.jpg,233,124,477,368,394,233
0141354.jpg,235,124,479,368,394,234
0141355.jpg,237,124,481,368,395,234
0141356.jpg,239,126,479,366,396,234
0141357.jpg,240,127,480,367,397,235
0141358.jpg,240,127,480,367,398,235
0141359.jpg,240,126,480,366,399,234
0141360.jpg,241,126,481,366,399,233
0141361.jpg,242,125,482,365,401,233
0141362.jpg,242,124,482,364,400,232
0141363.jpg,245,126,481,362,401,232
0141364.jpg,245,126,481,362,402,231
0141365.jpg,245,126,481,362,401,231
0141366.jpg,245,126,481,362,402,231
0141367.jpg,245,126,481,362,402,230
0141368.jpg,245,126,481,362,402,231
0141369.jpg,243,124,483,364,402,231
0141370.jpg,243,122,483,362,401,230
0141371.jpg,243,122,483,362,403,230
0141372.jpg,243,121,483,361,402,230
0141373.jpg,243,121,483,361,401,230
0141374.jpg,243,121,483,361,402,231
0141375.jpg,242,120,482,360,400,230
0141376.jpg,242,120,482,360,401,229
0141377.jpg,241,119,481,359,400,229
0141378.jpg,239,118,479,358,399,228
0141379.jpg,238,118,478,358,397,228
0141380.jpg,236,118,476,358,397,228
0141381.jpg,231,114,479,362,395,227
0141382.jpg,227,113,479,365,395,227
0141383.jpg,225,113,477,365,393,226
0141384.jpg,224,113,476,365,391,224
0141385.jpg,222,113,474,365,390,224
0141386.jpg,221,113,473,365,388,223
0141387.jpg,220,113,472,365,387,222
0141388.jpg,219,113,471,365,384,220
0141389.jpg,219,113,471,365,383,221
0141390.jpg,218,113,470,365,383,221
0141391.jpg,217,112,471,366,383,220
0141392.jpg,216,112,470,366,382,223
0141393.jpg,215,112,469,366,383,223
0141394.jpg,215,112,469,366,381,222
0141395.jpg,214,112,468,366,379,221
0141396.jpg,213,112,467,366,379,220
0141397.jpg,210,110,464,364,376,219
0141398.jpg,208,108,462,362,374,219
0141399.jpg,206,108,460,362,373,219
0141400.jpg,203,108,457,362,373,220
0141401.jpg,203,107,457,361,373,220
0141402.jpg,203,108,455,360,370,220
0141403.jpg,203,107,455,359,371,219
0141404.jpg,202,107,454,359,370,218
0141405.jpg,202,107,454,359,370,218
0141406.jpg,201,107,453,359,368,219
0141407.jpg,201,107,453,359,370,218
0141408.jpg,201,109,453,361,370,218
0141409.jpg,201,110,453,362,370,220
0141410.jpg,201,110,453,362,371,223
0141411.jpg,202,110,454,362,372,223
0141412.jpg,201,109,455,363,371,225
0141413.jpg,202,109,456,363,373,222
0141414.jpg,203,109,457,363,373,222
0141415.jpg,203,109,457,363,371,221
0141416.jpg,203,108,457,362,372,221
0141417.jpg,202,108,456,362,369,220
0141418.jpg,201,108,455,362,369,219
0141419.jpg,201,108,455,362,367,220
0141420.jpg,201,109,453,361,366,219
0141421.jpg,200,108,452,360,365,219
0141422.jpg,199,108,451,360,363,219
0141423.jpg,198,108,450,360,361,218
0141424.jpg,198,107,450,359,360,216
0141425.jpg,197,107,449,359,359,216
0141426.jpg,199,109,447,357,358,214
0141427.jpg,202,109,446,353,358,214
0141428.jpg,202,108,446,352,356,213
0141429.jpg,202,108,446,352,357,214
0141430.jpg,204,108,448,352,358,215
0141431.jpg,203,106,451,354,362,215
0141432.jpg,205,108,453,356,365,216
0141433.jpg,209,110,457,358,368,219
0141434.jpg,213,112,461,360,371,219
0141435.jpg,219,117,463,361,373,221
0141436.jpg,227,120,467,360,378,223
0141437.jpg,230,121,470,361,380,223
0141438.jpg,234,121,474,361,385,223
0141439.jpg,234,119,478,363,388,222
0141440.jpg,236,120,480,364,391,223
0141441.jpg,238,120,482,364,392,222
0141442.jpg,238,120,482,364,392,225
0141443.jpg,240,122,480,362,393,225
0141444.jpg,240,122,480,362,393,226
0141445.jpg,240,122,480,362,395,227
0141446.jpg,243,124,479,360,395,228
0141447.jpg,243,125,479,361,395,230
0141448.jpg,243,125,479,361,395,231
0141449.jpg,241,125,477,361,394,230
0141450.jpg,240,125,476,361,393,231
0141451.jpg,237,123,477,363,392,231
0141452.jpg,236,123,476,363,392,230
0141453.jpg,235,124,475,364,390,232
0141454.jpg,232,123,476,367,389,231
0141455.jpg,231,124,475,368,388,232
0141456.jpg,228,124,472,368,367,223
0141457.jpg,225,122,473,370,356,228
0141458.jpg,223,123,471,371,351,230
0141459.jpg,220,123,468,371,350,230
0141460.jpg,220,125,464,369,348,231
0141461.jpg,217,125,461,369,345,232
0141462.jpg,215,125,459,369,344,232
0141463.jpg,211,126,455,370,341,232
0141464.jpg,207,127,451,371,339,232
0141465.jpg,205,127,449,371,337,234
0141466.jpg,203,128,447,372,335,235
0141467.jpg,202,129,446,373,332,235
0141468.jpg,201,130,445,374,329,236
0141469.jpg,200,130,444,374,329,237
0141470.jpg,198,130,442,374,328,236
0141471.jpg,198,130,442,374,326,236
0141472.jpg,197,130,441,374,324,237
0141473.jpg,196,130,440,374,324,236
0141474.jpg,194,130,438,374,323,237
0141475.jpg,194,130,438,374,322,236
0141476.jpg,194,130,438,374,322,237
0141477.jpg,195,130,439,374,324,237
0142000.jpg,570,311,778,519,674,399
0142001.jpg,570,311,778,519,682,402
0142002.jpg,570,311,778,519,686,403
0142003.jpg,570,311,778,519,684,403
0142004.jpg,570,311,778,519,685,402
0142005.jpg,571,311,779,519,686,403
0142006.jpg,574,313,778,517,689,403
0142007.jpg,581,313,785,517,690,403
0142008.jpg,582,313,786,517,689,404
0142009.jpg,582,313,786,517,690,403
0142010.jpg,579,309,791,521,692,405
0142011.jpg,580,309,792,521,693,405
0142012.jpg,580,309,792,521,692,405
0142013.jpg,580,309,792,521,694,406
0142014.jpg,580,308,792,520,694,406
0142015.jpg,580,307,792,519,694,406
0142016.jpg,580,307,792,519,695,406
0142017.jpg,580,307,792,519,693,405
0142018.jpg,580,307,792,519,692,406
0142019.jpg,578,306,794,522,691,404
0142020.jpg,578,306,794,522,692,403
0142021.jpg,579,308,795,524,692,403
0142022.jpg,579,308,795,524,693,404
0142023.jpg,581,308,797,524,695,405
0142024.jpg,583,308,799,524,697,404
0142025.jpg,584,309,800,525,698,404
0142026.jpg,586,309,802,525,700,405
0142027.jpg,588,309,804,525,701,407
0142028.jpg,589,309,805,525,703,408
0142029.jpg,591,309,807,525,705,409
0142030.jpg,595,311,807,523,708,408
0142031.jpg,596,311,808,523,710,409
0142032.jpg,607,322,805,520,713,410
0142033.jpg,608,322,806,520,714,410
0142034.jpg,608,322,806,520,715,411
0142035.jpg,608,322,806,520,715,410
0142036.jpg,607,322,805,520,715,411
0142037.jpg,602,320,802,520,714,410
0142038.jpg,598,313,806,521,709,410
0142039.jpg,592,311,804,523,705,411
0142040.jpg,590,310,802,522,702,410
0142041.jpg,586,310,798,522,700,408
0142042.jpg,582,310,794,522,696,408
0142043.jpg,580,310,792,522,694,407
0142044.jpg,578,310,790,522,690,405
0142045.jpg,570,310,782,522,687,406
0142046.jpg,568,310,780,522,683,405
0142047.jpg,566,310,778,522,680,404
0142048.jpg,563,310,775,522,676,403
0142049.jpg,561,310,773,522,674,402
0142050.jpg,560,310,772,522,673,401
0142051.jpg,559,310,771,522,670,401
0142052.jpg,557,309,769,521,668,401
0142053.jpg,554,308,766,520,667,400
0142054.jpg,553,309,761,517,664,399
0142055.jpg,551,307,759,515,662,398
0142056.jpg,548,304,760,516,660,398
0142057.jpg,545,303,757,515,659,398
0142058.jpg,545,303,757,515,656,396
0142059.jpg,545,303,757,515,655,395
0142060.jpg,545,300,757,512,653,398
0142061.jpg,545,299,757,511,656,399
0142062.jpg,548,300,756,508,659,398
0142063.jpg,550,299,758,507,659,397
0142064.jpg,556,303,756,503,661,396
0142065.jpg,558,303,758,503,663,395
0142066.jpg,560,301,760,501,666,394
0142067.jpg,563,300,763,500,669,393
0142068.jpg,565,300,765,500,671,390
0142069.jpg,567,300,767,500,673,390
0142070.jpg,568,300,768,500,675,390
0142071.jpg,569,300,769,500,677,391
0142072.jpg,570,301,770,501,677,391
0142073.jpg,570,303,770,503,678,392
0142074.jpg,570,303,770,503,678,393
0142075.jpg,568,302,772,506,678,393
0142076.jpg,569,302,773,506,680,395
0142077.jpg,567,300,775,508,678,396
0142078.jpg,567,300,775,508,679,395
0142079.jpg,567,300,775,508,681,393
0142080.jpg,567,299,775,507,681,393
0142081.jpg,567,297,775,505,682,392
0142082.jpg,563,289,779,505,681,389
0142083.jpg,563,288,779,504,681,388
0142084.jpg,564,288,780,504,681,389
0142085.jpg,564,288,780,504,682,390
0142086.jpg,564,288,780,504,683,388
0142087.jpg,566,290,778,502,685,389
0142088.jpg,567,296,779,508,684,390
0142089.jpg,569,298,777,506,685,390
0142090.jpg,571,300,775,504,684,391
0142091.jpg,571,300,779,508,687,393
0142092.jpg,580,301,788,509,688,392
0142093.jpg,583,301,791,509,690,392
0142094.jpg,583,299,795,511,694,394
0142095.jpg,582,297,798,513,697,394
0142096.jpg,585,298,801,514,700,396
0142097.jpg,589,299,805,515,704,395
0142098.jpg,589,300,805,516,705,397
0142099.jpg,588,301,806,519,708,401
0142100.jpg,591,304,809,522,709,402
0142101.jpg,591,304,809,522,706,403
0142102.jpg,591,304,809,522,707,405
0142103.jpg,589,302,811,524,707,406
0142104.jpg,586,302,808,524,705,406
0142105.jpg,585,302,807,524,702,406
0142106.jpg,583,301,805,523,700,406
0142107.jpg,579,299,801,521,699,405
0142108.jpg,578,301,796,519,696,403
0142109.jpg,577,300,793,516,695,403
0142110.jpg,578,302,790,514,693,402
0142111.jpg,579,304,787,512,693,402
0142112.jpg,580,306,784,510,691,403
0142113.jpg,580,306,784,510,692,403
0142114.jpg,580,305,784,509,691,400
0142115.jpg,580,305,784,509,690,400
0142116.jpg,573,305,777,509,689,400
0142117.jpg,573,304,777,508,689,400
0142118.jpg,573,304,777,508,690,400
0142119.jpg,581,304,785,508,690,401
0142120.jpg,581,302,789,510,692,402
0142121.jpg,580,300,792,512,693,402
0142122.jpg,580,300,792,512,693,402
0142123.jpg,580,300,792,512,692,403
0142124.jpg,580,300,792,512,693,402
0142125.jpg,579,300,791,512,693,404
0142126.jpg,580,302,788,510,690,402
0142127.jpg,581,304,785,508,691,402
0142128.jpg,573,304,777,508,688,402
0142129.jpg,572,304,776,508,689,402
0142130.jpg,571,304,775,508,688,401
0142131.jpg,570,304,774,508,684,400
0142132.jpg,571,306,771,506,683,400
0142133.jpg,571,306,771,506,682,401
0142134.jpg,570,306,770,506,681,400
0142135.jpg,570,306,770,506,681,401
0142136.jpg,570,306,770,506,682,402
0142137.jpg,570,306,770,506,681,402
0142138.jpg,570,306,770,506,681,401
0142139.jpg,570,306,770,506,681,402
0142140.jpg,570,306,770,506,681,402
0142141.jpg,570,306,770,506,682,402
0142142.jpg,569,306,769,506,681,401
0142143.jpg,569,305,769,505,680,400
0142144.jpg,569,304,769,504,680,400
0142145.jpg,569,304,769,504,679,400
0142146.jpg,570,304,770,504,679,398
0142147.jpg,570,303,770,503,681,398
0142148.jpg,570,303,770,503,682,398
0142149.jpg,570,303,770,503,682,399
0142150.jpg,571,302,771,502,685,398
0142151.jpg,571,302,771,502,683,397
0142152.jpg,571,301,771,501,685,398
0142153.jpg,572,301,772,501,684,396
0142154.jpg,572,301,772,501,685,397
0142155.jpg,572,301,772,501,685,397
0142156.jpg,572,300,772,500,685,397
0142157.jpg,572,300,772,500,685,395
0142158.jpg,573,301,771,499,686,395
0142159.jpg,573,301,771,499,685,395
0142160.jpg,573,301,771,499,685,394
0142161.jpg,573,301,771,499,686,395
0142162.jpg,574,301,772,499,687,393
0142163.jpg,574,301,772,499,686,393
0142164.jpg,574,301,772,499,687,393
0142165.jpg,574,301,772,499,687,393
0142166.jpg,574,301,772,499,690,393
0142167.jpg,575,301,773,499,690,393
0142168.jpg,577,301,775,499,692,393
0142169.jpg,583,300,783,500,693,393
0142170.jpg,582,298,786,502,694,394
0142171.jpg,582,298,786,502,694,394
0142172.jpg,583,298,787,502,696,393
0142173.jpg,584,298,788,502,697,394
0142174.jpg,585,298,789,502,698,392
0142175.jpg,586,297,790,501,699,392
0142176.jpg,586,297,790,501,699,392
0142177.jpg,586,295,790,499,700,390
0142178.jpg,582,286,794,498,701,390
0142179.jpg,582,285,794,497,700,388
0142180.jpg,582,285,794,497,701,387
0142181.jpg,582,284,794,496,701,385
0142182.jpg,582,284,794,496,700,384
0142183.jpg,582,284,794,496,701,385
0142184.jpg,581,284,793,496,703,387
0142185.jpg,582,287,790,495,699,390
0142186.jpg,584,295,788,499,679,391
0142187.jpg,583,301,783,501,689,398
0142188.jpg,574,307,772,505,686,405
0142189.jpg,574,313,768,507,683,410
0142190.jpg,578,317,764,503,607,411
0142191.jpg,577,325,763,511,359,410
0142192.jpg,578,327,760,509,287,256
0142193.jpg,576,327,758,509,288,257
0142194.jpg,575,327,757,509,287,257
0142195.jpg,575,328,755,508,288,259
0142196.jpg,572,321,754,503,289,259
0142197.jpg,572,312,754,494,289,257
0142198.jpg,570,304,756,490,289,257
0142199.jpg,567,294,761,488,291,256
0142200.jpg,567,290,761,484,291,257
0142201.jpg,567,288,761,482,293,257
0142202.jpg,567,288,761,482,294,257
0142203.jpg,567,288,761,482,294,257
0142204.jpg,570,290,760,480,296,256
0142205.jpg,572,290,762,480,295,257
0142206.jpg,575,290,765,480,297,256
0142207.jpg,577,290,767,480,298,255
0142208.jpg,581,290,771,480,515,367
0142209.jpg,583,285,783,485,640,372
0142210.jpg,587,283,791,487,670,364
0142211.jpg,593,283,797,487,693,373
0142212.jpg,594,282,802,490,703,378
0142213.jpg,598,283,806,491,707,378
0142214.jpg,600,283,808,491,708,380
0142215.jpg,602,285,810,493,711,382
0142216.jpg,604,286,812,494,712,383
0142217.jpg,604,285,816,497,714,385
0142218.jpg,605,285,817,497,716,386
0142219.jpg,605,285,817,497,719,386
0142220.jpg,605,285,817,497,719,384
0142221.jpg,607,286,815,494,717,384
0142222.jpg,607,285,815,493,716,381
0142223.jpg,608,287,812,491,714,381
0142224.jpg,608,287,812,491,713,380
0142225.jpg,607,287,811,491,711,381
0142226.jpg,607,287,811,491,708,380
0142227.jpg,607,287,811,491,710,383
0142228.jpg,607,287,811,491,712,383
0142229.jpg,608,287,812,491,713,384
0142230.jpg,610,288,814,492,717,384
0142231.jpg,611,287,815,491,720,385
0142232.jpg,614,287,818,491,723,383
0142233.jpg,615,287,819,491,726,384
0142234.jpg,620,287,824,491,728,386
0142235.jpg,620,285,828,493,728,387
0142236.jpg,620,286,828,494,730,388
0142237.jpg,621,286,829,494,730,389
0142238.jpg,621,288,829,496,730,391
0142239.jpg,620,288,832,500,731,394
0142240.jpg,622,290,834,502,733,396
0142241.jpg,623,293,835,505,734,397
0142242.jpg,623,293,835,505,735,397
0142243.jpg,623,293,835,505,735,397
0142244.jpg,622,288,838,504,735,397
0142245.jpg,621,288,837,504,735,396
0142246.jpg,621,288,837,504,734,397
0142247.jpg,621,288,837,504,735,397
0142248.jpg,620,287,836,503,736,397
0142249.jpg,619,286,835,502,734,397
0142250.jpg,617,286,833,502,732,397
0142251.jpg,617,286,833,502,732,397
0142252.jpg,617,285,833,501,732,396
0142253.jpg,619,286,831,498,732,394
0142254.jpg,620,287,828,495,730,394
0142255.jpg,620,286,828,494,729,394
0142256.jpg,622,288,826,492,731,393
0142257.jpg,622,288,826,492,731,393
0142258.jpg,622,288,826,492,730,392
0142259.jpg,621,288,825,492,729,392
0142260.jpg,610,288,818,496,728,394
0142261.jpg,610,288,818,496,726,393
0142262.jpg,607,286,819,498,726,391
0142263.jpg,609,288,817,496,724,390
0142264.jpg,608,288,816,496,725,390
0142265.jpg,607,288,815,496,724,391
0142266.jpg,606,288,814,496,722,391
0142267.jpg,606,288,814,496,721,389
0142268.jpg,605,288,813,496,722,389
0142269.jpg,605,288,813,496,722,389
0142270.jpg,605,288,813,496,721,388
0142271.jpg,605,288,813,496,721,387
0142272.jpg,605,288,813,496,721,387
0142273.jpg,605,288,813,496,720,388
0142274.jpg,605,288,813,496,720,389
0142275.jpg,604,288,812,496,719,392
0142276.jpg,606,290,810,494,720,394
0142277.jpg,606,292,810,496,719,396
0142278.jpg,605,292,809,496,718,396
0142279.jpg,602,290,810,498,715,397
0142280.jpg,596,286,812,502,715,395
0142281.jpg,596,286,812,502,714,393
0142282.jpg,595,286,811,502,713,391
0142283.jpg,595,285,811,501,712,387
0142284.jpg,594,284,810,500,666,382
0142285.jpg,595,284,807,496,665,381
0142286.jpg,596,284,804,492,668,379
0142287.jpg,595,282,803,490,668,376
0142288.jpg,595,282,803,490,671,375
0142289.jpg,595,282,803,490,601,371
0142290.jpg,595,282,803,490,598,372
0142291.jpg,594,283,802,491,596,373
0142292.jpg,593,283,801,491,597,373
0142293.jpg,593,283,801,491,597,374
0142294.jpg,591,285,795,489,597,373
0142295.jpg,588,285,786,483,597,375
0142296.jpg,588,284,786,482,596,374
0142297.jpg,588,283,786,481,595,375
0142298.jpg,588,283,786,481,594,375
0142299.jpg,588,283,786,481,592,375
0142300.jpg,591,283,789,481,593,374
0142301.jpg,597,283,795,481,591,376
0142302.jpg,598,283,796,481,620,371
0142303.jpg,600,285,798,483,622,374
0142304.jpg,600,285,800,485,624,373
0142305.jpg,599,285,803,489,622,373
0142306.jpg,598,285,806,493,692,368
0142307.jpg,600,287,808,495,704,369
0142308.jpg,598,286,810,498,704,372
0142309.jpg,596,285,812,501,705,373
0142310.jpg,596,285,812,501,707,373
0142311.jpg,596,285,812,501,707,374
0142312.jpg,595,285,811,501,704,373
0142313.jpg,594,285,810,501,702,375
0142314.jpg,594,285,810,501,702,374
0142315.jpg,595,287,807,499,698,375
0142316.jpg,594,287,806,499,697,374
0142317.jpg,592,285,808,501,698,375
0142318.jpg,591,285,807,501,700,374
0142319.jpg,591,285,807,501,700,374
0142320.jpg,591,285,807,501,699,375
0142321.jpg,591,285,807,501,699,375
0142322.jpg,591,285,807,501,699,375
0142323.jpg,591,286,807,502,702,377
0142324.jpg,592,286,808,502,703,376
0142325.jpg,592,288,808,504,703,379
0142326.jpg,593,288,809,504,705,380
0142327.jpg,593,287,811,505,708,378
0142328.jpg,594,288,810,504,735,389
0142329.jpg,594,288,810,504,729,397
0142330.jpg,595,287,813,505,728,394
0142331.jpg,595,287,813,505,809,386
0142332.jpg,595,287,813,505,803,390
0142333.jpg,595,287,813,505,801,390
0142334.jpg,595,287,813,505,802,391
0142335.jpg,595,287,813,505,801,391
0142336.jpg,595,287,813,505,800,390
0142337.jpg,595,287,813,505,802,389
0142338.jpg,594,287,812,505,744,396
0142339.jpg,592,287,810,505,696,381
0142340.jpg,591,287,809,505,692,386
0142341.jpg,596,295,804,503,693,384
0142342.jpg,598,297,802,501,693,385
0142343.jpg,599,297,803,501,694,386
0142344.jpg,599,297,803,501,697,389
0142345.jpg,600,297,804,501,698,394
0142346.jpg,600,297,804,501,700,394
0142347.jpg,601,296,805,500,702,395
0142348.jpg,602,296,806,500,703,391
0142349.jpg,602,296,806,500,702,393
0142350.jpg,603,297,807,501,704,394
0142351.jpg,604,297,808,501,705,394
0142352.jpg,608,299,808,499,707,395
0142353.jpg,608,299,808,499,709,395
0142354.jpg,611,300,809,498,711,396
0142355.jpg,612,300,810,498,713,396
0142356.jpg,612,300,810,498,715,395
0142357.jpg,613,300,811,498,715,395
0142358.jpg,613,300,811,498,715,395
0142359.jpg,612,299,812,499,717,396
0142360.jpg,613,299,813,499,718,396
0142361.jpg,613,299,813,499,717,394
0142362.jpg,613,299,813,499,719,396
0142363.jpg,613,299,813,499,718,396
0142364.jpg,613,299,813,499,720,396
0142365.jpg,613,299,813,499,721,397
0142366.jpg,613,299,813,499,722,399
0142367.jpg,613,298,813,498,720,398
0142368.jpg,613,298,813,498,720,398
0142369.jpg,611,296,815,500,722,399
0142370.jpg,611,296,815,500,722,399
0142371.jpg,609,291,817,499,721,398
0142372.jpg,609,290,817,498,722,397
0142373.jpg,609,290,817,498,723,396
0142374.jpg,610,289,818,497,724,395
0142375.jpg,610,289,818,497,726,395
0142376.jpg,610,289,818,497,725,395
0142377.jpg,611,288,819,496,726,396
0142378.jpg,618,285,826,493,728,395
0142379.jpg,618,285,826,493,728,395
0142380.jpg,618,285,826,493,729,394
0142381.jpg,619,284,827,492,729,394
0142382.jpg,619,284,827,492,729,392
0142383.jpg,619,284,827,492,730,393
0142384.jpg,619,284,827,492,730,393
0142385.jpg,619,284,827,492,729,393
0142386.jpg,619,284,827,492,730,393
0142387.jpg,620,286,824,490,729,392
0142388.jpg,613,288,817,492,727,392
0142389.jpg,613,288,817,492,727,392
0142390.jpg,612,288,816,492,726,392
0142391.jpg,611,288,815,492,725,393
0142392.jpg,610,287,814,491,724,393
0142393.jpg,609,287,813,491,724,391
0142394.jpg,609,287,813,491,724,392
0142395.jpg,609,287,813,491,723,391
0142396.jpg,608,287,812,491,721,391
0142397.jpg,608,288,812,492,720,390
0142398.jpg,607,288,811,492,718,390
0142399.jpg,606,288,810,492,717,391
0142400.jpg,606,288,810,492,717,391
0142401.jpg,606,287,810,491,717,392
0142402.jpg,605,287,809,491,715,391
0142403.jpg,605,286,809,490,714,389
0142404.jpg,604,285,808,489,713,390
0142405.jpg,604,285,808,489,712,388
0142406.jpg,603,285,807,489,711,389
0142407.jpg,603,285,807,489,712,389
0142408.jpg,605,288,805,488,712,389
0142409.jpg,605,289,805,489,712,391
0142410.jpg,605,289,805,489,713,390
0142411.jpg,606,289,806,489,714,390
0142412.jpg,606,289,806,489,713,390
0142413.jpg,607,290,807,490,714,391
0142414.jpg,606,288,810,492,716,390
0142415.jpg,607,288,811,492,715,390
0142416.jpg,607,288,811,492,717,390
0142417.jpg,608,288,812,492,719,391
0142418.jpg,609,288,813,492,719,392
0142419.jpg,609,288,813,492,721,393
0142420.jpg,610,288,814,492,721,393
0142421.jpg,611,288,815,492,723,392
0142422.jpg,611,288,815,492,725,392
0142423.jpg,611,288,815,492,724,391
0142424.jpg,612,287,816,491,725,391
0142425.jpg,612,287,816,491,726,391
0142426.jpg,612,287,816,491,726,391
0142427.jpg,613,287,817,491,727,390
0142428.jpg,614,287,818,491,727,391
0142429.jpg,618,284,826,492,727,389
0142430.jpg,618,284,826,492,728,392
0142431.jpg,619,284,827,492,729,392
0142432.jpg,617,281,829,493,730,391
0142433.jpg,618,282,830,494,730,390
0142434.jpg,619,282,831,494,730,389
0142435.jpg,619,282,831,494,727,389
0142436.jpg,619,282,831,494,729,389
0142437.jpg,619,282,831,494,730,390
0142438.jpg,619,283,831,495,728,391
0142439.jpg,618,283,830,495,729,392
0142440.jpg,616,283,828,495,727,393
0142441.jpg,610,284,822,496,727,392
0142442.jpg,608,284,820,496,725,391
0142443.jpg,609,286,817,494,724,392
0142444.jpg,608,288,816,496,722,391
0142445.jpg,608,288,816,496,720,391
0142446.jpg,608,288,816,496,719,391
0142447.jpg,608,288,816,496,718,393
0142448.jpg,608,289,816,497,718,393
0142449.jpg,609,290,817,498,718,394
0142450.jpg,609,290,817,498,719,395
0142451.jpg,607,289,819,501,717,396
0142452.jpg,607,289,819,501,717,396
0142453.jpg,607,289,819,501,717,396
0142454.jpg,607,289,819,501,717,396
0142455.jpg,607,289,819,501,717,396
0142456.jpg,608,292,816,500,717,397
0142457.jpg,608,292,816,500,715,397
0142458.jpg,613,302,811,500,716,398
0142459.jpg,613,302,811,500,716,398
0142460.jpg,613,302,811,500,716,399
0142461.jpg,613,303,811,501,716,401
0142462.jpg,613,303,811,501,716,401
0142463.jpg,613,303,811,501,718,401
0142464.jpg,613,304,811,502,718,401
0142465.jpg,612,304,810,502,717,402
0142466.jpg,612,305,810,503,716,404
0142467.jpg,612,305,810,503,717,404
0142468.jpg,611,305,811,505,716,406
0142469.jpg,611,305,811,505,716,405
0142470.jpg,611,305,811,505,717,407
0142471.jpg,611,305,811,505,718,406
0142472.jpg,611,305,811,505,716,406
0142473.jpg,611,305,811,505,717,407
0142474.jpg,611,305,811,505,717,407
0142475.jpg,611,305,811,505,716,406
0142476.jpg,611,305,811,505,715,406
0142477.jpg,611,305,811,505,717,406
0143000.jpg,897,122,1123,348,1008,209
0143001.jpg,899,122,1125,348,1013,213
0143002.jpg,900,120,1130,350,1015,213
0143003.jpg,903,120,1133,350,1017,214
0143004.jpg,905,120,1135,350,1018,214
0143005.jpg,907,120,1137,350,1020,214
0143006.jpg,908,120,1138,350,1023,215
0143007.jpg,909,120,1139,350,1025,215
0143008.jpg,908,118,1142,352,1025,214
0143009.jpg,909,118,1143,352,1025,214
0143010.jpg,909,117,1143,351,1028,214
0143011.jpg,909,117,1143,351,1029,214
0143012.jpg,909,117,1143,351,1028,215
0143013.jpg,909,117,1143,351,1028,213
0143014.jpg,909,117,1143,351,1028,214
0143015.jpg,908,117,1142,351,1027,215
0143016.jpg,907,117,1141,351,1025,219
0143017.jpg,906,118,1140,352,986,208
0143018.jpg,905,121,1139,355,989,212
0143019.jpg,903,123,1137,357,988,215
0143020.jpg,897,130,1133,366,971,300
0143021.jpg,893,134,1129,370,932,353
0143022.jpg,890,136,1126,372,868,406
0143023.jpg,888,136,1124,372,708,434
0143024.jpg,888,137,1122,371,701,434
0143025.jpg,889,141,1115,367,702,434
0143026.jpg,888,144,1110,366,703,435
0143027.jpg,880,147,1102,369,705,433
0143028.jpg,878,147,1100,369,707,434
0143029.jpg,878,147,1100,369,708,434
0143030.jpg,877,147,1099,369,710,433
0143031.jpg,877,147,1099,369,713,433
0143032.jpg,877,147,1099,369,928,265
0143033.jpg,877,147,1099,369,933,267
0143034.jpg,877,146,1099,368,934,266
0143035.jpg,875,144,1101,370,934,267
0143036.jpg,875,144,1101,370,932,267
0143037.jpg,875,144,1101,370,933,266
0143038.jpg,875,144,1101,370,933,267
0143039.jpg,875,144,1101,370,934,266
0143040.jpg,875,144,1101,370,934,267
0143041.jpg,873,142,1103,372,933,267
0143042.jpg,873,141,1103,371,936,266
0143043.jpg,873,141,1103,371,935,266
0143044.jpg,873,141,1103,371,934,267
0143045.jpg,873,140,1103,370,933,265
0143046.jpg,871,138,1105,372,936,262
0143047.jpg,871,137,1105,371,936,261
0143048.jpg,870,136,1106,372,932,261
0143049.jpg,870,135,1106,371,933,260
0143050.jpg,870,132,1106,368,931,260
0143051.jpg,881,130,1107,356,928,259
0143052.jpg,881,128,1107,354,977,241
0143053.jpg,881,128,1107,354,988,242
0143054.jpg,881,127,1107,353,987,240
0143055.jpg,881,126,1107,352,989,240
0143056.jpg,874,125,1100,351,990,239
0143057.jpg,874,125,1100,351,989,239
0143058.jpg,873,125,1099,351,988,238
0143059.jpg,873,124,1099,350,988,238
0143060.jpg,873,124,1099,350,913,237
0143061.jpg,873,124,1099,350,920,238
0143062.jpg,873,124,1099,350,920,238
0143063.jpg,873,124,1099,350,919,236
0143064.jpg,873,124,1099,350,917,237
0143065.jpg,873,124,1099,350,920,236
0143066.jpg,873,124,1099,350,919,236
0143067.jpg,873,124,1099,350,920,236
0143068.jpg,873,124,1099,350,920,235
0143069.jpg,871,122,1101,352,921,235
0143070.jpg,871,122,1101,352,921,236
0143071.jpg,870,122,1100,352,921,235
0143072.jpg,870,122,1100,352,920,235
0143073.jpg,870,122,1100,352,920,235
0143074.jpg,870,120,1100,350,983,220
0143075.jpg,870,120,1100,350,991,223
0143076.jpg,868,117,1102,351,993,223
0143077.jpg,868,117,1102,351,989,223
0143078.jpg,868,117,1102,351,992,226
0143079.jpg,868,117,1102,351,988,227
0143080.jpg,867,117,1101,351,988,220
0143081.jpg,869,119,1099,349,941,235
0143082.jpg,869,120,1099,350,942,238
0143083.jpg,870,123,1096,349,942,238
0143084.jpg,870,123,1096,349,941,240
0143085.jpg,869,124,1095,350,940,239
0143086.jpg,869,124,1095,350,941,239
0143087.jpg,868,124,1094,350,941,240
0143088.jpg,868,124,1094,350,940,239
0143089.jpg,867,124,1093,350,940,240
0143090.jpg,867,124,1093,350,938,239
0143091.jpg,866,124,1092,350,938,238
0143092.jpg,864,124,1090,350,936,238
0143093.jpg,863,124,1089,350,936,238
0143094.jpg,862,125,1088,351,936,241
0143095.jpg,861,126,1087,352,935,242
0143096.jpg,861,127,1087,353,934,244
0143097.jpg,857,129,1091,363,935,246
0143098.jpg,857,132,1091,366,933,247
0143099.jpg,858,133,1092,367,933,247
0143100.jpg,858,134,1092,368,933,247
0143101.jpg,857,134,1091,368,935,248
0143102.jpg,857,134,1091,368,933,248
0143103.jpg,857,134,1091,368,934,247
0143104.jpg,855,133,1091,369,932,247
0143105.jpg,853,133,1089,369,922,283
0143106.jpg,852,133,1088,369,924,285
0143107.jpg,852,133,1088,369,922,286
0143108.jpg,851,133,1087,369,884,256
0143109.jpg,850,133,1086,369,885,270
0143110.jpg,848,131,1088,371,887,273
0143111.jpg,848,131,1088,371,888,274
0143112.jpg,847,131,1087,371,886,273
0143113.jpg,847,131,1087,371,886,273
0143114.jpg,847,131,1087,371,888,273
0143115.jpg,848,131,1088,371,888,273
0143116.jpg,848,131,1088,371,887,274
0143117.jpg,848,131,1088,371,887,274
0143118.jpg,848,131,1088,371,889,273
0143119.jpg,851,133,1087,369,889,275
0143120.jpg,851,133,1087,369,891,275
0143121.jpg,851,133,1087,369,889,275
0143122.jpg,851,133,1087,369,891,274
0143123.jpg,851,133,1087,369,891,274
0143124.jpg,851,132,1087,368,917,259
0143125.jpg,851,132,1087,368,922,259
0143126.jpg,851,132,1087,368,923,259
0143127.jpg,851,132,1087,368,923,259
0143128.jpg,851,132,1087,368,924,260
0143129.jpg,851,132,1087,368,924,259
0143130.jpg,851,132,1087,368,924,259
0143131.jpg,851,132,1087,368,926,258
0143132.jpg,852,132,1088,368,925,259
0143133.jpg,852,132,1088,368,926,259
0143134.jpg,852,132,1088,368,924,259
0143135.jpg,851,129,1091,369,924,259
0143136.jpg,851,129,1091,369,925,259
0143137.jpg,852,129,1092,369,925,258
0143138.jpg,852,128,1092,368,927,258
0143139.jpg,852,128,1092,368,926,259
0143140.jpg,853,128,1093,368,926,258
0143141.jpg,853,128,1093,368,928,258
0143142.jpg,853,128,1093,368,927,258
0143143.jpg,853,127,1093,367,927,258
0143144.jpg,860,127,1086,353,929,259
0143145.jpg,860,127,1086,353,929,259
0143146.jpg,861,127,1087,353,928,258
0143147.jpg,864,129,1086,351,929,257
0143148.jpg,866,129,1088,351,932,256
0143149.jpg,866,128,1088,350,931,257
0143150.jpg,867,128,1089,350,932,257
0143151.jpg,869,128,1091,350,934,255
0143152.jpg,870,128,1092,350,935,255
0143153.jpg,871,126,1093,348,934,253
0143154.jpg,869,124,1095,350,936,253
0143155.jpg,870,124,1096,350,937,253
0143156.jpg,871,124,1097,350,936,252
0143157.jpg,870,122,1100,352,986,222
0143158.jpg,870,122,1100,352,989,225
0143159.jpg,871,121,1101,351,991,224
0143160.jpg,871,121,1101,351,992,223
0143161.jpg,874,122,1100,348,992,223
0143162.jpg,875,122,1101,348,995,223
0143163.jpg,875,122,1101,348,995,224
0143164.jpg,878,124,1100,346,999,223
0143165.jpg,879,124,1101,346,999,225
0143166.jpg,887,124,1109,346,1001,225
0143167.jpg,890,124,1112,346,1002,227
0143168.jpg,888,122,1114,348,1003,227
0143169.jpg,890,123,1116,349,1004,228
0143170.jpg,891,124,1117,350,1004,231
0143171.jpg,889,124,1119,354,1007,231
0143172.jpg,891,125,1121,355,1008,231
0143173.jpg,892,125,1122,355,1010,231
0143174.jpg,893,125,1123,355,1014,231
0143175.jpg,894,125,1124,355,1015,229
0143176.jpg,896,124,1126,354,1017,228
0143177.jpg,897,124,1127,354,1018,228
0143178.jpg,903,126,1129,352,1021,229
0143179.jpg,905,126,1131,352,1023,229
0143180.jpg,907,126,1133,352,1023,229
0143181.jpg,909,126,1135,352,1026,228
0143182.jpg,912,128,1134,350,1026,228
0143183.jpg,913,128,1135,350,1028,228
0143184.jpg,914,128,1136,350,1029,230
0143185.jpg,915,128,1137,350,1030,230
0143186.jpg,913,126,1139,352,1032,230
0143187.jpg,915,128,1141,354,1032,232
0143188.jpg,920,128,1146,354,1034,231
0143189.jpg,920,130,1146,356,1033,234
0143190.jpg,921,130,1147,356,1034,235
0143191.jpg,922,130,1148,356,1033,236
0143192.jpg,922,130,1148,356,1032,238
0143193.jpg,922,130,1148,356,1035,236
0143194.jpg,922,130,1148,356,1036,235
0143195.jpg,922,130,1148,356,1036,233
0143196.jpg,924,131,1146,353,1036,235
0143197.jpg,924,131,1146,353,1036,233
0143198.jpg,924,129,1146,351,1037,233
0143199.jpg,924,129,1146,351,1037,233
0143200.jpg,922,127,1148,353,1035,234
0143201.jpg,914,127,1140,353,1035,233
0143202.jpg,914,126,1140,352,1034,232
0143203.jpg,914,125,1140,351,1032,233
0143204.jpg,914,125,1140,351,1031,233
0143205.jpg,912,122,1142,352,1031,232
0143206.jpg,912,122,1142,352,1029,232
0143207.jpg,911,122,1141,352,1028,231
0143208.jpg,911,122,1141,352,1028,230
0143209.jpg,909,119,1143,353,1029,230
0143210.jpg,909,118,1143,352,1029,229
0143211.jpg,908,118,1142,352,1028,227
0143212.jpg,909,120,1139,350,1025,228
0143213.jpg,907,119,1137,349,1024,227
0143214.jpg,906,119,1136,349,1023,226
0143215.jpg,906,121,1132,347,1022,225
0143216.jpg,905,121,1131,347,1022,225
0143217.jpg,905,121,1131,347,1022,225
0143218.jpg,902,119,1132,349,1020,225
0143219.jpg,901,119,1131,349,1020,223
0143220.jpg,901,119,1131,349,1023,223
0143221.jpg,901,119,1131,349,1023,222
0143222.jpg,901,119,1131,349,1023,221
0143223.jpg,902,119,1132,349,1024,221
0143224.jpg,903,119,1133,349,1026,221
0143225.jpg,903,119,1133,349,1026,221
0143226.jpg,904,118,1134,348,1025,221
0143227.jpg,904,118,1134,348,1025,223
0143228.jpg,904,118,1134,348,1025,221
0143229.jpg,904,118,1134,348,1027,222
0143230.jpg,904,119,1134,349,1026,222
0143231.jpg,904,119,1134,349,1027,223
0143232.jpg,905,119,1135,349,1026,222
0143233.jpg,905,119,1135,349,1026,223
0143234.jpg,905,119,1135,349,1027,224
0143235.jpg,905,119,1135,349,1026,223
0143236.jpg,905,119,1135,349,1026,223
0143237.jpg,905,119,1135,349,1027,223
0143238.jpg,904,119,1134,349,1026,222
0143239.jpg,906,121,1132,347,1025,223
0143240.jpg,906,121,1132,347,1026,224
0143241.jpg,906,122,1132,348,1023,225
0143242.jpg,905,123,1131,349,1023,226
0143243.jpg,905,123,1131,349,1021,228
0143244.jpg,904,123,1130,349,1021,229
0143245.jpg,904,123,1130,349,1021,228
0143246.jpg,904,122,1130,348,1022,227
0143247.jpg,903,122,1129,348,1021,228
0143248.jpg,903,121,1129,347,1020,228
0143249.jpg,900,119,1130,349,1019,226
0143250.jpg,899,119,1129,349,1020,225
0143251.jpg,899,119,1129,349,1020,225
0143252.jpg,899,119,1129,349,1020,225
0143253.jpg,899,119,1129,349,1021,224
0143254.jpg,899,119,1129,349,1021,224
0143255.jpg,900,121,1126,347,1021,225
0143256.jpg,900,121,1126,347,1021,225
0143257.jpg,900,121,1126,347,1020,224
0143258.jpg,898,119,1128,349,1020,224
0143259.jpg,895,117,1129,351,1019,223
0143260.jpg,894,117,1128,351,1019,223
0143261.jpg,894,117,1128,351,1017,224
0143262.jpg,892,116,1128,352,1016,223
0143263.jpg,892,115,1128,351,1017,223
0143264.jpg,892,114,1128,350,1017,222
0143265.jpg,892,114,1128,350,1017,221
0143266.jpg,891,114,1127,350,1016,220
0143267.jpg,891,114,1127,350,1017,219
0143268.jpg,891,114,1127,350,1017,219
0143269.jpg,891,114,1127,350,1017,220
0143270.jpg,892,114,1128,350,1019,220
0143271.jpg,892,115,1128,351,1018,220
0143272.jpg,893,116,1127,350,1019,221
0143273.jpg,893,116,1127,350,1018,222
0143274.jpg,892,117,1126,351,1016,222
0143275.jpg,892,118,1126,352,1015,223
0143276.jpg,892,118,1126,352,1014,224
0143277.jpg,893,120,1123,350,1013,225
0143278.jpg,891,120,1121,350,1011,226
0143279.jpg,891,120,1121,350,1009,227
0143280.jpg,892,122,1118,348,1009,228
0143281.jpg,892,122,1118,348,1009,229
0143282.jpg,892,121,1118,347,1008,229
0143283.jpg,892,121,1118,347,1008,228
0143284.jpg,892,121,1118,347,1007,228
0143285.jpg,891,119,1121,349,1009,229
0143286.jpg,892,120,1122,350,1009,228
0143287.jpg,892,120,1122,350,1008,228
0143288.jpg,892,120,1122,350,1009,228
0143289.jpg,893,120,1123,350,1009,228
0143290.jpg,893,120,1123,350,1009,229
0143291.jpg,893,121,1123,351,1010,229
0143292.jpg,896,123,1122,349,1010,229
0143293.jpg,896,124,1122,350,1011,231
0143294.jpg,896,124,1122,350,1011,231
0143295.jpg,897,124,1123,350,1012,230
0143296.jpg,895,122,1125,352,1012,232
0143297.jpg,895,122,1125,352,1012,232
0143298.jpg,896,122,1126,352,1013,231
0143299.jpg,896,122,1126,352,1013,230
0143300.jpg,896,122,1126,352,1014,230
0143301.jpg,896,122,1126,352,1013,230
0143302.jpg,898,123,1124,349,1014,229
0143303.jpg,898,123,1124,349,1015,229
0143304.jpg,898,123,1124,349,1013,230
0143305.jpg,898,123,1124,349,1013,229
0143306.jpg,898,123,1124,349,1012,229
0143307.jpg,898,123,1124,349,1013,230
0143308.jpg,898,122,1124,348,1013,229
0143309.jpg,898,122,1124,348,1011,228
0143310.jpg,895,120,1125,350,1011,228
0143311.jpg,894,120,1124,350,1011,229
0143312.jpg,893,120,1123,350,1010,228
0143313.jpg,892,120,1122,350,1009,229
0143314.jpg,892,120,1122,350,1007,228
0143315.jpg,893,122,1119,348,1007,229
0143316.jpg,890,120,1116,346,1004,229
0143317.jpg,889,120,1115,346,1003,227
0143318.jpg,890,122,1112,344,1002,227
0143319.jpg,889,122,1111,344,1000,228
0143320.jpg,880,123,1102,345,1000,229
0143321.jpg,879,123,1101,345,998,229
0143322.jpg,878,123,1100,345,996,228
0143323.jpg,876,123,1098,345,992,229
0143324.jpg,876,122,1098,344,993,228
0143325.jpg,875,121,1097,343,992,229
0143326.jpg,874,121,1096,343,990,229
0143327.jpg,872,121,1094,343,990,228
0143328.jpg,872,121,1094,343,987,226
0143329.jpg,871,121,1093,343,988,226
0143330.jpg,871,121,1093,343,986,226
0143331.jpg,870,121,1092,343,985,225
0143332.jpg,868,119,1094,345,986,223
0143333.jpg,868,119,1094,345,985,222
0143334.jpg,868,119,1094,345,984,223
0143335.jpg,868,119,1094,345,985,223
0143336.jpg,867,119,1093,345,985,223
0143337.jpg,867,119,1093,345,985,223
0143338.jpg,867,119,1093,345,986,222
0143339.jpg,868,119,1094,345,986,222
0143340.jpg,868,120,1094,346,986,223
0143341.jpg,868,120,1094,346,985,224
0143342.jpg,868,120,1094,346,986,223
0143343.jpg,869,120,1095,346,986,223
0143344.jpg,869,120,1095,346,988,224
0143345.jpg,870,119,1096,345,990,225
0143346.jpg,869,117,1099,347,991,224
0143347.jpg,871,117,1101,347,993,224
0143348.jpg,872,117,1102,347,993,226
0143349.jpg,874,119,1100,345,995,225
0143350.jpg,875,121,1101,347,997,227
0143351.jpg,875,121,1101,347,996,228
0143352.jpg,876,121,1102,347,999,228
0143353.jpg,878,121,1104,347,998,229
0143354.jpg,887,122,1109,344,999,229
0143355.jpg,889,121,1111,343,1001,228
0143356.jpg,891,120,1113,342,1003,229
0143357.jpg,890,118,1116,344,1005,227
0143358.jpg,889,116,1119,346,1005,228
0143359.jpg,889,114,1123,348,1007,227
0143360.jpg,891,114,1125,348,1010,228
0143361.jpg,891,117,1125,351,1010,226
0143362.jpg,891,117,1125,351,1012,226
0143363.jpg,892,117,1126,351,1012,227
0143364.jpg,892,117,1126,351,1013,225
0143365.jpg,892,117,1126,351,1011,226
0143366.jpg,892,117,1126,351,1013,224
0143367.jpg,892,117,1126,351,1012,224
0143368.jpg,892,117,1126,351,1012,224
0143369.jpg,892,117,1126,351,1012,224
0143370.jpg,891,117,1125,351,1012,224
0143371.jpg,891,116,1125,350,1011,224
0143372.jpg,891,116,1125,350,1010,224
0143373.jpg,890,115,1124,349,1008,223
0143374.jpg,889,113,1125,349,1008,223
0143375.jpg,889,113,1123,347,1006,222
0143376.jpg,889,113,1123,347,1005,222
0143377.jpg,888,107,1122,341,1006,221
0143378.jpg,888,106,1122,340,1004,220
0143379.jpg,888,105,1122,339,1005,218
0143380.jpg,888,104,1122,338,1004,218
0143381.jpg,888,104,1122,338,1005,218
0143382.jpg,888,103,1122,337,1006,218
0143383.jpg,889,103,1123,337,1006,216
0143384.jpg,890,103,1124,337,1006,217
0143385.jpg,890,103,1124,337,1006,218
0143386.jpg,890,103,1124,337,1006,218
0143387.jpg,890,103,1124,337,1006,218
0143388.jpg,890,104,1124,338,1006,218
0143389.jpg,889,104,1123,338,1004,219
0143390.jpg,889,104,1123,338,1005,218
0143391.jpg,888,105,1122,339,1004,219
0143392.jpg,888,105,1122,339,1004,219
0143393.jpg,888,105,1122,339,1004,219
0143394.jpg,888,105,1122,339,1004,218
0143395.jpg,890,107,1120,337,1005,219
0143396.jpg,888,108,1118,338,1003,219
0143397.jpg,887,109,1117,339,1004,218
0143398.jpg,888,111,1114,337,1002,220
0143399.jpg,889,115,1111,337,1003,220
0143400.jpg,889,115,1111,337,1001,221
0143401.jpg,888,115,1110,337,999,221
0143402.jpg,877,116,1107,346,1000,221
0143403.jpg,876,116,1106,346,999,222
0143404.jpg,876,116,1106,346,998,223
0143405.jpg,873,114,1107,348,998,222
0143406.jpg,873,113,1107,347,998,220
0143407.jpg,873,113,1107,347,998,220
0143408.jpg,873,113,1107,347,999,220
0143409.jpg,873,113,1107,347,998,220
0143410.jpg,873,113,1107,347,999,220
0143411.jpg,872,113,1106,347,998,221
0143412.jpg,872,114,1106,348,1000,222
0143413.jpg,872,114,1106,348,1000,221
0143414.jpg,874,117,1104,347,999,223
0143415.jpg,874,117,1104,347,1000,224
0143416.jpg,874,117,1104,347,998,224
0143417.jpg,874,117,1104,347,998,224
0143418.jpg,874,117,1104,347,999,224
0143419.jpg,874,117,1104,347,1000,224
0143420.jpg,874,117,1104,347,998,225
0143421.jpg,874,117,1104,347,998,225
0143422.jpg,874,117,1104,347,999,225
0143423.jpg,874,117,1104,347,1000,225
0143424.jpg,873,117,1103,347,999,225
0143425.jpg,873,117,1103,347,1000,225
0143426.jpg,873,118,1103,348,1000,224
0143427.jpg,874,118,1104,348,1001,225
0143428.jpg,876,120,1102,346,999,226
0143429.jpg,877,120,1103,346,1000,225
0143430.jpg,877,120,1103,346,999,225
0143431.jpg,878,120,1104,346,1002,225
0143432.jpg,878,120,1104,346,1003,225
0143433.jpg,888,118,1110,340,1002,225
0143434.jpg,889,117,1111,339,1002,223
0143435.jpg,889,116,1111,338,1004,222
0143436.jpg,889,114,1115,340,1006,222
0143437.jpg,890,114,1116,340,1006,223
0143438.jpg,890,114,1116,340,1007,223
0143439.jpg,890,114,1116,340,1009,223
0143440.jpg,891,114,1117,340,1008,223
0143441.jpg,888,112,1118,342,1008,222
0143442.jpg,889,111,1119,341,1007,223
0143443.jpg,889,111,1119,341,1007,223
0143444.jpg,889,111,1119,341,1007,223
0143445.jpg,888,111,1118,341,1006,223
0143446.jpg,888,111,1118,341,1006,223
0143447.jpg,888,111,1118,341,1007,223
0143448.jpg,888,112,1118,342,1006,223
0143449.jpg,888,112,1118,342,1007,223
0143450.jpg,888,112,1118,342,1007,224
0143451.jpg,889,113,1119,343,1007,224
0143452.jpg,889,113,1119,343,1007,224
0143453.jpg,889,113,1119,343,1007,224
0143454.jpg,889,113,1119,343,1007,224
0143455.jpg,889,115,1119,345,1007,226
0143456.jpg,889,115,1119,345,1007,227
0143457.jpg,889,116,1119,346,1007,228
0143458.jpg,889,116,1119,346,1007,229
0143459.jpg,889,116,1119,346,1006,229
0143460.jpg,888,117,1118,347,1007,229
0143461.jpg,888,117,1118,347,1006,231
0143462.jpg,888,117,1118,347,1004,231
0143463.jpg,891,121,1117,347,1005,231
0143464.jpg,893,123,1115,345,1004,232
0143465.jpg,895,126,1113,344,1005,233
0143466.jpg,895,126,1113,344,1004,234
0143467.jpg,895,126,1113,344,1005,234
0143468.jpg,893,126,1115,348,1004,236
0143469.jpg,893,126,1115,348,1005,235
0143470.jpg,891,124,1117,350,1005,236
0143471.jpg,891,124,1117,350,1007,234
0143472.jpg,891,122,1121,352,1007,234
0143473.jpg,891,122,1121,352,1009,232
0143474.jpg,891,122,1121,352,1008,232
0143475.jpg,890,120,1124,354,1010,231
0143476.jpg,890,119,1124,353,1012,229
0143477.jpg,890,119,1124,353,1012,228
