0151004.jpg,1037,241,1155,359,1089,295
0151005.jpg,1037,240,1155,358,1098,300
0151006.jpg,1037,239,1155,357,1099,302
0151007.jpg,1039,241,1153,355,1097,299
0151008.jpg,1039,240,1153,354,1097,300
0151009.jpg,1039,240,1153,354,1099,298
0151010.jpg,1039,240,1153,354,1098,298
0151011.jpg,1039,241,1153,355,1098,299
0151012.jpg,1039,241,1153,355,1099,298
0151013.jpg,1039,241,1153,355,1098,298
0151014.jpg,1039,241,1153,355,1099,299
0151015.jpg,1037,239,1155,357,1098,298
0151016.jpg,1036,239,1154,357,1099,298
0151017.jpg,1037,239,1155,357,1098,298
0151018.jpg,1037,239,1155,357,1099,299
0151019.jpg,1037,239,1155,357,1098,298
0151020.jpg,1037,239,1155,357,1099,299
0151021.jpg,1038,239,1156,357,1098,299
0151022.jpg,1038,240,1156,358,1099,298
0151023.jpg,1039,240,1157,358,1097,298
0151024.jpg,1039,239,1161,361,1099,300
0151025.jpg,1041,239,1163,361,1099,300
0151026.jpg,1041,239,1163,361,1100,300
0151027.jpg,1041,239,1163,361,1102,301
0151028.jpg,1043,242,1161,360,1103,301
0151029.jpg,1042,242,1160,360,1104,303
0151030.jpg,1042,243,1160,361,1104,302
0151031.jpg,1042,243,1160,361,1104,302
0151032.jpg,1040,243,1158,361,1104,304
0151033.jpg,1040,243,1158,361,1103,303
0151034.jpg,1040,244,1158,362,1103,302
0151035.jpg,1040,244,1158,362,1103,303
0151036.jpg,1040,242,1162,364,1101,304
0151037.jpg,1040,242,1162,364,1102,305
0151038.jpg,1040,242,1162,364,1102,304
0151039.jpg,1042,244,1160,362,1102,304
0151040.jpg,1042,244,1160,362,1103,305
0151041.jpg,1041,244,1159,362,1103,305
0151042.jpg,1041,244,1159,362,1103,305
0151043.jpg,1039,242,1161,364,1103,304
0151044.jpg,1039,242,1161,364,1104,305
0151045.jpg,1037,241,1159,363,1102,304
0151046.jpg,1036,240,1158,362,1103,304
0151047.jpg,1038,242,1156,360,1103,304
0151048.jpg,1040,241,1154,355,1101,305
0151049.jpg,1041,241,1155,355,1101,305
0151050.jpg,1042,241,1156,355,1099,303
0151051.jpg,1042,241,1156,355,1099,302
0151052.jpg,1049,241,1163,355,1099,301
0151053.jpg,1049,241,1163,355,1100,301
0151054.jpg,1049,241,1163,355,1100,301
0151055.jpg,1049,241,1163,355,1102,300
0151056.jpg,1040,240,1154,354,1101,300
0151057.jpg,1039,240,1149,350,1101,302
0151058.jpg,1031,240,1141,350,1101,301
0151059.jpg,1029,240,1139,350,1099,302
0151060.jpg,1023,240,1133,350,1097,300
0151061.jpg,1023,240,1133,350,1097,298
0151062.jpg,1023,243,1133,353,1096,296
0151063.jpg,1021,242,1135,356,1094,298
0151064.jpg,1019,242,1137,360,1090,299
0151065.jpg,1019,243,1137,361,1088,301
0151066.jpg,1019,243,1137,361,1086,302
0151067.jpg,1019,243,1137,361,1084,303
0151068.jpg,1020,244,1138,362,1083,304
0151069.jpg,1021,246,1139,364,1083,304
0151070.jpg,1021,247,1139,365,1082,304
0151071.jpg,1021,247,1139,365,1082,304
0151072.jpg,1021,247,1139,365,1083,304
0151073.jpg,1021,247,1139,365,1083,307
0151074.jpg,1022,247,1140,365,1083,306
0151075.jpg,1021,247,1139,365,1051,411
0151076.jpg,1021,247,1139,365,240,457
0151077.jpg,1022,247,1140,365,219,458
0151078.jpg,1022,247,1140,365,219,456
0151079.jpg,1021,248,1139,366,219,457
0151080.jpg,1021,249,1139,367,220,457
0151081.jpg,1018,247,1140,369,206,338
0151082.jpg,1018,247,1140,369,204,338
0151083.jpg,1018,247,1140,369,203,337
0151084.jpg,1020,246,1142,368,223,335
0151085.jpg,1023,248,1141,366,227,341
0151086.jpg,1023,248,1141,366,228,342
0151087.jpg,1023,248,1141,366,228,341
0151088.jpg,1022,248,1140,366,227,341
0151089.jpg,1021,248,1139,366,227,341
0151090.jpg,1021,248,1139,366,227,342
0151091.jpg,1021,248,1139,366,227,341
0151092.jpg,1022,248,1140,366,186,320
0151093.jpg,1024,250,1138,364,181,321
0151094.jpg,1024,250,1138,364,181,319
0151095.jpg,1025,250,1139,364,182,319
0151096.jpg,1025,250,1139,364,179,301
0151097.jpg,1025,250,1139,364,172,303
0151098.jpg,1023,248,1141,366,169,302
0151099.jpg,1023,248,1141,366,170,304
0151100.jpg,1023,248,1141,366,170,302
0151101.jpg,1023,248,1141,366,169,303
0151102.jpg,1023,247,1141,365,170,303
0151103.jpg,1024,247,1142,365,169,303
0151104.jpg,1025,247,1143,365,170,305
0151105.jpg,1025,247,1143,365,170,305
0151106.jpg,1026,247,1144,365,172,305
0151107.jpg,1027,247,1145,365,172,305
0151108.jpg,1032,243,1150,361,172,308
0151109.jpg,1033,242,1151,360,173,306
0151110.jpg,1034,242,1152,360,174,306
0151111.jpg,1036,242,1154,360,182,327
0151112.jpg,1039,242,1157,360,178,328
0151113.jpg,1040,242,1158,360,179,328
0151114.jpg,1040,242,1158,360,180,330
0151115.jpg,1041,242,1159,360,179,329
0151116.jpg,1041,242,1159,360,216,306
0151117.jpg,1041,242,1159,360,219,307
0151118.jpg,1041,242,1159,360,219,306
0151119.jpg,1040,242,1158,360,219,306
0151120.jpg,1041,244,1155,358,220,306
0151121.jpg,1041,244,1155,358,222,306
0151122.jpg,1041,244,1155,358,220,306
0151123.jpg,1041,244,1155,358,220,306
0151124.jpg,1041,243,1155,357,221,306
0151125.jpg,1041,243,1155,357,218,307
0151126.jpg,1042,243,1156,357,218,306
0151127.jpg,1042,243,1156,357,219,306
0151128.jpg,1043,243,1157,357,219,306
0151129.jpg,1044,243,1158,357,219,306
0151130.jpg,1044,243,1158,357,219,306
0151131.jpg,1044,243,1158,357,218,306
0151132.jpg,1046,243,1160,357,219,306
0151133.jpg,1046,243,1160,357,219,306
0151134.jpg,1046,243,1160,357,218,306
0151135.jpg,1046,243,1160,357,219,307
0151136.jpg,1046,243,1160,357,218,306
0151137.jpg,1044,243,1158,357,220,306
0151138.jpg,1043,243,1157,357,219,306
0151139.jpg,1041,243,1155,357,221,306
0151140.jpg,1038,244,1152,358,219,306
0151141.jpg,1036,244,1150,358,219,306
0151142.jpg,1035,244,1149,358,219,306
0151143.jpg,1032,242,1150,360,219,306
0151144.jpg,1029,242,1147,360,221,306
0151145.jpg,1029,243,1147,361,221,306
0151146.jpg,1029,243,1147,361,221,306
0151147.jpg,1029,243,1147,361,221,306
0151148.jpg,1029,243,1147,361,221,306
0151149.jpg,1029,243,1147,361,220,306
0151150.jpg,1029,243,1147,361,220,306
0151151.jpg,1028,244,1146,362,1095,302
0151152.jpg,1026,242,1148,364,1097,301
0151153.jpg,1026,242,1148,364,1096,301
0151154.jpg,1026,242,1148,364,1095,301
0151155.jpg,1026,242,1148,364,1096,301
0151156.jpg,1026,242,1148,364,1096,302
0151157.jpg,1026,242,1148,364,1095,301
0151158.jpg,1027,242,1149,364,1096,303
0151159.jpg,1027,242,1149,364,1095,303
0151160.jpg,1027,242,1149,364,1096,302
0151161.jpg,1027,242,1149,364,1096,303
0151162.jpg,1027,242,1149,364,1097,302
0151163.jpg,1027,242,1149,364,1096,302
0151164.jpg,1027,242,1149,364,1097,303
0151165.jpg,1027,242,1149,364,1096,301
0151166.jpg,1027,241,1149,363,1097,302
0151167.jpg,1027,240,1149,362,1097,302
0151168.jpg,1029,242,1147,360,1096,302
0151169.jpg,1029,242,1147,360,1096,302
0151170.jpg,1028,242,1146,360,1097,302
0151171.jpg,1028,242,1146,360,1096,300
0151172.jpg,1028,242,1146,360,1097,301
0151173.jpg,1028,242,1146,360,1097,300
0151174.jpg,1028,242,1146,360,1096,300
0151175.jpg,1027,242,1145,360,1096,299
0151176.jpg,1026,243,1144,361,1095,299
0151177.jpg,1026,246,1144,364,1095,301
0151178.jpg,1024,244,1146,366,1094,300
0151179.jpg,1024,244,1146,366,1094,301
0151180.jpg,1024,244,1146,366,1092,301
0151181.jpg,1024,244,1146,366,1093,302
0151182.jpg,1024,244,1146,366,1091,304
0151183.jpg,1024,244,1146,366,1092,303
0151184.jpg,1024,244,1146,366,1091,304
0151185.jpg,1024,245,1146,367,1092,304
0151186.jpg,1024,245,1146,367,1091,303
0151187.jpg,1024,245,1146,367,1092,303
0151188.jpg,1024,245,1146,367,1091,303
0151189.jpg,1024,243,1146,365,1090,304
0151190.jpg,1024,242,1146,364,1091,304
0151191.jpg,1024,241,1146,363,1090,305
0151192.jpg,1024,241,1146,363,1091,304
0151193.jpg,1027,243,1145,361,288,359
0151194.jpg,1027,243,1145,361,292,362
0151195.jpg,1027,243,1145,361,292,363
0151196.jpg,1027,243,1145,361,292,363
0151197.jpg,1028,243,1146,361,293,362
0151198.jpg,1028,244,1146,362,292,362
0151199.jpg,1028,246,1146,364,294,362
0151200.jpg,1028,246,1146,364,293,362
0151201.jpg,1028,246,1146,364,294,362
0151202.jpg,1028,246,1146,364,293,363
0151203.jpg,1028,244,1146,362,294,364
0151204.jpg,1028,244,1146,362,293,363
0151205.jpg,1027,240,1149,362,292,363
0151206.jpg,1027,240,1149,362,293,363
0151207.jpg,1029,242,1147,360,293,363
0151208.jpg,1027,240,1149,362,293,364
0151209.jpg,1027,240,1149,362,258,323
0151210.jpg,1027,240,1149,362,258,323
0151211.jpg,1027,240,1149,362,259,322
0151212.jpg,1027,240,1149,362,259,322
0151213.jpg,1027,240,1149,362,260,321
0151214.jpg,1027,240,1149,362,260,322
0151215.jpg,1029,242,1147,360,259,321
0151216.jpg,1029,242,1147,360,258,321
0151217.jpg,1029,242,1147,360,258,322
0151218.jpg,1029,242,1147,360,258,321
0151219.jpg,1029,242,1147,360,258,322
0151220.jpg,1027,240,1149,362,257,321
0151221.jpg,1027,240,1149,362,259,322
0151222.jpg,1027,240,1149,362,259,322
0151223.jpg,1027,240,1149,362,259,321
0151224.jpg,1027,241,1149,363,260,322
0151225.jpg,1025,242,1147,364,260,321
0151226.jpg,1026,244,1144,362,260,323
0151227.jpg,1025,244,1143,362,259,322
0151228.jpg,1023,244,1141,362,258,323
0151229.jpg,1025,246,1139,360,258,322
0151230.jpg,1025,246,1139,360,268,319
0151231.jpg,1025,245,1139,359,266,321
0151232.jpg,1024,245,1138,359,267,320
0151233.jpg,1024,245,1138,359,267,321
0151234.jpg,1024,245,1138,359,265,320
0151235.jpg,1023,247,1137,361,267,321
0151236.jpg,1021,248,1135,362,266,320
0151237.jpg,1019,250,1133,364,267,321
0151238.jpg,1019,252,1133,366,268,320
0151239.jpg,1016,250,1134,368,267,321
0151240.jpg,1015,250,1133,368,267,321
0151241.jpg,1015,250,1133,368,268,320
0151242.jpg,1015,250,1133,368,268,321
0151243.jpg,1015,251,1133,369,267,321
0151244.jpg,1015,251,1133,369,267,320
0151245.jpg,1014,252,1132,370,268,321
0151246.jpg,1014,252,1132,370,268,321
0151247.jpg,1014,252,1132,370,267,320
0151248.jpg,1014,252,1132,370,267,321
0151249.jpg,1014,252,1132,370,268,321
0151250.jpg,1014,252,1132,370,267,320
0151251.jpg,1014,252,1132,370,267,321
0151252.jpg,1013,250,1135,372,269,320
0151253.jpg,1013,250,1135,372,269,321
0151254.jpg,1013,250,1135,372,268,320
0151255.jpg,1013,250,1135,372,268,321
0151256.jpg,1015,252,1133,370,268,320
0151257.jpg,1016,251,1134,369,269,321
0151258.jpg,1016,251,1134,369,269,320
0151259.jpg,1016,251,1134,369,267,320
0151260.jpg,1016,251,1134,369,269,321
0151261.jpg,1016,250,1134,368,269,320
0151262.jpg,1017,250,1135,368,269,321
0151263.jpg,1018,249,1136,367,268,321
0151264.jpg,1018,249,1136,367,267,320
0151265.jpg,1018,249,1136,367,268,321
0151266.jpg,1018,249,1136,367,267,320
0151267.jpg,1018,249,1136,367,268,321
0151268.jpg,1018,249,1136,367,228,314
0151269.jpg,1018,249,1136,367,231,315
0151270.jpg,1018,249,1136,367,232,316
0151271.jpg,1018,249,1136,367,234,316
0151272.jpg,1018,249,1136,367,233,314
0151273.jpg,1018,249,1136,367,232,314
0151274.jpg,1018,249,1136,367,233,314
0151275.jpg,1018,249,1136,367,233,313
0151276.jpg,1018,249,1136,367,235,314
0151277.jpg,1018,249,1136,367,235,313
0151278.jpg,1018,249,1136,367,234,312
0151279.jpg,1018,249,1136,367,234,313
0151280.jpg,1018,249,1136,367,234,310
0151281.jpg,1018,249,1136,367,235,312
0151282.jpg,1018,249,1136,367,235,313
0151283.jpg,1020,251,1134,365,235,312
0151284.jpg,1020,251,1134,365,235,312
0151285.jpg,1019,252,1133,366,235,313
0151286.jpg,1019,252,1133,366,236,313
0151287.jpg,1019,252,1133,366,236,313
0151288.jpg,1019,252,1133,366,236,312
0151289.jpg,1017,250,1135,368,235,312
0151290.jpg,1017,250,1135,368,234,312
0151291.jpg,1017,250,1135,368,235,311
0151292.jpg,1017,250,1135,368,236,312
0151293.jpg,1017,250,1135,368,236,314
0151294.jpg,1017,250,1135,368,236,314
0151295.jpg,1017,250,1135,368,237,314
0151296.jpg,1017,250,1135,368,237,314
0151297.jpg,1017,250,1135,368,237,314
0151298.jpg,1020,252,1134,366,235,314
0151299.jpg,1020,252,1134,366,236,314
0151300.jpg,1020,252,1134,366,236,313
0151301.jpg,1020,251,1134,365,238,314
0151302.jpg,1018,249,1136,367,237,314
0151303.jpg,1018,248,1136,366,236,314
0151304.jpg,1020,247,1138,365,237,307
0151305.jpg,1023,245,1141,363,237,306
0151306.jpg,1024,243,1142,361,236,306
0151307.jpg,1026,242,1144,360,236,307
0151308.jpg,1027,242,1145,360,237,307
0151309.jpg,1029,242,1147,360,238,307
0151310.jpg,1029,242,1147,360,236,306
0151311.jpg,1029,242,1147,360,250,314
0151312.jpg,1029,242,1147,360,249,317
0151313.jpg,1030,242,1148,360,249,317
0151314.jpg,1030,242,1148,360,250,319
0151315.jpg,1030,242,1148,360,250,319
0151316.jpg,1030,241,1148,359,250,319
0151317.jpg,1030,241,1148,359,249,319
0151318.jpg,1030,241,1148,359,248,319
0151319.jpg,1030,241,1148,359,249,319
0151320.jpg,1030,241,1148,359,250,319
0151321.jpg,1030,241,1148,359,249,319
0151322.jpg,1030,239,1148,357,249,319
0151323.jpg,1032,239,1146,353,250,321
0151324.jpg,1034,239,1144,349,250,321
0151325.jpg,1034,238,1144,348,249,321
0151326.jpg,1034,238,1144,348,249,321
0151327.jpg,1034,238,1144,348,250,321
0151328.jpg,1034,238,1144,348,250,321
0151329.jpg,1029,239,1147,357,249,320
0151330.jpg,1028,241,1146,359,250,320
0151331.jpg,1028,244,1146,362,249,320
0151332.jpg,1026,244,1148,366,250,320
0151333.jpg,1026,244,1148,366,249,321
0151334.jpg,1026,244,1148,366,250,321
0151335.jpg,1026,244,1148,366,249,321
0151336.jpg,1025,243,1147,365,250,320
0151337.jpg,1025,243,1147,365,251,320
0151338.jpg,1025,243,1147,365,251,320
0151339.jpg,1025,243,1147,365,251,320
0151340.jpg,1025,243,1147,365,251,321
0151341.jpg,1025,243,1147,365,251,321
0151342.jpg,1025,243,1147,365,250,321
0151343.jpg,1025,243,1147,365,250,320
0151344.jpg,1025,243,1147,365,249,320
0151345.jpg,1024,243,1146,365,250,321
0151346.jpg,1023,243,1145,365,250,320
0151347.jpg,1022,243,1144,365,249,320
0151348.jpg,1021,241,1143,363,250,321
0151349.jpg,1020,241,1142,363,249,320
0151350.jpg,1020,241,1142,363,250,321
0151351.jpg,1019,241,1141,363,249,320
0151352.jpg,1018,241,1140,363,250,321
0151353.jpg,1017,241,1139,363,250,320
0151354.jpg,1016,242,1138,364,250,321
0151355.jpg,1016,243,1138,365,249,320
0151356.jpg,1016,244,1138,366,250,321
0151357.jpg,1015,244,1137,366,250,320
0151358.jpg,1014,244,1136,366,249,321
0151359.jpg,1014,244,1136,366,250,320
0151360.jpg,1014,244,1136,366,249,320
0151361.jpg,1014,244,1136,366,249,319
0151362.jpg,1014,244,1136,366,250,319
0151363.jpg,1014,245,1136,367,249,319
0151364.jpg,1014,245,1136,367,250,319
0151365.jpg,1014,245,1136,367,250,320
0151366.jpg,1014,244,1136,366,250,320
0151367.jpg,1016,244,1138,366,250,320
0151368.jpg,1016,243,1138,365,250,320
0151369.jpg,1017,242,1139,364,250,320
0151370.jpg,1019,244,1137,362,249,319
0151371.jpg,1019,244,1137,362,250,320
0151372.jpg,1019,244,1137,362,250,321
0151373.jpg,1019,244,1137,362,250,320
0151374.jpg,1020,246,1138,364,251,321
0151375.jpg,1020,246,1138,364,251,320
0151376.jpg,1020,246,1138,364,251,320
0151377.jpg,1020,246,1138,364,251,320
0151378.jpg,1020,246,1138,364,251,319
0151379.jpg,1020,246,1138,364,250,320
0151380.jpg,1020,246,1138,364,250,321
0151381.jpg,1020,246,1138,364,250,320
0151382.jpg,1020,246,1138,364,249,320
0151383.jpg,1020,246,1138,364,250,321
0151384.jpg,1020,246,1138,364,250,319
0151385.jpg,1020,246,1138,364,250,320
0151386.jpg,1019,244,1141,366,249,320
0151387.jpg,1019,244,1141,366,250,319
0151388.jpg,1020,244,1142,366,250,320
0151389.jpg,1021,244,1143,366,250,319
0151390.jpg,1022,245,1144,367,250,320
0151391.jpg,1023,245,1145,367,250,320
0151392.jpg,1024,245,1146,367,249,320
0151393.jpg,1024,245,1146,367,249,320
0151394.jpg,1025,244,1147,366,251,319
0151395.jpg,1025,244,1147,366,251,321
0151396.jpg,1025,244,1147,366,250,320
0151397.jpg,1025,244,1147,366,250,321
0151398.jpg,1026,246,1144,364,851,327
0151399.jpg,1026,246,1144,364,859,325
0151400.jpg,1025,246,1143,364,858,322
0151401.jpg,1025,246,1143,364,858,322
0151402.jpg,1024,246,1142,364,858,322
0151403.jpg,1024,246,1142,364,859,321
0151404.jpg,1022,246,1140,364,859,321
0151405.jpg,1023,248,1137,362,859,322
0151406.jpg,1023,250,1137,364,858,322
0151407.jpg,1022,252,1136,366,859,322
0151408.jpg,1022,252,1136,366,859,322
0151409.jpg,1022,252,1136,366,859,320
0151410.jpg,1022,252,1136,366,858,320
0151411.jpg,1021,252,1135,366,858,320
0151412.jpg,1021,252,1135,366,859,321
0151413.jpg,1020,253,1134,367,859,321
0151414.jpg,1020,253,1134,367,859,322
0151415.jpg,1020,253,1134,367,860,323
0151416.jpg,1020,253,1134,367,860,322
0151417.jpg,1020,253,1134,367,860,322
0151418.jpg,1021,254,1135,368,860,322
0151419.jpg,1021,254,1135,368,861,321
0151420.jpg,1021,254,1135,368,861,321
0151421.jpg,1021,254,1135,368,860,320
0151422.jpg,1021,254,1135,368,861,320
0151423.jpg,1020,253,1134,367,860,320
0151424.jpg,1020,253,1134,367,861,321
0151425.jpg,1020,253,1134,367,860,320
0151426.jpg,1020,253,1134,367,860,322
0151427.jpg,1020,253,1134,367,860,321
0151428.jpg,1020,253,1134,367,859,321
0151429.jpg,1020,253,1134,367,859,321
0151430.jpg,1020,253,1134,367,857,321
0151431.jpg,1020,253,1134,367,856,320
0151432.jpg,1020,253,1134,367,856,320
0151433.jpg,1020,253,1134,367,855,321
0151434.jpg,1020,254,1134,368,854,320
0151435.jpg,1020,254,1134,368,854,320
0151436.jpg,1020,254,1134,368,853,320
0151437.jpg,1020,254,1134,368,851,319
0151438.jpg,1020,254,1134,368,849,319
0151439.jpg,1020,254,1134,368,848,319
0151440.jpg,1019,254,1133,368,849,319
0151441.jpg,1017,252,1135,370,849,318
0151442.jpg,1017,252,1135,370,849,319
0151443.jpg,1017,252,1135,370,850,320
0151444.jpg,1016,252,1134,370,850,320
0151445.jpg,1016,252,1134,370,850,320
0151446.jpg,1016,252,1134,370,851,319
0151447.jpg,1016,252,1134,370,850,319
0151448.jpg,1016,252,1134,370,851,319
0151449.jpg,1016,252,1134,370,852,319
0151450.jpg,1016,252,1134,370,851,319
0151451.jpg,1016,252,1134,370,852,320
0151452.jpg,1016,252,1134,370,851,320
0151453.jpg,1016,252,1134,370,852,321
0151454.jpg,1016,252,1134,370,851,321
0151455.jpg,1016,252,1134,370,851,321
0151456.jpg,1016,252,1134,370,852,322
0151457.jpg,1016,252,1134,370,853,322
0151458.jpg,1016,252,1134,370,853,321
0151459.jpg,1016,252,1134,370,851,321
0151460.jpg,1016,252,1134,370,852,322
0151461.jpg,1016,252,1134,370,851,322
0151462.jpg,1017,253,1135,371,852,320
0151463.jpg,1019,257,1137,375,852,322
0151464.jpg,1019,257,1137,375,851,322
0151465.jpg,1019,257,1137,375,850,322
0151466.jpg,1019,253,1137,371,850,320
