0161007.jpg,246,101,516,371,338,336
0161008.jpg,251,102,517,368,342,334
0161009.jpg,254,101,520,367,344,335
0161010.jpg,257,100,523,366,349,332
0161011.jpg,267,98,521,352,352,331
0161012.jpg,268,98,522,352,360,331
0161013.jpg,270,99,522,351,376,328
0161014.jpg,274,101,522,349,376,327
0161015.jpg,274,101,522,349,377,326
0161016.jpg,278,103,522,347,376,324
0161017.jpg,280,105,520,345,382,321
0161018.jpg,281,104,521,344,388,318
0161019.jpg,282,104,522,344,393,317
0161020.jpg,284,103,524,343,395,318
0161021.jpg,284,103,524,343,398,321
0161022.jpg,285,103,525,343,399,322
0161023.jpg,283,101,527,345,398,325
0161024.jpg,283,100,527,344,395,326
0161025.jpg,282,99,526,343,388,330
0161026.jpg,281,98,525,342,380,331
0161027.jpg,277,95,525,343,355,338
0161028.jpg,275,95,523,343,343,340
0161029.jpg,272,93,524,345,326,347
0161030.jpg,270,93,522,345,307,355
0161031.jpg,270,93,522,345,294,370
0161032.jpg,268,93,520,345,383,306
0161033.jpg,267,93,519,345,381,309
0161034.jpg,266,93,518,345,382,307
0161035.jpg,265,92,519,346,381,308
0161036.jpg,265,92,519,346,379,308
0161037.jpg,265,92,519,346,378,308
0161038.jpg,265,92,519,346,378,308
0161039.jpg,265,92,519,346,377,307
0161040.jpg,267,92,521,346,377,307
0161041.jpg,265,90,523,348,375,309
0161042.jpg,266,90,524,348,374,307
0161043.jpg,267,89,525,347,374,306
0161044.jpg,268,89,526,347,373,307
0161045.jpg,269,89,527,347,374,307
0161046.jpg,269,89,527,347,375,308
0161047.jpg,270,88,528,346,425,255
0161048.jpg,270,87,528,345,488,238
0161049.jpg,270,87,528,345,515,238
0161050.jpg,270,87,528,345,519,236
0161051.jpg,270,87,528,345,519,236
0161052.jpg,270,87,528,345,518,237
0161053.jpg,272,90,526,344,448,207
0161054.jpg,272,90,526,344,463,211
0161055.jpg,272,91,524,343,465,210
0161056.jpg,272,92,524,344,465,209
0161057.jpg,272,92,524,344,466,209
0161058.jpg,272,92,524,344,466,208
0161059.jpg,272,92,524,344,466,209
0161060.jpg,273,92,525,344,467,208
0161061.jpg,274,91,526,343,413,236
0161062.jpg,275,91,527,343,369,254
0161063.jpg,276,91,528,343,371,243
0161064.jpg,279,93,527,341,374,244
0161065.jpg,279,92,527,340,375,246
0161066.jpg,280,92,528,340,371,233
0161067.jpg,280,92,528,340,373,235
0161068.jpg,280,92,528,340,374,236
0161069.jpg,280,92,528,340,374,236
0161070.jpg,278,92,526,340,375,235
0161071.jpg,278,92,526,340,375,235
0161072.jpg,278,92,526,340,376,235
0161073.jpg,278,91,526,339,377,234
0161074.jpg,277,89,529,341,377,234
0161075.jpg,276,88,530,342,378,234
0161076.jpg,276,87,530,341,379,234
0161077.jpg,274,85,532,343,380,232
0161078.jpg,275,85,533,343,381,232
0161079.jpg,277,84,535,342,380,232
0161080.jpg,279,82,533,336,380,233
0161081.jpg,280,82,532,334,379,201
0161082.jpg,282,80,534,332,377,198
0161083.jpg,282,79,534,331,405,192
0161084.jpg,285,81,533,329,407,191
0161085.jpg,285,81,533,329,406,190
0161086.jpg,286,81,534,329,409,188
0161087.jpg,287,81,535,329,409,187
0161088.jpg,288,81,536,329,410,186
0161089.jpg,288,81,540,333,411,185
0161090.jpg,291,82,543,334,409,185
0161091.jpg,292,82,544,334,408,184
0161092.jpg,296,82,548,334,408,183
0161093.jpg,298,82,550,334,412,184
0161094.jpg,303,83,551,331,412,185
0161095.jpg,305,85,549,329,413,197
0161096.jpg,306,85,550,329,432,225
0161097.jpg,306,85,550,329,426,228
0161098.jpg,306,85,550,329,426,231
0161099.jpg,303,83,551,331,429,231
0161100.jpg,302,83,550,331,431,233
0161101.jpg,301,83,549,331,434,234
0161102.jpg,301,82,549,330,435,232
0161103.jpg,301,81,549,329,434,233
0161104.jpg,300,81,548,329,436,231
0161105.jpg,300,80,548,328,436,232
0161106.jpg,300,80,548,328,429,195
0161107.jpg,300,80,548,328,425,196
0161108.jpg,299,80,547,328,424,197
0161109.jpg,299,80,547,328,424,196
0161110.jpg,298,80,546,328,423,197
0161111.jpg,298,80,546,328,422,195
0161112.jpg,298,80,546,328,430,192
0161113.jpg,298,79,546,327,471,188
0161114.jpg,298,79,546,327,472,188
0161115.jpg,298,79,546,327,473,188
0161116.jpg,298,79,546,327,473,188
0161117.jpg,298,79,546,327,471,189
0161118.jpg,298,79,546,327,471,188
0161119.jpg,299,78,547,326,472,188
0161120.jpg,299,78,547,326,473,188
0161121.jpg,299,78,547,326,472,189
0161122.jpg,299,78,547,326,470,186
0161123.jpg,299,78,547,326,471,186
0161124.jpg,299,78,547,326,398,185
0161125.jpg,299,78,547,326,395,186
0161126.jpg,300,79,548,327,395,186
0161127.jpg,300,79,548,327,393,185
0161128.jpg,300,80,548,328,392,186
0161129.jpg,300,80,548,328,395,187
0161130.jpg,299,80,547,328,394,186
0161131.jpg,299,80,547,328,392,187
0161132.jpg,300,80,548,328,390,188
0161133.jpg,300,80,548,328,393,188
0161134.jpg,301,81,549,329,392,187
0161135.jpg,299,79,551,331,392,188
0161136.jpg,299,79,551,331,351,183
0161137.jpg,299,79,551,331,352,184
0161138.jpg,299,79,551,331,353,185
0161139.jpg,298,80,550,332,352,185
0161140.jpg,298,80,550,332,352,184
0161141.jpg,298,80,550,332,427,193
0161142.jpg,298,80,550,332,426,187
0161143.jpg,298,80,550,332,424,189
0161144.jpg,298,80,550,332,423,190
0161145.jpg,298,80,550,332,423,190
0161146.jpg,298,80,550,332,423,189
0161147.jpg,298,80,550,332,422,189
0161148.jpg,298,80,550,332,421,190
0161149.jpg,298,80,550,332,422,190
0161150.jpg,298,80,550,332,421,190
0161151.jpg,297,79,551,333,420,191
0161152.jpg,297,81,551,335,418,192
0161153.jpg,296,82,554,340,419,192
0161154.jpg,296,82,554,340,421,191
0161155.jpg,297,82,555,340,421,193
0161156.jpg,299,84,553,338,389,192
0161157.jpg,300,84,554,338,387,194
0161158.jpg,300,84,554,338,387,193
0161159.jpg,301,86,553,338,388,194
0161160.jpg,301,86,553,338,387,194
0161161.jpg,301,86,553,338,389,195
0161162.jpg,301,87,553,339,389,221
0161163.jpg,302,88,554,340,400,234
0161164.jpg,302,88,554,340,401,237
0161165.jpg,302,88,554,340,401,237
0161166.jpg,303,89,555,341,401,237
0161167.jpg,304,89,556,341,402,237
0161168.jpg,305,89,557,341,403,237
0161169.jpg,305,89,557,341,402,242
0161170.jpg,305,89,557,341,440,240
0161171.jpg,305,89,557,341,440,240
0161172.jpg,304,87,558,341,442,241
0161173.jpg,304,87,558,341,441,241
0161174.jpg,304,87,558,341,443,242
0161175.jpg,304,87,558,341,443,243
0161176.jpg,305,86,559,340,444,244
0161177.jpg,305,86,559,340,444,244
0161178.jpg,305,86,559,340,441,195
0161179.jpg,304,83,558,337,442,195
0161180.jpg,304,82,558,336,443,194
0161181.jpg,304,82,558,336,442,193
0161182.jpg,304,82,558,336,443,192
0161183.jpg,303,82,557,336,443,193
0161184.jpg,303,81,557,335,442,192
0161185.jpg,303,81,557,335,442,191
0161186.jpg,303,81,557,335,443,192
0161187.jpg,303,80,557,334,442,191
0161188.jpg,302,80,556,334,442,192
0161189.jpg,302,79,556,333,442,192
0161190.jpg,302,79,556,333,443,192
0161191.jpg,302,79,556,333,443,192
0161192.jpg,303,79,555,331,441,191
0161193.jpg,303,79,555,331,442,192
0161194.jpg,304,79,556,331,440,191
0161195.jpg,304,79,556,331,442,190
0161196.jpg,304,79,556,331,441,189
0161197.jpg,304,79,556,331,440,190
0161198.jpg,304,79,556,331,442,189
0161199.jpg,304,80,556,332,443,189
0161200.jpg,305,81,557,333,441,189
0161201.jpg,305,82,557,334,442,188
0161202.jpg,305,83,559,337,442,189
0161203.jpg,306,83,560,337,441,189
0161204.jpg,306,83,560,337,443,188
0161205.jpg,306,83,560,337,442,189
0161206.jpg,305,81,559,335,442,190
0161207.jpg,306,82,558,334,443,190
0161208.jpg,306,82,558,334,447,192
0161209.jpg,306,82,558,334,446,192
0161210.jpg,306,81,558,333,445,192
0161211.jpg,306,80,558,332,445,192
0161212.jpg,305,80,557,332,445,191
0161213.jpg,307,82,555,330,443,190
0161214.jpg,307,82,555,330,403,189
0161215.jpg,310,83,554,327,401,190
0161216.jpg,310,83,554,327,399,189
0161217.jpg,310,83,554,327,398,188
0161218.jpg,311,83,555,327,398,187
0161219.jpg,309,81,557,329,397,187
0161220.jpg,309,81,557,329,398,187
0161221.jpg,306,79,558,331,396,186
0161222.jpg,306,79,558,331,396,188
0161223.jpg,305,79,557,331,397,188
0161224.jpg,305,79,557,331,398,189
0161225.jpg,305,79,557,331,437,188
0161226.jpg,305,79,557,331,433,188
0161227.jpg,305,79,557,331,432,187
0161228.jpg,306,79,558,331,431,186
0161229.jpg,306,79,558,331,431,186
0161230.jpg,306,79,558,331,431,186
0161231.jpg,306,79,558,331,431,186
0161232.jpg,308,81,556,329,431,185
0161233.jpg,309,81,557,329,430,186
0161234.jpg,309,81,557,329,430,185
0161235.jpg,309,81,557,329,476,188
0161236.jpg,309,81,557,329,454,186
0161237.jpg,309,81,557,329,450,186
0161238.jpg,309,81,557,329,444,193
0161239.jpg,309,81,557,329,456,186
0161240.jpg,308,81,556,329,459,186
0161241.jpg,308,81,556,329,460,186
0161242.jpg,305,80,557,332,460,187
0161243.jpg,305,82,557,334,461,187
0161244.jpg,305,84,557,336,461,186
0161245.jpg,305,88,557,340,463,188
0161246.jpg,304,89,556,341,463,187
0161247.jpg,304,89,556,341,463,188
0161248.jpg,303,88,557,342,439,217
0161249.jpg,303,88,557,342,436,220
0161250.jpg,303,88,557,342,434,220
0161251.jpg,305,89,557,341,453,217
0161252.jpg,305,89,557,341,361,368
0161253.jpg,306,89,558,341,359,368
0161254.jpg,306,88,558,340,360,367
0161255.jpg,306,88,558,340,360,366
0161256.jpg,306,88,558,340,360,366
0161257.jpg,306,88,558,340,363,368
0161258.jpg,306,88,558,340,364,368
0161259.jpg,306,87,558,339,365,370
0161260.jpg,306,83,558,335,368,373
0161261.jpg,308,84,556,332,370,373
0161262.jpg,309,83,557,331,369,373
0161263.jpg,309,82,557,330,370,374
0161264.jpg,310,82,558,330,368,374
0161265.jpg,310,82,558,330,427,197
0161266.jpg,310,81,558,329,425,199
0161267.jpg,310,81,558,329,425,199
0161268.jpg,309,81,557,329,429,198
0161269.jpg,309,80,557,328,429,198
0161270.jpg,309,80,557,328,438,197
0161271.jpg,308,80,556,328,439,190
0161272.jpg,308,80,556,328,403,190
0161273.jpg,308,80,556,328,398,191
0161274.jpg,308,80,556,328,396,190
0161275.jpg,308,80,556,328,397,191
0161276.jpg,309,80,557,328,396,190
0161277.jpg,309,80,557,328,397,190
0161278.jpg,309,80,557,328,396,190
0161279.jpg,309,80,557,328,396,189
0161280.jpg,309,80,557,328,427,191
0161281.jpg,311,82,555,326,429,193
0161282.jpg,311,82,555,326,428,193
0161283.jpg,310,83,554,327,429,192
0161284.jpg,308,81,556,329,429,192
0161285.jpg,308,81,556,329,428,193
0161286.jpg,308,81,556,329,428,193
0161287.jpg,308,81,556,329,428,192
0161288.jpg,309,81,557,329,429,192
0161289.jpg,309,82,557,330,431,195
0161290.jpg,309,82,557,330,395,192
0161291.jpg,309,82,557,330,395,193
0161292.jpg,310,82,558,330,395,194
0161293.jpg,310,82,558,330,394,193
0161294.jpg,310,82,558,330,395,193
0161295.jpg,310,82,558,330,396,194
0161296.jpg,310,82,558,330,395,193
0161297.jpg,310,82,558,330,396,193
0161298.jpg,310,82,558,330,397,195
0161299.jpg,310,82,558,330,397,194
0161300.jpg,310,81,558,329,398,194
0161301.jpg,310,81,558,329,433,192
0161302.jpg,310,81,558,329,433,193
0161303.jpg,310,81,558,329,433,194
0161304.jpg,310,81,558,329,433,195
0161305.jpg,310,81,558,329,433,194
0161306.jpg,310,81,558,329,433,194
0161307.jpg,310,81,558,329,433,194
0161308.jpg,311,81,559,329,435,189
0161309.jpg,311,80,559,328,436,190
0161310.jpg,311,80,559,328,436,190
0161311.jpg,311,79,559,327,437,189
0161312.jpg,311,79,559,327,437,189
0161313.jpg,311,79,559,327,438,189
0161314.jpg,309,77,561,329,435,189
0161315.jpg,309,77,561,329,439,189
0161316.jpg,309,77,561,329,439,190
0161317.jpg,311,79,559,327,440,189
0161318.jpg,311,80,559,328,437,189
0161319.jpg,311,80,559,328,439,188
0161320.jpg,311,80,559,328,439,188
0161321.jpg,311,80,559,328,439,187
0161322.jpg,309,79,561,331,437,187
0161323.jpg,309,79,561,331,438,187
0161324.jpg,309,79,561,331,438,187
0161325.jpg,309,79,561,331,439,188
0161326.jpg,308,79,560,331,438,189
0161327.jpg,309,81,557,329,439,189
0161328.jpg,311,83,555,327,440,190
0161329.jpg,311,83,555,327,440,192
0161330.jpg,311,83,555,327,440,191
0161331.jpg,311,82,555,326,440,192
0161332.jpg,309,80,557,328,437,192
0161333.jpg,309,80,557,328,439,191
0161334.jpg,309,80,557,328,434,192
0161335.jpg,309,80,557,328,431,197
0161336.jpg,309,80,557,328,433,198
0161337.jpg,309,81,557,329,432,197
0161338.jpg,309,81,557,329,431,197
0161339.jpg,308,81,556,329,430,196
0161340.jpg,308,82,556,330,432,196
0161341.jpg,310,84,554,328,433,196
0161342.jpg,310,85,554,329,433,196
0161343.jpg,310,85,554,329,432,197
0161344.jpg,310,85,554,329,433,198
0161345.jpg,310,85,554,329,431,198
0161346.jpg,310,85,554,329,430,198
0161347.jpg,310,85,554,329,430,198
0161348.jpg,310,85,554,329,436,191
0161349.jpg,310,85,554,329,435,226
0161350.jpg,310,85,554,329,436,226
0161351.jpg,310,86,554,330,437,226
0161352.jpg,308,84,556,332,437,227
0161353.jpg,308,88,556,336,438,227
0161354.jpg,307,86,559,338,438,227
0161355.jpg,306,86,558,338,437,228
0161356.jpg,306,82,558,334,437,227
0161357.jpg,306,81,558,333,438,228
0161358.jpg,306,81,558,333,435,228
0161359.jpg,306,80,558,332,436,226
0161360.jpg,306,80,558,332,437,227
0161361.jpg,306,80,558,332,437,193
0161362.jpg,306,80,558,332,435,196
0161363.jpg,306,80,558,332,437,195
0161364.jpg,306,80,558,332,438,196
0161365.jpg,305,80,557,332,437,195
0161366.jpg,305,80,557,332,438,196
0161367.jpg,305,80,557,332,444,192
0161368.jpg,305,80,557,332,441,193
0161369.jpg,305,80,557,332,441,193
0161370.jpg,306,80,558,332,441,193
0161371.jpg,306,80,558,332,441,194
0161372.jpg,306,80,558,332,442,193
0161373.jpg,306,80,558,332,442,193
0161374.jpg,306,80,558,332,439,193
0161375.jpg,307,81,559,333,441,194
0161376.jpg,307,81,559,333,440,195
0161377.jpg,307,82,559,334,443,196
0161378.jpg,307,82,559,334,442,196
0161379.jpg,308,82,560,334,442,197
0161380.jpg,307,83,561,337,444,197
0161381.jpg,306,86,560,340,444,196
0161382.jpg,304,85,562,343,443,196
0161383.jpg,304,86,562,344,443,197
0161384.jpg,304,86,562,344,444,197
0161385.jpg,306,88,560,342,444,196
0161386.jpg,306,88,560,342,445,196
0161387.jpg,306,88,560,342,444,196
0161388.jpg,306,83,560,337,444,197
0161389.jpg,306,81,560,335,446,197
0161390.jpg,307,81,559,333,447,196
0161391.jpg,307,81,559,333,446,198
0161392.jpg,308,83,556,331,446,200
0161393.jpg,308,83,556,331,444,201
0161394.jpg,308,82,556,330,443,200
0161395.jpg,305,80,557,332,443,198
0161396.jpg,305,80,557,332,444,197
0161397.jpg,305,79,557,331,443,196
0161398.jpg,305,79,557,331,444,195
0161399.jpg,306,79,558,331,444,195
0161400.jpg,308,81,556,329,412,196
0161401.jpg,309,81,557,329,413,198
0161402.jpg,309,81,557,329,412,197
0161403.jpg,309,81,557,329,413,194
0161404.jpg,309,81,557,329,411,195
0161405.jpg,309,80,557,328,412,195
0161406.jpg,310,80,558,328,412,194
0161407.jpg,310,80,558,328,413,196
0161408.jpg,308,78,560,330,412,195
0161409.jpg,309,78,561,330,414,196
0161410.jpg,309,78,561,330,413,196
0161411.jpg,309,78,561,330,412,195
0161412.jpg,309,78,561,330,413,195
0161413.jpg,309,78,561,330,414,195
0161414.jpg,309,80,561,332,413,195
0161415.jpg,309,81,561,333,415,195
0161416.jpg,311,85,559,333,460,188
0161417.jpg,312,85,560,333,458,189
0161418.jpg,311,85,559,333,459,188
0161419.jpg,311,85,559,333,461,187
0161420.jpg,311,83,559,331,462,187
0161421.jpg,309,81,561,333,462,187
0161422.jpg,308,81,560,333,464,190
0161423.jpg,308,81,560,333,450,189
0161424.jpg,308,79,560,331,451,194
0161425.jpg,308,79,560,331,453,194
0161426.jpg,310,81,558,329,451,195
0161427.jpg,310,81,558,329,451,197
0161428.jpg,310,81,558,329,450,196
0161429.jpg,310,81,558,329,452,196
0161430.jpg,310,82,558,330,451,196
0161431.jpg,310,82,558,330,451,195
0161432.jpg,308,81,560,333,452,195
0161433.jpg,308,81,560,333,451,195
0161434.jpg,309,81,561,333,452,196
0161435.jpg,309,81,561,333,455,196
0161436.jpg,309,81,561,333,455,196
0161437.jpg,309,81,561,333,448,217
0161438.jpg,309,80,561,332,449,220
0161439.jpg,309,80,561,332,448,221
0161440.jpg,309,80,561,332,448,222
0161441.jpg,309,80,561,332,448,221
0161442.jpg,309,80,561,332,448,220
0161443.jpg,308,79,562,333,448,219
0161444.jpg,308,79,562,333,449,211
0161445.jpg,308,79,562,333,452,214
0161446.jpg,309,77,563,331,450,213
0161447.jpg,310,77,562,329,449,212
0161448.jpg,310,77,562,329,450,193
0161449.jpg,310,77,562,329,448,196
0161450.jpg,310,77,562,329,449,197
0161451.jpg,310,77,562,329,468,195
0161452.jpg,309,78,561,330,473,196
0161453.jpg,308,78,560,330,474,195
0161454.jpg,308,79,560,331,474,193
0161455.jpg,308,79,560,331,474,192
0161456.jpg,308,79,560,331,474,193
0161457.jpg,308,79,560,331,473,193
0161458.jpg,308,80,560,332,476,193
0161459.jpg,310,84,558,332,476,194
0161460.jpg,312,86,556,330,477,196
0161461.jpg,312,86,556,330,475,197
0161462.jpg,312,87,556,331,475,196
0161463.jpg,310,85,558,333,434,194
0161464.jpg,309,85,557,333,433,196
0161465.jpg,309,85,557,333,432,195
0161466.jpg,308,85,556,333,417,224
0161467.jpg,306,83,558,335,415,227
0161468.jpg,306,83,558,335,414,230
0161469.jpg,306,84,558,336,413,229
0161470.jpg,306,84,558,336,412,230
0161471.jpg,306,84,558,336,413,230
0161472.jpg,306,84,558,336,412,230
0161473.jpg,306,84,558,336,410,229
0161474.jpg,306,84,558,336,392,198
0161475.jpg,306,84,558,336,392,200
0161476.jpg,306,84,558,336,392,200
0161477.jpg,305,84,557,336,392,201
0161478.jpg,305,84,557,336,391,200
0161479.jpg,305,85,557,337,391,201
0161480.jpg,306,85,558,337,391,200
0161481.jpg,309,87,557,335,391,200
0161482.jpg,309,87,557,335,391,200
0161483.jpg,309,85,557,333,392,199
0161484.jpg,309,84,557,332,392,201
0161485.jpg,307,82,559,334,391,201
0162007.jpg,719,58,967,306,919,185
0162008.jpg,719,58,967,306,918,186
0162009.jpg,717,58,969,310,917,185
0162010.jpg,717,59,969,311,917,185
0162011.jpg,715,63,967,315,916,186
0162012.jpg,714,63,966,315,917,185
0162013.jpg,713,63,965,315,916,185
0162014.jpg,711,62,965,316,861,170
0162015.jpg,709,62,963,316,827,202
0162016.jpg,708,62,962,316,808,230
0162017.jpg,707,62,961,316,805,234
0162018.jpg,707,62,961,316,807,247
0162019.jpg,707,62,961,316,800,256
0162020.jpg,707,62,961,316,800,256
0162021.jpg,706,62,960,316,800,258
0162022.jpg,704,62,958,316,799,257
0162023.jpg,704,63,956,315,799,258
0162024.jpg,701,63,953,315,799,257
0162025.jpg,700,63,952,315,801,260
0162026.jpg,699,63,951,315,800,261
0162027.jpg,698,62,950,314,800,260
0162028.jpg,697,62,949,314,799,261
0162029.jpg,696,62,948,314,796,260
0162030.jpg,698,64,946,312,794,260
0162031.jpg,698,63,946,311,790,261
0162032.jpg,697,63,945,311,789,262
0162033.jpg,696,63,944,311,786,261
0162034.jpg,695,63,943,311,786,264
0162035.jpg,695,63,943,311,785,264
0162036.jpg,695,63,943,311,785,265
0162037.jpg,694,63,942,311,785,266
0162038.jpg,694,64,942,312,785,266
0162039.jpg,693,64,941,312,785,267
0162040.jpg,692,64,940,312,782,267
0162041.jpg,690,62,942,314,782,268
0162042.jpg,690,61,942,313,780,268
0162043.jpg,690,61,942,313,778,269
0162044.jpg,690,61,942,313,776,269
0162045.jpg,690,61,942,313,775,268
0162046.jpg,690,61,942,313,775,268
0162047.jpg,691,61,943,313,772,268
0162048.jpg,686,55,948,317,768,269
0162049.jpg,687,55,949,317,768,268
0162050.jpg,687,55,949,317,766,269
0162051.jpg,693,60,945,312,764,268
0162052.jpg,695,62,943,310,760,269
0162053.jpg,696,62,944,310,760,267
0162054.jpg,696,62,944,310,759,268
0162055.jpg,697,62,945,310,756,268
0162056.jpg,697,63,945,311,760,268
0162057.jpg,697,63,945,311,758,268
0162058.jpg,698,63,946,311,759,267
0162059.jpg,698,63,946,311,762,267
0162060.jpg,698,63,946,311,763,265
0162061.jpg,698,64,946,312,761,266
0162062.jpg,697,64,945,312,764,267
0162063.jpg,697,64,945,312,761,266
0162064.jpg,696,64,944,312,764,266
0162065.jpg,695,64,943,312,761,266
0162066.jpg,695,64,943,312,764,267
0162067.jpg,694,64,942,312,760,267
0162068.jpg,693,64,941,312,765,267
0162069.jpg,693,64,941,312,758,265
0162070.jpg,693,64,941,312,762,266
0162071.jpg,692,64,940,312,758,269
0162072.jpg,691,63,939,311,691,267
0162073.jpg,688,63,936,311,704,268
0162074.jpg,688,63,936,311,707,268
0162075.jpg,691,62,939,310,707,270
0162076.jpg,691,61,939,309,708,270
0162077.jpg,691,60,939,308,709,270
0162078.jpg,692,60,940,308,707,269
0162079.jpg,692,60,940,308,707,269
0162080.jpg,692,60,940,308,707,270
0162081.jpg,692,60,940,308,710,270
0162082.jpg,693,60,941,308,710,269
0162083.jpg,693,60,941,308,709,270
0162084.jpg,691,58,943,310,710,270
0162085.jpg,691,58,943,310,709,270
0162086.jpg,691,58,943,310,711,269
0162087.jpg,692,58,944,310,711,270
0162088.jpg,692,57,946,311,713,270
0162089.jpg,693,56,947,310,714,270
0162090.jpg,694,56,948,310,712,270
0162091.jpg,694,56,948,310,713,269
0162092.jpg,697,56,951,310,712,269
0162093.jpg,697,56,951,310,713,268
0162094.jpg,702,58,954,310,714,269
0162095.jpg,703,58,955,310,713,268
0162096.jpg,705,60,953,308,716,267
0162097.jpg,704,64,952,312,716,268
0162098.jpg,703,64,951,312,717,268
0162099.jpg,702,64,950,312,719,268
0162100.jpg,698,64,946,312,720,267
0162101.jpg,698,64,946,312,722,267
0162102.jpg,697,62,945,310,722,268
0162103.jpg,696,62,944,310,721,267
0162104.jpg,696,62,944,310,722,268
0162105.jpg,695,62,943,310,721,267
0162106.jpg,695,62,943,310,719,267
0162107.jpg,696,62,944,310,719,269
0162108.jpg,695,62,943,310,718,270
0162109.jpg,695,62,943,310,717,271
0162110.jpg,696,63,940,307,716,270
0162111.jpg,696,63,940,307,715,270
0162112.jpg,695,63,939,307,716,269
0162113.jpg,695,63,939,307,716,268
0162114.jpg,694,63,938,307,715,268
0162115.jpg,693,64,937,308,715,267
0162116.jpg,693,64,937,308,716,268
0162117.jpg,693,64,937,308,714,267
0162118.jpg,693,64,937,308,713,268
0162119.jpg,693,64,937,308,715,267
0162120.jpg,693,64,937,308,715,267
0162121.jpg,691,64,935,308,714,267
0162122.jpg,690,64,934,308,712,268
0162123.jpg,689,64,933,308,712,268
0162124.jpg,689,64,933,308,712,267
0162125.jpg,689,64,933,308,712,268
0162126.jpg,689,64,933,308,713,267
0162127.jpg,690,64,934,308,711,267
0162128.jpg,691,64,935,308,711,267
0162129.jpg,691,64,935,308,711,268
0162130.jpg,692,64,936,308,711,268
0162131.jpg,694,63,938,307,710,268
0162132.jpg,692,61,940,309,711,268
0162133.jpg,693,61,941,309,712,267
0162134.jpg,694,61,942,309,711,268
0162135.jpg,695,61,943,309,711,268
0162136.jpg,695,61,943,309,713,268
0162137.jpg,695,61,943,309,713,267
0162138.jpg,695,61,943,309,714,268
0162139.jpg,695,60,943,308,713,267
0162140.jpg,696,60,944,308,715,267
0162141.jpg,696,60,944,308,716,268
0162142.jpg,695,58,947,310,715,267
0162143.jpg,695,58,947,310,715,268
0162144.jpg,695,58,947,310,715,267
0162145.jpg,695,58,947,310,716,268
0162146.jpg,695,58,947,310,716,267
0162147.jpg,695,58,947,310,716,268
0162148.jpg,695,58,947,310,717,267
0162149.jpg,695,58,947,310,716,268
0162150.jpg,695,58,947,310,716,268
0162151.jpg,696,60,944,308,716,268
0162152.jpg,696,60,944,308,717,268
0162153.jpg,696,60,944,308,717,268
0162154.jpg,696,60,944,308,717,268
0162155.jpg,695,60,943,308,717,268
0162156.jpg,695,60,943,308,716,267
0162157.jpg,695,61,943,309,716,269
0162158.jpg,695,61,943,309,717,268
0162159.jpg,695,61,943,309,716,269
0162160.jpg,696,61,944,309,717,268
0162161.jpg,696,61,944,309,716,269
0162162.jpg,696,60,944,308,716,269
0162163.jpg,694,58,946,310,716,268
0162164.jpg,694,58,946,310,716,269
0162165.jpg,695,58,947,310,717,269
0162166.jpg,695,58,947,310,717,268
0162167.jpg,697,57,949,309,717,268
0162168.jpg,698,57,950,309,716,268
0162169.jpg,698,56,950,308,718,267
0162170.jpg,698,55,950,307,717,268
0162171.jpg,699,55,951,307,717,269
0162172.jpg,700,55,952,307,717,269
0162173.jpg,700,55,952,307,718,269
0162174.jpg,700,55,952,307,719,269
0162175.jpg,700,55,952,307,719,268
0162176.jpg,703,57,951,305,719,268
0162177.jpg,702,57,950,305,720,268
0162178.jpg,702,56,950,304,719,269
0162179.jpg,703,56,951,304,721,268
0162180.jpg,703,55,951,303,721,268
0162181.jpg,702,55,950,303,722,268
0162182.jpg,702,55,950,303,721,267
0162183.jpg,702,55,950,303,722,267
0162184.jpg,702,55,950,303,723,268
0162185.jpg,702,55,950,303,722,267
0162186.jpg,702,55,950,303,722,269
0162187.jpg,702,55,950,303,723,267
0162188.jpg,702,54,950,302,723,268
0162189.jpg,700,52,952,304,723,267
0162190.jpg,700,52,952,304,723,267
0162191.jpg,700,53,952,305,722,267
0162192.jpg,699,53,951,305,723,268
0162193.jpg,699,53,951,305,722,268
0162194.jpg,699,53,951,305,722,267
0162195.jpg,702,55,950,303,722,268
0162196.jpg,702,55,950,303,723,267
0162197.jpg,702,55,950,303,723,268
0162198.jpg,702,55,950,303,723,267
0162199.jpg,702,55,950,303,723,268
0162200.jpg,701,55,949,303,723,267
0162201.jpg,701,55,949,303,723,267
0162202.jpg,701,55,949,303,722,268
0162203.jpg,701,55,949,303,723,268
0162204.jpg,701,56,949,304,722,267
0162205.jpg,701,56,949,304,721,268
0162206.jpg,701,56,949,304,721,267
0162207.jpg,701,56,949,304,721,268
0162208.jpg,701,56,949,304,721,268
0162209.jpg,701,56,949,304,720,267
0162210.jpg,701,56,949,304,720,267
0162211.jpg,701,56,949,304,720,267
0162212.jpg,701,56,949,304,721,266
0162213.jpg,701,56,949,304,720,267
0162214.jpg,701,55,949,303,720,267
0162215.jpg,701,55,949,303,719,266
0162216.jpg,698,53,950,305,720,268
0162217.jpg,698,53,950,305,720,266
0162218.jpg,698,53,950,305,719,268
0162219.jpg,698,53,950,305,719,267
0162220.jpg,698,53,950,305,720,268
0162221.jpg,698,54,950,306,719,267
0162222.jpg,698,54,950,306,720,267
0162223.jpg,698,54,950,306,720,268
0162224.jpg,698,54,950,306,720,267
0162225.jpg,700,56,948,304,720,267
0162226.jpg,700,56,948,304,720,267
0162227.jpg,700,56,948,304,719,267
0162228.jpg,700,56,948,304,719,268
0162229.jpg,700,56,948,304,720,267
0162230.jpg,698,53,950,305,721,266
0162231.jpg,698,53,950,305,720,267
0162232.jpg,698,53,950,305,719,266
0162233.jpg,699,53,951,305,721,267
0162234.jpg,701,55,949,303,721,266
0162235.jpg,702,55,950,303,721,267
0162236.jpg,703,55,951,303,720,266
0162237.jpg,703,55,951,303,720,266
0162238.jpg,703,55,951,303,721,268
0162239.jpg,703,55,951,303,721,266
0162240.jpg,703,55,951,303,721,267
0162241.jpg,703,55,951,303,721,267
0162242.jpg,703,55,951,303,721,267
0162243.jpg,702,55,950,303,721,267
0162244.jpg,702,55,950,303,722,266
0162245.jpg,702,55,950,303,722,267
0162246.jpg,702,55,950,303,721,267
0162247.jpg,702,55,950,303,722,267
0162248.jpg,702,54,950,302,722,267
0162249.jpg,702,54,950,302,722,266
0162250.jpg,702,54,950,302,722,266
0162251.jpg,700,52,952,304,722,266
0162252.jpg,700,52,952,304,721,267
0162253.jpg,700,52,952,304,721,267
0162254.jpg,700,53,952,305,721,266
0162255.jpg,700,53,952,305,723,266
0162256.jpg,700,53,952,305,722,266
0162257.jpg,700,53,952,305,722,266
0162258.jpg,700,53,952,305,722,267
0162259.jpg,700,53,952,305,723,266
0162260.jpg,700,53,952,305,723,265
0162261.jpg,700,53,952,305,722,266
0162262.jpg,700,54,952,306,723,266
0162263.jpg,703,56,951,304,723,266
0162264.jpg,703,56,951,304,722,266
0162265.jpg,702,56,950,304,723,267
0162266.jpg,702,56,950,304,722,267
0162267.jpg,702,56,950,304,723,266
0162268.jpg,702,56,950,304,723,266
0162269.jpg,701,56,949,304,722,267
0162270.jpg,701,56,949,304,723,267
0162271.jpg,701,56,949,304,723,267
0162272.jpg,701,56,949,304,723,267
0162273.jpg,700,56,948,304,722,266
0162274.jpg,700,56,948,304,722,267
0162275.jpg,700,56,948,304,722,267
0162276.jpg,697,54,949,306,722,266
0162277.jpg,697,54,949,306,722,266
0162278.jpg,697,54,949,306,722,267
0162279.jpg,697,54,949,306,722,266
0162280.jpg,697,54,949,306,721,267
0162281.jpg,697,54,949,306,720,266
0162282.jpg,697,54,949,306,721,267
0162283.jpg,699,56,947,304,721,266
0162284.jpg,699,56,947,304,720,267
0162285.jpg,699,56,947,304,721,266
0162286.jpg,699,56,947,304,720,267
0162287.jpg,700,56,948,304,720,266
0162288.jpg,700,56,948,304,720,268
0162289.jpg,698,54,950,306,720,267
0162290.jpg,698,54,950,306,721,266
0162291.jpg,699,54,951,306,721,266
0162292.jpg,699,54,951,306,722,267
0162293.jpg,700,56,952,308,722,267
0162294.jpg,701,57,953,309,721,267
0162295.jpg,705,65,953,313,720,267
0162296.jpg,705,65,953,313,721,266
0162297.jpg,705,66,953,314,721,266
0162298.jpg,705,67,953,315,722,268
0162299.jpg,706,67,954,315,791,289
0162300.jpg,706,67,954,315,814,306
0162301.jpg,708,67,956,315,817,306
0162302.jpg,709,67,957,315,818,330
0162303.jpg,709,67,957,315,813,330
0162304.jpg,709,68,957,316,812,331
0162305.jpg,710,68,958,316,812,329
0162306.jpg,711,68,959,316,812,328
0162307.jpg,711,68,959,316,813,332
0162308.jpg,713,71,957,315,813,331
0162309.jpg,714,71,958,315,813,331
0162310.jpg,714,71,958,315,813,331
0162311.jpg,714,71,958,315,813,332
0162312.jpg,715,71,959,315,861,373
0162313.jpg,715,71,959,315,869,377
0162314.jpg,713,68,961,316,869,378
0162315.jpg,713,67,961,315,869,379
0162316.jpg,713,67,961,315,870,378
0162317.jpg,713,67,961,315,870,379
0162318.jpg,711,64,963,316,869,379
0162319.jpg,711,64,963,316,870,380
0162320.jpg,710,64,962,316,869,380
0162321.jpg,709,64,961,316,870,380
0162322.jpg,709,64,961,316,864,218
0162323.jpg,709,64,961,316,861,219
0162324.jpg,708,63,960,315,860,218
0162325.jpg,708,62,960,314,834,238
0162326.jpg,707,61,959,313,837,239
0162327.jpg,706,59,960,313,837,239
0162328.jpg,704,57,962,315,836,239
0162329.jpg,704,57,962,315,834,241
0162330.jpg,704,57,962,315,834,241
0162331.jpg,703,57,961,315,833,239
0162332.jpg,703,57,961,315,832,240
0162333.jpg,703,57,961,315,833,238
0162334.jpg,703,57,961,315,833,239
0162335.jpg,703,57,961,315,832,239
0162336.jpg,705,59,959,313,832,238
0162337.jpg,707,63,955,311,831,237
0162338.jpg,707,63,955,311,831,240
0162339.jpg,707,63,955,311,830,240
0162341.jpg,707,63,955,311,822,203
0162342.jpg,706,63,954,311,828,205
0162343.jpg,704,61,956,313,828,205
0162344.jpg,704,61,956,313,828,206
0162345.jpg,704,61,956,313,828,205
0162346.jpg,704,61,956,313,828,205
0162347.jpg,704,62,956,314,829,205
0162348.jpg,704,62,956,314,828,206
0162349.jpg,704,62,956,314,828,205
0162350.jpg,704,62,956,314,791,186
0162351.jpg,704,62,956,314,791,187
0162352.jpg,704,62,956,314,790,186
0162353.jpg,703,61,955,313,791,186
0162354.jpg,703,61,955,313,791,187
0162355.jpg,703,61,955,313,791,186
0162356.jpg,703,61,955,313,791,186
0162357.jpg,703,61,955,313,791,186
0162358.jpg,703,58,957,312,790,186
0162359.jpg,701,56,959,314,809,193
0162360.jpg,701,56,959,314,813,184
0162361.jpg,702,56,960,314,816,185
0162362.jpg,702,56,960,314,816,184
0162363.jpg,702,56,960,314,818,186
0162364.jpg,702,55,960,313,818,187
0162365.jpg,702,55,960,313,817,184
0162366.jpg,702,55,960,313,818,185
0162367.jpg,702,55,960,313,819,185
0162368.jpg,702,55,960,313,817,186
0162369.jpg,704,57,958,311,819,185
0162370.jpg,704,57,958,311,818,184
0162371.jpg,704,57,958,311,818,184
0162372.jpg,705,57,959,311,817,184
0162373.jpg,703,55,961,313,818,184
0162374.jpg,703,55,961,313,817,184
0162375.jpg,703,55,961,313,818,184
0162376.jpg,705,57,959,311,817,185
0162377.jpg,705,57,959,311,818,185
0162378.jpg,705,56,959,310,818,184
0162379.jpg,704,56,958,310,818,184
0162380.jpg,704,56,958,310,818,184
0162381.jpg,704,56,958,310,818,184
0162382.jpg,704,56,958,310,818,185
0162383.jpg,704,56,958,310,817,185
0162384.jpg,704,56,958,310,817,184
0162385.jpg,703,56,957,310,818,184
0162386.jpg,704,57,956,309,818,184
0162387.jpg,704,57,956,309,816,185
0162388.jpg,704,57,956,309,816,185
0162389.jpg,704,57,956,309,816,184
0162390.jpg,704,57,956,309,816,184
0162391.jpg,704,57,956,309,816,183
0162392.jpg,704,57,956,309,816,182
0162393.jpg,704,57,956,309,821,182
0162394.jpg,704,57,956,309,821,183
0162395.jpg,704,57,956,309,821,182
0162396.jpg,703,56,957,310,821,182
0162397.jpg,703,57,957,311,821,183
0162398.jpg,703,57,957,311,821,183
0162399.jpg,703,57,957,311,820,183
0162400.jpg,703,57,957,311,821,183
0162401.jpg,703,57,957,311,820,184
0162402.jpg,703,57,957,311,821,184
0162403.jpg,703,57,957,311,821,184
0162404.jpg,703,57,957,311,820,183
0162405.jpg,703,55,957,309,821,183
0162406.jpg,703,55,957,309,821,182
0162407.jpg,703,55,957,309,821,183
0162408.jpg,702,54,956,308,821,183
0162409.jpg,702,54,956,308,822,182
0162410.jpg,702,54,956,308,822,183
0162411.jpg,703,54,955,306,822,182
0162412.jpg,703,54,955,306,820,182
0162413.jpg,703,54,955,306,821,181
0162414.jpg,703,54,955,306,821,180
0162415.jpg,704,53,956,305,821,180
0162416.jpg,704,52,956,304,821,181
0162417.jpg,704,53,956,305,822,181
0162418.jpg,704,53,956,305,821,180
0162419.jpg,704,54,956,306,822,179
0162420.jpg,704,54,956,306,821,179
0162421.jpg,705,54,957,306,822,179
0162422.jpg,705,54,957,306,821,180
0162423.jpg,705,54,957,306,822,180
0162424.jpg,705,54,957,306,822,180
0162425.jpg,707,55,955,303,821,179
0162426.jpg,707,55,955,303,822,178
0162427.jpg,707,55,955,303,823,177
0162428.jpg,705,53,957,305,822,180
0162429.jpg,705,53,957,305,823,180
0162430.jpg,705,53,957,305,823,180
0162431.jpg,704,52,956,304,823,177
0162432.jpg,704,52,956,304,823,179
0162433.jpg,704,52,956,304,824,179
0162434.jpg,704,52,956,304,823,178
0162435.jpg,704,52,956,304,823,179
0162436.jpg,706,54,954,302,823,179
0162437.jpg,706,54,954,302,823,177
0162438.jpg,706,53,954,301,822,177
0162439.jpg,706,53,954,301,823,176
0162440.jpg,706,53,954,301,823,177
0162441.jpg,706,52,954,300,823,178
0162442.jpg,706,52,954,300,823,179
0162443.jpg,706,52,954,300,823,180
0162444.jpg,706,52,954,300,822,179
0162445.jpg,706,52,954,300,822,177
0162446.jpg,706,52,954,300,823,175
0162447.jpg,706,52,954,300,822,176
0162448.jpg,706,52,954,300,823,177
0162449.jpg,706,52,954,300,823,178
0162450.jpg,705,52,953,300,823,177
0162451.jpg,705,52,953,300,822,177
0162452.jpg,705,52,953,300,823,175
0162453.jpg,705,52,953,300,822,174
0162454.jpg,705,52,953,300,823,175
0162455.jpg,705,52,953,300,824,176
0162456.jpg,705,52,953,300,824,175
0162457.jpg,705,52,953,300,823,175
0162458.jpg,705,52,953,300,823,176
0162459.jpg,705,52,953,300,823,175
0162460.jpg,704,52,952,300,823,176
0162461.jpg,704,52,952,300,824,175
0162462.jpg,704,52,952,300,823,175
0162463.jpg,704,52,952,300,824,176
0162464.jpg,704,52,952,300,824,177
0162465.jpg,704,52,952,300,823,176
0162466.jpg,702,50,954,302,823,176
0162467.jpg,702,50,954,302,822,175
0162468.jpg,702,50,954,302,822,177
0162469.jpg,702,50,954,302,822,179
0162470.jpg,702,50,954,302,823,179
0162471.jpg,702,50,954,302,823,178
0162472.jpg,702,51,954,303,823,179
0162473.jpg,702,51,954,303,823,179
0162474.jpg,702,51,954,303,823,178
0162475.jpg,702,51,954,303,822,179
0162476.jpg,705,53,953,301,822,179
0162477.jpg,705,53,953,301,823,177
0162478.jpg,705,53,953,301,822,178
0162479.jpg,705,53,953,301,823,177
0162480.jpg,702,51,954,303,823,179
0162481.jpg,702,51,954,303,822,180
0162482.jpg,702,51,954,303,822,178
0162483.jpg,702,52,954,304,823,179
0162484.jpg,702,52,954,304,823,180
0162485.jpg,703,52,955,304,824,179
