0211000.jpg,715,155,959,399,437,219
0211001.jpg,715,155,959,399,430,223
0211002.jpg,715,155,959,399,429,224
0211003.jpg,715,155,959,399,425,225
0211004.jpg,717,157,957,397,426,225
0211005.jpg,718,157,958,397,427,225
0211006.jpg,718,157,958,397,425,224
0211007.jpg,716,156,960,400,426,225
0211008.jpg,716,156,960,400,424,223
0211009.jpg,716,156,960,400,426,223
0211010.jpg,716,156,960,400,424,226
0211011.jpg,718,158,958,398,424,226
0211012.jpg,717,158,957,398,423,225
0211013.jpg,717,158,957,398,425,225
0211014.jpg,717,158,957,398,424,225
0211015.jpg,717,158,957,398,423,225
0211016.jpg,717,158,957,398,423,226
0211017.jpg,717,158,957,398,422,225
0211018.jpg,717,158,957,398,424,225
0211019.jpg,715,156,959,400,424,224
0211020.jpg,715,155,959,399,425,224
0211021.jpg,715,155,959,399,424,223
0211022.jpg,715,155,959,399,426,221
0211023.jpg,715,155,959,399,425,222
0211024.jpg,716,155,960,399,424,223
0211025.jpg,716,156,960,400,423,222
0211026.jpg,716,156,960,400,424,223
0211027.jpg,715,156,959,400,423,223
0211028.jpg,717,158,957,398,423,222
0211029.jpg,715,159,955,399,424,222
0211030.jpg,715,159,955,399,423,222
0211031.jpg,714,159,954,399,424,223
0211032.jpg,714,159,954,399,423,222
0211033.jpg,714,159,954,399,425,224
0211034.jpg,714,159,954,399,424,223
0211035.jpg,714,159,954,399,425,222
0211036.jpg,714,159,954,399,425,221
0211037.jpg,714,159,954,399,426,222
0211038.jpg,714,159,954,399,426,223
0211039.jpg,714,159,954,399,429,216
0211040.jpg,714,160,954,400,444,215
0211041.jpg,720,173,938,391,431,217
0211042.jpg,720,173,938,391,454,192
0211043.jpg,720,173,938,391,447,192
0211044.jpg,720,173,938,391,447,193
0211045.jpg,720,172,938,390,445,194
0211046.jpg,720,172,938,390,444,193
0211047.jpg,720,172,938,390,444,194
0211048.jpg,720,172,938,390,445,194
0211049.jpg,720,172,938,390,444,196
0211050.jpg,720,172,938,390,444,196
0211051.jpg,720,172,938,390,444,197
0211052.jpg,720,171,938,389,441,195
0211053.jpg,720,171,938,389,438,195
0211054.jpg,720,171,938,389,436,194
0211055.jpg,715,159,955,399,433,196
0211056.jpg,715,159,955,399,431,199
0211057.jpg,715,156,959,400,415,219
0211058.jpg,715,156,959,400,413,222
0211059.jpg,715,156,959,400,413,223
0211060.jpg,718,158,958,398,413,226
0211061.jpg,718,158,958,398,414,227
0211062.jpg,719,158,959,398,412,225
0211063.jpg,726,158,966,398,412,224
0211064.jpg,729,159,969,399,413,222
0211065.jpg,734,161,970,397,413,223
0211066.jpg,734,162,970,398,413,222
0211067.jpg,738,163,972,397,412,219
0211068.jpg,743,165,973,395,411,218
0211069.jpg,746,165,976,395,411,217
0211070.jpg,746,165,976,395,412,217
0211071.jpg,746,166,976,396,413,218
0211072.jpg,744,164,978,398,412,213
0211073.jpg,744,164,978,398,416,212
0211074.jpg,745,164,979,398,416,209
0211075.jpg,744,163,980,399,420,209
0211076.jpg,744,163,980,399,421,209
0211077.jpg,742,161,982,401,421,208
0211078.jpg,742,161,982,401,426,210
0211079.jpg,742,161,982,401,429,209
0211080.jpg,743,161,983,401,430,210
0211081.jpg,743,161,983,401,429,209
0211082.jpg,743,161,983,401,432,212
0211083.jpg,743,161,983,401,432,211
0211084.jpg,743,161,983,401,433,212
0211085.jpg,744,161,984,401,434,212
0211086.jpg,744,161,984,401,434,212
0211087.jpg,744,161,984,401,432,209
0211088.jpg,744,161,984,401,433,209
0211089.jpg,744,161,984,401,434,210
0211090.jpg,744,160,984,400,435,211
0211091.jpg,744,160,984,400,437,210
0211092.jpg,744,160,984,400,440,211
0211093.jpg,744,160,984,400,439,211
0211094.jpg,744,160,984,400,439,211
0211095.jpg,744,161,984,401,438,210
0211096.jpg,744,161,984,401,439,211
0211097.jpg,744,161,984,401,439,211
0211098.jpg,744,161,984,401,439,211
0211099.jpg,744,161,984,401,439,212
0211100.jpg,744,161,984,401,438,211
0211101.jpg,744,161,984,401,438,211
0211102.jpg,745,160,985,400,438,211
0211103.jpg,745,160,985,400,438,212
0211104.jpg,746,160,986,400,437,213
0211105.jpg,754,159,984,389,437,213
0211106.jpg,754,159,984,389,436,212
0211107.jpg,755,159,985,389,436,213
0211108.jpg,755,159,985,389,436,213
0211109.jpg,755,160,985,390,435,213
0211110.jpg,755,160,985,390,434,214
0211111.jpg,755,160,985,390,433,213
0211112.jpg,755,160,985,390,434,214
0211113.jpg,755,160,985,390,432,213
0211114.jpg,755,160,985,390,432,213
0211115.jpg,747,160,987,400,432,214
0211116.jpg,747,160,987,400,432,215
0211117.jpg,746,160,986,400,431,214
0211118.jpg,748,162,984,398,432,214
0211119.jpg,747,162,983,398,432,214
0211120.jpg,748,163,982,397,432,215
0211121.jpg,748,163,982,397,432,215
0211122.jpg,749,165,979,395,433,216
0211123.jpg,748,165,978,395,432,214
0211124.jpg,746,166,976,396,432,216
0211125.jpg,742,167,976,401,433,216
0211126.jpg,742,167,976,401,434,215
0211127.jpg,738,167,972,401,433,215
0211128.jpg,736,167,970,401,433,215
0211129.jpg,733,165,967,399,433,215
0211130.jpg,732,165,966,399,433,215
0211131.jpg,734,167,964,397,434,216
0211132.jpg,733,167,959,393,433,214
0211133.jpg,733,167,959,393,433,214
0211134.jpg,733,167,959,393,432,214
0211135.jpg,733,167,959,393,431,214
0211136.jpg,733,167,959,393,428,213
0211137.jpg,732,166,958,392,428,211
0211138.jpg,732,166,958,392,422,209
0211139.jpg,732,166,958,392,417,209
0211140.jpg,732,165,958,391,414,207
0211141.jpg,732,165,958,391,408,207
0211142.jpg,718,160,954,396,404,206
0211143.jpg,716,158,956,398,404,206
0211144.jpg,716,158,956,398,404,207
0211145.jpg,717,158,957,398,401,208
0211146.jpg,717,158,957,398,402,210
0211147.jpg,717,158,957,398,399,210
0211148.jpg,717,158,957,398,399,209
0211149.jpg,718,158,958,398,399,210
0211150.jpg,716,156,960,400,400,211
0211151.jpg,714,154,962,402,400,211
0211152.jpg,714,154,962,402,401,211
0211153.jpg,716,156,960,400,402,211
0211154.jpg,733,165,959,391,404,212
0211155.jpg,733,165,959,391,404,212
0211156.jpg,733,165,959,391,405,208
0211157.jpg,733,165,959,391,429,230
0211158.jpg,733,165,959,391,453,243
0211159.jpg,733,166,959,392,801,272
0211160.jpg,733,166,959,392,829,279
0211161.jpg,733,166,959,392,836,281
0211162.jpg,733,166,959,392,836,283
0211163.jpg,733,167,959,393,836,283
0211164.jpg,734,167,960,393,836,282
0211165.jpg,733,166,963,396,836,281
0211166.jpg,733,166,963,396,836,282
0211167.jpg,734,167,964,397,836,281
0211168.jpg,736,169,966,399,837,281
0211169.jpg,735,167,969,401,836,281
0211170.jpg,736,167,970,401,838,283
0211171.jpg,736,167,970,401,838,282
0211172.jpg,742,168,972,398,839,283
0211173.jpg,745,168,975,398,841,283
0211174.jpg,747,168,977,398,841,281
0211175.jpg,748,167,978,397,841,282
0211176.jpg,748,167,978,397,842,283
0211177.jpg,747,165,981,399,841,283
0211178.jpg,747,165,981,399,842,282
0211179.jpg,747,165,981,399,841,283
0211180.jpg,746,165,980,399,843,286
0211181.jpg,746,166,980,400,842,286
0211182.jpg,746,166,980,400,844,286
0211183.jpg,746,166,980,400,843,285
0211184.jpg,746,166,980,400,498,307
0211185.jpg,746,166,980,400,440,281
0211186.jpg,745,164,981,400,422,245
0211187.jpg,746,164,982,400,404,244
0211188.jpg,746,164,982,400,398,245
0211189.jpg,747,164,983,400,394,245
0211190.jpg,747,163,983,399,404,220
0211191.jpg,747,163,983,399,399,221
0211192.jpg,748,163,984,399,399,224
0211193.jpg,748,163,984,399,397,223
0211194.jpg,748,163,984,399,395,224
0211195.jpg,747,163,983,399,395,223
0211196.jpg,747,163,983,399,397,225
0211197.jpg,747,163,983,399,397,226
0211198.jpg,748,163,984,399,395,225
0211199.jpg,748,163,984,399,396,225
0211200.jpg,748,163,984,399,396,225
0211201.jpg,748,163,984,399,396,225
0211202.jpg,748,163,984,399,396,226
0211203.jpg,748,163,984,399,397,226
0211204.jpg,748,163,984,399,396,226
0211205.jpg,748,164,984,400,395,226
0211206.jpg,748,164,984,400,395,225
0211207.jpg,748,164,984,400,394,226
0211208.jpg,748,164,984,400,394,226
0211209.jpg,748,164,984,400,393,225
0211210.jpg,749,165,983,399,393,226
0211211.jpg,749,165,983,399,392,226
0211212.jpg,748,165,982,399,391,225
0211213.jpg,747,164,981,398,391,225
0211214.jpg,747,164,981,398,392,226
0211215.jpg,747,164,981,398,392,225
0211216.jpg,747,164,981,398,394,226
0211217.jpg,746,164,980,398,394,224
0211218.jpg,747,166,977,396,394,224
0211219.jpg,747,165,977,395,395,225
0211220.jpg,747,164,977,394,395,225
0211221.jpg,746,164,976,394,416,224
0211222.jpg,746,162,976,392,415,227
0211223.jpg,746,162,976,392,414,227
0211224.jpg,748,164,974,390,413,226
0211225.jpg,747,164,973,390,415,227
0211226.jpg,747,164,973,390,427,231
0211227.jpg,747,166,969,388,427,233
0211228.jpg,746,168,968,390,426,231
0211229.jpg,745,168,967,390,427,232
0211230.jpg,742,166,968,392,450,219
0211231.jpg,742,166,968,392,465,221
0211232.jpg,741,165,967,391,466,222
0211233.jpg,739,163,965,389,467,224
0211234.jpg,736,163,962,389,467,222
0211235.jpg,737,165,959,387,468,222
0211236.jpg,734,163,960,389,468,222
0211237.jpg,732,163,958,389,468,220
0211238.jpg,715,154,963,402,506,212
0211239.jpg,714,154,962,402,499,215
0211240.jpg,712,152,964,404,498,215
0211241.jpg,712,152,964,404,498,215
0211242.jpg,712,152,964,404,499,214
0211243.jpg,712,151,964,403,499,214
0211244.jpg,712,151,964,403,499,215
0211245.jpg,714,153,962,401,499,214
0211246.jpg,714,153,962,401,501,215
0211247.jpg,714,153,962,401,501,215
0211248.jpg,715,153,963,401,500,215
0211249.jpg,715,153,963,401,499,214
0211250.jpg,715,153,963,401,500,215
0211251.jpg,715,154,963,402,502,214
0211252.jpg,714,154,962,402,501,215
0211253.jpg,714,154,962,402,406,227
0211254.jpg,714,155,962,403,403,231
0211255.jpg,715,156,963,404,403,230
0211256.jpg,717,158,961,402,400,229
0211257.jpg,718,161,962,405,399,230
0211258.jpg,719,164,963,408,397,228
0211259.jpg,719,165,963,409,398,227
0211260.jpg,719,168,963,412,398,225
0211261.jpg,720,168,964,412,403,226
0211262.jpg,721,171,965,415,407,225
0211263.jpg,730,178,966,414,406,227
0211264.jpg,734,183,964,413,409,226
0211265.jpg,734,186,964,416,410,225
0211266.jpg,735,186,965,416,413,226
0211267.jpg,734,183,970,419,414,227
0211268.jpg,735,184,971,420,414,229
0211269.jpg,735,186,971,422,414,228
0211270.jpg,735,187,971,423,415,229
0211271.jpg,735,187,971,423,417,230
0211272.jpg,734,187,970,423,417,227
0211273.jpg,733,187,969,423,419,228
0211274.jpg,732,186,968,422,418,226
0211275.jpg,731,187,965,421,419,227
0211276.jpg,731,186,965,420,422,229
0211277.jpg,728,186,962,420,450,244
0211278.jpg,723,186,957,420,454,245
0211279.jpg,722,184,956,418,851,275
0211280.jpg,719,184,953,418,858,281
0211281.jpg,719,184,953,418,857,281
0211282.jpg,719,186,953,420,856,281
0211283.jpg,718,185,954,421,854,282
0211284.jpg,718,185,954,421,854,282
0211285.jpg,718,185,954,421,854,283
0211286.jpg,718,186,954,422,853,283
0211287.jpg,717,186,953,422,852,284
0211288.jpg,717,186,953,422,852,283
0211289.jpg,716,186,952,422,852,284
0211290.jpg,716,186,952,422,427,248
0211291.jpg,716,186,952,422,424,247
0211293.jpg,716,186,952,422,405,213
0211294.jpg,716,186,952,422,403,214
0211295.jpg,716,186,952,422,403,215
0211296.jpg,716,186,952,422,402,215
0211297.jpg,716,186,952,422,403,215
0211298.jpg,715,186,951,422,405,214
0211299.jpg,715,185,951,421,405,214
0211300.jpg,715,185,951,421,404,214
0211301.jpg,712,183,952,423,407,216
0211302.jpg,712,183,952,423,407,217
0211303.jpg,712,183,952,423,408,216
0211304.jpg,714,184,950,420,406,217
0211305.jpg,712,182,952,422,407,216
0211306.jpg,714,184,950,420,407,217
0211307.jpg,712,186,946,420,407,217
0211308.jpg,712,186,946,420,407,216
0211309.jpg,712,186,946,420,406,216
0211310.jpg,712,186,946,420,414,284
0211311.jpg,712,186,946,420,438,617
0211312.jpg,713,182,953,422,449,617
0211313.jpg,714,182,954,422,464,610
0211314.jpg,714,182,954,422,473,609
0211315.jpg,714,181,954,421,502,601
0211316.jpg,713,181,953,421,505,596
0211317.jpg,713,179,953,419,482,591
0211318.jpg,712,171,952,411,481,585
0211319.jpg,712,167,952,407,501,590
0211320.jpg,712,165,952,405,495,590
0211321.jpg,712,165,952,405,488,593
0211322.jpg,712,165,952,405,482,598
0211323.jpg,712,164,952,404,481,599
0211324.jpg,712,164,952,404,475,603
0211325.jpg,712,164,952,404,470,606
0211326.jpg,712,163,952,403,467,606
0211327.jpg,713,163,953,403,467,608
0211328.jpg,714,162,954,402,465,608
0211329.jpg,715,162,955,402,429,643
0211330.jpg,713,160,957,404,436,644
0211331.jpg,713,159,957,403,437,643
0211332.jpg,713,159,957,403,434,644
0211333.jpg,712,159,956,403,433,644
0211334.jpg,714,161,954,401,435,644
0211335.jpg,714,160,954,400,435,644
0211336.jpg,715,160,955,400,434,643
0211337.jpg,713,157,957,401,431,643
0211338.jpg,713,157,957,401,432,644
0211339.jpg,713,157,957,401,433,644
0211340.jpg,713,157,957,401,428,644
0211341.jpg,714,156,958,400,429,644
0211342.jpg,714,156,958,400,522,608
0211343.jpg,714,156,958,400,775,464
0211344.jpg,714,156,958,400,817,304
0211345.jpg,714,156,958,400,825,303
0211346.jpg,714,156,958,400,832,307
0211347.jpg,714,156,958,400,832,308
0211348.jpg,715,156,959,400,832,308
0211349.jpg,715,156,959,400,833,307
0211350.jpg,716,157,960,401,834,308
0211351.jpg,717,157,961,401,834,307
0211352.jpg,718,157,962,401,833,308
0211353.jpg,725,157,969,401,833,308
0211354.jpg,728,157,972,401,834,307
0211355.jpg,736,163,970,397,834,306
0211356.jpg,736,163,970,397,835,305
0211357.jpg,742,163,976,397,835,305
0211358.jpg,750,168,976,394,835,305
0211359.jpg,752,168,978,394,834,305
0211360.jpg,752,168,978,394,835,305
0211361.jpg,754,170,976,392,834,306
0211362.jpg,754,171,976,393,833,310
0211363.jpg,754,171,976,393,834,306
0211364.jpg,754,173,976,395,834,307
0211365.jpg,752,182,978,408,835,306
0211366.jpg,751,183,977,409,835,306
0211367.jpg,747,182,977,412,835,303
0211368.jpg,746,182,976,412,835,303
0211369.jpg,743,180,977,414,836,303
0211370.jpg,743,182,973,412,838,303
0211371.jpg,743,182,973,412,838,303
0211372.jpg,737,176,971,410,838,304
0211373.jpg,733,169,967,403,839,303
0211374.jpg,717,160,965,408,838,303
0211375.jpg,716,160,964,408,839,303
0211376.jpg,716,158,964,406,838,302
0211377.jpg,715,158,963,406,838,302
0211378.jpg,715,158,963,406,836,301
0211379.jpg,715,157,963,405,834,300
0211380.jpg,715,157,963,405,834,300
0211381.jpg,715,157,963,405,833,299
0211382.jpg,717,157,961,401,832,298
0211383.jpg,718,156,962,400,832,298
0211384.jpg,721,158,961,398,831,298
0211385.jpg,720,156,964,400,830,299
0211386.jpg,720,156,964,400,830,298
0211387.jpg,729,159,969,399,831,298
0211388.jpg,729,159,969,399,829,298
0211389.jpg,729,155,977,403,830,299
0211390.jpg,739,162,973,396,829,297
0211391.jpg,741,159,975,393,830,299
0211392.jpg,741,158,975,392,830,298
0211393.jpg,741,158,975,392,829,298
0211394.jpg,741,156,975,390,830,297
0211395.jpg,743,157,973,387,830,296
0211396.jpg,742,155,976,389,831,295
0211397.jpg,742,155,976,389,831,294
0211398.jpg,742,155,976,389,831,296
0211399.jpg,744,156,974,386,831,295
0211400.jpg,751,153,969,371,832,295
0211401.jpg,751,153,969,371,832,296
0211402.jpg,751,153,969,371,832,294
0211403.jpg,751,153,969,371,832,293
0211404.jpg,753,153,971,371,833,292
0211405.jpg,754,153,972,371,835,293
0211406.jpg,754,153,972,371,834,292
0211407.jpg,756,153,974,371,835,292
0211408.jpg,760,155,972,367,835,292
0211409.jpg,761,155,973,367,834,292
0211410.jpg,762,155,974,367,835,293
0211411.jpg,762,155,974,367,835,292
0211412.jpg,758,149,992,383,835,291
0211413.jpg,759,150,993,384,835,291
0211414.jpg,762,151,996,385,836,290
0211415.jpg,763,152,997,386,836,292
0211416.jpg,764,153,998,387,836,292
0211417.jpg,765,155,999,389,838,290
0211418.jpg,766,155,1000,389,839,290
0211419.jpg,766,156,1000,390,838,290
0211420.jpg,766,156,1000,390,842,287
0211421.jpg,766,156,1000,390,844,287
0211422.jpg,765,158,995,388,849,286
0211423.jpg,764,158,994,388,851,287
0211424.jpg,763,158,993,388,853,288
0211425.jpg,761,158,991,388,855,290
0211426.jpg,761,158,991,388,858,290
0211427.jpg,760,158,990,388,860,292
0211428.jpg,760,158,990,388,863,297
0211429.jpg,759,158,989,388,864,299
0211430.jpg,753,161,983,391,865,300
0211431.jpg,753,161,983,391,865,301
0211432.jpg,755,163,981,389,865,302
0211433.jpg,754,163,980,389,865,299
0211434.jpg,753,163,979,389,866,301
0211435.jpg,752,163,978,389,867,299
0211436.jpg,752,163,978,389,866,296
0211437.jpg,749,161,979,391,866,296
0211438.jpg,748,161,978,391,865,302
0211439.jpg,748,161,978,391,864,303
0211440.jpg,747,161,977,391,862,302
0211441.jpg,747,161,977,391,862,296
0211442.jpg,747,161,977,391,860,299
0211443.jpg,747,161,977,391,859,301
0211444.jpg,746,161,976,391,856,296
0211445.jpg,748,162,974,388,854,297
0211446.jpg,748,162,974,388,849,295
0211447.jpg,748,161,974,387,846,294
0211448.jpg,746,159,976,389,845,296
0211449.jpg,747,157,977,387,845,295
0211450.jpg,747,155,977,385,844,296
0211451.jpg,748,155,978,385,842,296
0211452.jpg,756,154,972,370,843,297
0211453.jpg,760,156,972,368,842,296
0211454.jpg,764,156,972,364,843,296
0211455.jpg,765,156,973,364,843,295
0211456.jpg,766,155,974,363,842,295
0211457.jpg,778,155,986,363,844,296
0211458.jpg,781,152,989,360,845,294
0211459.jpg,781,150,993,362,846,294
0211460.jpg,782,150,994,362,847,294
0211461.jpg,782,150,994,362,848,292
0211462.jpg,783,150,1005,372,849,293
0211463.jpg,782,149,1008,375,850,291
0211464.jpg,782,149,1008,375,851,289
0211465.jpg,782,149,1008,375,854,289
0211466.jpg,782,149,1008,375,855,287
0211467.jpg,782,149,1008,375,855,288
0211468.jpg,778,149,1004,375,858,289
0211469.jpg,763,144,1007,388,858,288
0211470.jpg,762,144,1006,388,860,286
0211471.jpg,762,144,1006,388,861,284
0211472.jpg,757,148,993,384,862,282
0211473.jpg,753,152,983,382,861,282
0211474.jpg,749,155,979,385,863,282
0211475.jpg,747,158,973,384,864,283
0211476.jpg,744,157,974,387,865,283
0211477.jpg,736,157,966,387,865,284
0211478.jpg,728,159,958,389,863,285
0211479.jpg,724,161,950,387,863,285
0211480.jpg,723,168,939,384,864,282
0211481.jpg,723,170,939,386,866,281
0211482.jpg,717,171,933,387,865,285
0211483.jpg,716,173,934,391,866,286
0211484.jpg,710,172,936,398,868,286
0211485.jpg,706,172,932,398,868,285
0211486.jpg,706,172,932,398,869,286
0211487.jpg,703,172,929,398,869,284
0212000.jpg,290,119,530,359,420,227
0212001.jpg,291,119,531,359,419,229
0212002.jpg,291,119,531,359,417,230
0212003.jpg,292,121,528,357,418,231
0212004.jpg,292,121,528,357,416,230
0212005.jpg,292,121,528,357,416,231
0212006.jpg,290,119,530,359,416,230
0212007.jpg,290,119,530,359,416,230
0212008.jpg,290,119,530,359,416,229
0212009.jpg,290,119,530,359,415,229
0212010.jpg,290,119,530,359,415,228
0212011.jpg,290,119,530,359,414,228
0212012.jpg,288,118,528,358,414,229
0212013.jpg,288,118,528,358,415,228
0212014.jpg,288,118,528,358,414,228
0212015.jpg,288,118,528,358,413,227
0212016.jpg,288,118,528,358,414,227
0212017.jpg,289,118,529,358,414,227
0212018.jpg,289,118,529,358,415,229
0212019.jpg,290,118,530,358,414,229
0212020.jpg,290,118,530,358,414,225
0212021.jpg,290,118,530,358,417,225
0212022.jpg,290,118,530,358,417,227
0212023.jpg,290,118,530,358,417,226
0212024.jpg,290,118,530,358,416,226
0212025.jpg,290,118,530,358,417,226
0212026.jpg,290,118,530,358,417,227
0212027.jpg,291,118,531,358,416,226
0212028.jpg,291,118,531,358,417,226
0212029.jpg,291,118,531,358,416,226
0212030.jpg,292,118,532,358,417,225
0212031.jpg,292,118,532,358,417,227
0212032.jpg,291,116,535,360,417,227
0212033.jpg,291,116,535,360,417,226
0212034.jpg,291,116,535,360,418,227
0212035.jpg,291,116,535,360,418,227
0212036.jpg,291,116,535,360,420,226
0212037.jpg,288,117,532,361,419,225
0212038.jpg,288,117,532,361,419,226
0212039.jpg,290,119,530,359,420,227
0212040.jpg,290,119,530,359,418,227
0212041.jpg,290,119,530,359,419,228
0212042.jpg,290,119,530,359,418,228
0212043.jpg,291,121,527,357,417,230
0212044.jpg,290,121,526,357,416,231
0212045.jpg,292,123,522,353,417,231
0212046.jpg,292,122,522,352,416,230
0212047.jpg,288,124,514,350,416,229
0212048.jpg,287,126,509,348,417,231
0212049.jpg,287,127,509,349,416,231
0212050.jpg,287,127,509,349,416,229
0212051.jpg,287,127,509,349,416,230
0212052.jpg,287,127,509,349,414,230
0212053.jpg,287,127,509,349,415,229
0212054.jpg,285,124,507,346,413,229
0212055.jpg,285,124,507,346,410,231
0212056.jpg,285,124,507,346,409,233
0212057.jpg,286,121,508,343,405,236
0212058.jpg,286,121,508,343,402,238
0212059.jpg,286,120,508,342,402,239
0212060.jpg,287,120,509,342,401,239
0212061.jpg,287,120,509,342,401,240
0212062.jpg,285,111,519,345,401,238
0212063.jpg,287,110,523,346,402,236
0212064.jpg,288,108,528,348,402,234
0212065.jpg,290,108,530,348,402,234
0212066.jpg,288,106,532,350,402,233
0212067.jpg,293,109,533,349,402,231
0212068.jpg,294,109,534,349,400,231
0212069.jpg,298,111,534,347,502,294
0212070.jpg,300,111,536,347,588,365
0212071.jpg,301,111,537,347,655,388
0212072.jpg,302,111,538,347,657,388
0212073.jpg,302,110,538,346,659,387
0212074.jpg,303,111,537,345,659,388
0212075.jpg,302,110,538,346,659,387
0212076.jpg,303,111,537,345,659,387
0212077.jpg,303,111,537,345,660,387
0212078.jpg,303,112,537,346,654,365
0212079.jpg,303,113,537,347,834,261
0212080.jpg,304,113,538,347,841,260
0212081.jpg,304,113,538,347,841,261
0212082.jpg,305,113,539,347,845,263
0212083.jpg,305,113,539,347,844,265
0212084.jpg,305,113,539,347,845,264
0212085.jpg,304,113,538,347,845,265
0212086.jpg,304,113,538,347,846,265
0212087.jpg,303,113,537,347,845,266
0212088.jpg,302,113,538,349,844,266
0212089.jpg,302,114,538,350,844,266
0212090.jpg,302,114,538,350,846,267
0212091.jpg,302,114,538,350,845,266
0212092.jpg,301,114,537,350,846,267
0212093.jpg,301,114,537,350,846,267
0212094.jpg,301,115,537,351,845,267
0212095.jpg,299,113,539,353,845,266
0212096.jpg,299,113,539,353,847,267
0212097.jpg,298,113,538,353,847,267
0212098.jpg,297,113,537,353,847,266
0212099.jpg,297,114,537,354,847,266
0212100.jpg,297,114,537,354,847,266
0212101.jpg,297,114,537,354,847,266
0212102.jpg,295,114,535,354,847,266
0212103.jpg,294,114,534,354,847,266
0212104.jpg,296,116,532,352,847,266
0212105.jpg,296,115,532,351,848,265
0212106.jpg,296,115,532,351,846,266
0212107.jpg,296,115,532,351,847,267
0212108.jpg,294,112,534,352,847,266
0212109.jpg,294,110,534,350,847,266
0212110.jpg,295,109,535,349,847,266
0212111.jpg,295,109,535,349,848,267
0212112.jpg,297,110,533,346,848,268
0212113.jpg,297,110,533,346,848,267
0212114.jpg,295,110,531,346,848,267
0212115.jpg,292,108,528,344,848,269
0212116.jpg,292,108,528,344,848,267
0212117.jpg,283,101,517,335,849,267
0212118.jpg,282,103,512,333,851,268
0212119.jpg,279,103,509,333,852,268
0212120.jpg,278,103,508,333,849,266
0212121.jpg,278,103,508,333,848,265
0212122.jpg,276,106,506,336,884,261
0212123.jpg,275,107,505,337,889,263
0212124.jpg,275,107,505,337,873,245
0212125.jpg,275,107,505,337,870,245
0212126.jpg,275,108,505,338,870,243
0212127.jpg,273,108,503,338,871,243
0212128.jpg,273,109,503,339,870,244
0212129.jpg,273,109,503,339,872,244
0212130.jpg,271,109,501,339,872,243
0212131.jpg,271,109,501,339,871,243
0212132.jpg,271,109,501,339,871,244
0212133.jpg,273,111,503,341,871,243
0212134.jpg,278,111,508,341,871,242
0212135.jpg,279,111,509,341,871,243
0212136.jpg,279,111,509,341,870,242
0212137.jpg,279,113,509,343,870,243
0212138.jpg,280,114,510,344,871,242
0212139.jpg,280,115,510,345,870,243
0212140.jpg,280,115,510,345,860,269
0212141.jpg,282,117,508,343,862,279
0212142.jpg,283,118,509,344,837,268
0212143.jpg,284,118,510,344,836,268
0212144.jpg,284,118,510,344,837,269
0212145.jpg,284,119,510,345,836,269
0212146.jpg,284,119,510,345,836,269
0212147.jpg,284,121,510,347,813,290
0212148.jpg,283,121,509,347,810,290
0212149.jpg,283,121,509,347,810,292
0212150.jpg,283,121,509,347,401,287
0212151.jpg,283,121,509,347,397,288
0212152.jpg,281,119,511,349,396,288
0212153.jpg,281,119,511,349,397,286
0212154.jpg,281,119,511,349,394,234
0212155.jpg,281,119,511,349,391,235
0212156.jpg,285,122,507,344,394,236
0212157.jpg,286,122,508,344,397,236
0212158.jpg,287,122,509,344,401,238
0212159.jpg,287,122,509,344,405,240
0212160.jpg,287,122,509,344,407,238
0212161.jpg,287,122,509,344,407,239
0212162.jpg,287,122,509,344,408,240
0212163.jpg,286,122,508,344,410,241
0212164.jpg,286,122,508,344,411,242
0212165.jpg,288,124,506,342,411,243
0212166.jpg,288,124,506,342,411,242
0212167.jpg,288,124,506,342,411,243
0212168.jpg,288,124,506,342,412,242
0212169.jpg,288,124,506,342,411,244
0212170.jpg,287,124,505,342,413,242
0212171.jpg,287,124,505,342,414,246
0212172.jpg,287,124,505,342,414,242
0212173.jpg,287,124,505,342,414,243
0212174.jpg,287,124,505,342,414,243
0212175.jpg,287,124,505,342,413,243
0212176.jpg,287,124,505,342,412,246
0212177.jpg,287,124,505,342,411,246
0212178.jpg,287,124,505,342,412,246
0212179.jpg,287,124,505,342,412,247
0212180.jpg,287,124,505,342,412,246
0212181.jpg,287,124,505,342,411,247
0212182.jpg,286,122,508,344,411,247
0212183.jpg,286,122,508,344,411,248
0212184.jpg,287,122,509,344,409,248
0212185.jpg,287,122,509,344,409,247
0212186.jpg,287,122,509,344,408,248
0212187.jpg,286,122,508,344,406,247
0212188.jpg,285,122,507,344,403,247
0212189.jpg,285,119,507,341,402,246
0212190.jpg,283,116,509,342,528,380
0212191.jpg,283,116,509,342,537,382
0212192.jpg,283,116,509,342,537,383
0212193.jpg,283,116,509,342,537,383
0212194.jpg,283,116,509,342,537,384
0212195.jpg,283,116,509,342,537,383
0212196.jpg,282,116,508,342,538,382
0212197.jpg,284,118,506,340,539,382
0212198.jpg,284,118,506,340,538,382
0212199.jpg,284,118,506,340,538,382
0212200.jpg,284,118,506,340,538,382
0212201.jpg,284,118,506,340,537,382
0212202.jpg,278,127,500,349,539,383
0212203.jpg,278,129,500,351,539,383
0212204.jpg,279,131,497,349,487,616
0212205.jpg,279,132,497,350,578,667
0212206.jpg,279,132,497,350,743,679
0212207.jpg,277,130,499,352,853,271
0212208.jpg,276,130,498,352,848,271
0212209.jpg,276,131,498,353,851,273
0212210.jpg,276,131,498,353,855,274
0212211.jpg,276,131,498,353,857,274
0212212.jpg,276,131,498,353,860,274
0212213.jpg,276,131,498,353,859,273
0212214.jpg,276,129,498,351,858,274
0212215.jpg,276,129,498,351,858,273
0212216.jpg,274,127,500,353,858,274
0212217.jpg,274,126,500,352,860,273
0212218.jpg,277,128,499,350,860,273
0212219.jpg,282,120,504,342,860,273
0212220.jpg,285,120,507,342,862,274
0212221.jpg,285,120,507,342,863,274
0212222.jpg,286,120,508,342,862,273
0212223.jpg,287,120,509,342,864,273
0212224.jpg,297,127,505,335,865,271
0212225.jpg,300,130,504,334,866,270
0212226.jpg,300,130,504,334,869,271
0212227.jpg,300,130,504,334,869,271
0212228.jpg,298,129,506,337,868,271
0212229.jpg,299,128,507,336,870,271
0212230.jpg,295,124,511,340,869,271
0212231.jpg,295,124,511,340,870,272
0212232.jpg,295,123,513,341,872,271
0212233.jpg,294,121,516,343,872,272
0212234.jpg,295,121,517,343,874,272
0212235.jpg,293,119,519,345,872,272
0212236.jpg,293,119,519,345,872,272
0212237.jpg,285,117,515,347,873,271
0212238.jpg,282,117,512,347,872,271
0212239.jpg,281,117,511,347,872,270
0212240.jpg,283,121,509,347,872,271
0212241.jpg,283,121,509,347,873,271
0212242.jpg,279,121,505,347,873,271
0212243.jpg,279,118,505,344,852,259
0212244.jpg,275,118,501,344,824,259
0212245.jpg,275,117,501,343,824,259
0212246.jpg,275,117,501,343,825,258
0212247.jpg,275,115,501,341,824,259
0212248.jpg,280,115,506,341,824,258
0212249.jpg,281,115,507,341,825,258
0212250.jpg,281,115,507,341,824,258
0212251.jpg,281,115,507,341,825,257
0212252.jpg,281,115,507,341,824,259
0212253.jpg,281,115,507,341,825,258
0212254.jpg,281,115,507,341,825,258
0212255.jpg,281,115,507,341,825,257
0212256.jpg,281,115,507,341,826,257
0212257.jpg,279,114,509,344,824,257
0212258.jpg,278,114,508,344,810,264
0212259.jpg,278,114,508,344,805,264
0212260.jpg,277,121,499,343,526,367
0212261.jpg,277,122,499,344,515,365
0212262.jpg,274,130,496,352,663,270
0212263.jpg,268,134,498,364,671,270
0212264.jpg,264,140,494,370,670,270
0212265.jpg,259,142,489,372,671,270
0212266.jpg,259,142,489,372,671,270
0212267.jpg,253,146,475,368,672,270
0212268.jpg,255,153,463,361,671,270
0212269.jpg,249,155,453,359,671,271
0212270.jpg,245,155,449,359,672,271
0212271.jpg,245,155,449,359,671,271
0212272.jpg,239,158,447,366,673,271
0212273.jpg,235,159,443,367,673,271
0212274.jpg,231,162,439,370,672,271
0212275.jpg,230,165,438,373,673,271
0212276.jpg,227,163,439,375,673,270
0212277.jpg,225,163,437,375,421,273
0212278.jpg,225,163,437,375,399,238
0212279.jpg,225,163,437,375,399,243
0212280.jpg,223,161,439,377,397,242
0212281.jpg,223,161,439,377,397,243
0212282.jpg,223,161,439,377,395,243
0212283.jpg,226,162,438,374,393,245
0212284.jpg,228,162,440,374,391,247
0212285.jpg,233,160,445,372,390,249
0212286.jpg,233,159,445,371,389,250
0212287.jpg,241,151,457,367,389,250
0212288.jpg,243,139,473,369,389,249
0212289.jpg,247,137,477,367,387,245
0212290.jpg,245,135,479,369,386,242
0212291.jpg,245,133,479,367,385,241
0212292.jpg,247,126,477,356,383,241
0212293.jpg,247,125,477,355,384,241
0212294.jpg,251,129,473,351,384,239
0212295.jpg,251,129,473,351,384,238
0212296.jpg,251,129,473,351,385,239
0212297.jpg,252,129,474,351,384,239
0212298.jpg,250,126,476,352,384,238
0212299.jpg,250,125,476,351,384,238
0212300.jpg,247,119,483,355,385,239
0212301.jpg,247,119,483,355,385,240
0212302.jpg,247,108,483,344,384,239
0212303.jpg,245,107,481,343,384,239
0212304.jpg,244,107,480,343,385,238
0212305.jpg,244,107,480,343,385,239
0212306.jpg,244,107,480,343,415,292
0212307.jpg,244,108,480,344,511,370
0212308.jpg,244,108,480,344,655,519
0212309.jpg,245,109,479,343,790,618
0212310.jpg,245,110,479,344,779,601
0212311.jpg,245,111,479,345,782,603
0212312.jpg,245,111,479,345,783,602
0212313.jpg,249,118,475,344,782,604
0212314.jpg,249,118,475,344,781,604
0212315.jpg,249,118,475,344,782,603
0212316.jpg,249,119,475,345,781,603
0212317.jpg,244,114,480,350,782,603
0212318.jpg,244,114,480,350,782,602
0212319.jpg,244,114,480,350,782,603
0212320.jpg,244,114,480,350,783,602
0212321.jpg,244,114,480,350,780,603
0212322.jpg,245,116,479,350,777,602
0212323.jpg,246,116,480,350,777,603
0212324.jpg,247,116,481,350,776,602
0212325.jpg,247,116,481,350,774,602
0212326.jpg,247,117,481,351,772,601
0212327.jpg,251,117,485,351,765,601
0212328.jpg,252,114,492,354,762,602
0212329.jpg,254,111,498,355,761,601
0212330.jpg,258,111,502,355,758,602
0212331.jpg,258,111,502,355,755,601
0212332.jpg,271,113,501,343,751,600
0212333.jpg,274,113,504,343,482,629
0212334.jpg,276,113,506,343,478,629
0212335.jpg,275,111,509,345,478,628
0212336.jpg,275,111,509,345,476,629
0212337.jpg,278,111,512,345,474,629
0212338.jpg,278,111,512,345,475,630
0212339.jpg,280,111,514,345,472,629
0212340.jpg,280,111,514,345,471,626
0212341.jpg,280,111,514,345,471,626
0212342.jpg,279,109,513,343,474,626
0212343.jpg,277,108,511,342,474,623
0212344.jpg,276,106,510,340,477,633
0212345.jpg,274,105,508,339,474,632
0212346.jpg,274,105,508,339,471,632
0212347.jpg,267,105,501,339,469,632
0212348.jpg,261,104,497,340,468,631
0212349.jpg,258,107,494,343,468,631
0212350.jpg,256,109,492,345,467,631
0212351.jpg,256,109,492,345,463,632
0212352.jpg,255,109,491,345,463,632
0212353.jpg,254,110,490,346,462,632
0212354.jpg,253,110,489,346,460,632
0212355.jpg,253,111,489,347,459,633
0212356.jpg,253,111,489,347,461,632
0212357.jpg,255,111,491,347,468,630
0212358.jpg,257,111,493,347,459,638
0212359.jpg,261,111,497,347,458,637
0212360.jpg,263,111,499,347,452,647
0212361.jpg,263,111,499,347,451,647
0212362.jpg,263,111,499,347,447,650
0212363.jpg,264,112,498,346,443,650
0212364.jpg,264,112,498,346,440,652
0212365.jpg,264,112,498,346,441,652
0212366.jpg,264,112,498,346,441,652
0212367.jpg,264,113,498,347,436,653
0212368.jpg,264,113,498,347,435,652
0212369.jpg,264,113,498,347,435,641
0212370.jpg,263,114,503,354,430,633
0212371.jpg,263,114,503,354,430,635
0212372.jpg,263,114,503,354,430,630
0212373.jpg,265,118,501,354,437,633
0212374.jpg,263,119,499,355,441,633
0212375.jpg,263,120,499,356,446,633
0212376.jpg,263,120,499,356,447,633
0212377.jpg,263,120,499,356,447,633
0212378.jpg,264,120,500,356,448,632
0212379.jpg,264,120,500,356,378,248
0212380.jpg,265,121,499,355,373,245
0212381.jpg,265,121,499,355,373,248
0212382.jpg,264,121,498,355,373,247
0212383.jpg,264,123,498,357,374,248
0212384.jpg,264,123,498,357,374,247
0212385.jpg,264,123,498,357,374,248
0212386.jpg,264,123,498,357,375,248
0212387.jpg,264,123,498,357,377,246
0212388.jpg,264,123,498,357,379,247
0212389.jpg,264,123,498,357,380,246
0212390.jpg,262,123,496,357,382,245
0212391.jpg,261,122,497,358,384,244
0212392.jpg,258,122,494,358,387,244
0212393.jpg,258,121,494,357,388,242
0212394.jpg,258,120,494,356,391,242
0212395.jpg,258,120,494,356,391,243
0212396.jpg,258,119,494,355,394,241
0212397.jpg,262,118,498,354,396,242
0212398.jpg,268,117,498,347,398,243
0212399.jpg,271,119,497,345,401,244
0212400.jpg,276,119,502,345,403,242
0212401.jpg,276,119,502,345,403,243
0212402.jpg,282,118,512,348,405,241
0212403.jpg,283,116,517,350,406,243
0212404.jpg,291,123,525,357,407,243
0212405.jpg,293,123,527,357,408,244
0212406.jpg,295,125,525,355,410,244
0212407.jpg,293,123,527,357,410,244
0212408.jpg,291,122,525,356,409,244
0212409.jpg,287,120,521,354,410,244
0212410.jpg,281,114,515,348,409,243
0212411.jpg,281,114,515,348,407,239
0212412.jpg,267,113,501,347,403,238
0212413.jpg,260,113,494,347,403,238
0212414.jpg,250,113,484,347,401,238
0212415.jpg,246,113,480,347,398,238
0212416.jpg,246,113,480,347,394,240
0212417.jpg,240,110,474,344,391,241
0212418.jpg,239,110,473,344,394,265
0212419.jpg,239,110,473,344,391,263
0212420.jpg,241,112,471,342,670,358
0212421.jpg,241,112,471,342,728,375
0212422.jpg,245,112,475,342,725,381
0212423.jpg,245,117,475,347,726,382
0212424.jpg,248,119,474,345,725,381
0212425.jpg,249,119,475,345,698,347
0212426.jpg,249,119,475,345,783,509
0212427.jpg,250,119,476,345,789,512
0212428.jpg,250,119,476,345,790,511
0212429.jpg,250,119,476,345,792,512
0212430.jpg,248,117,478,347,840,301
0212431.jpg,248,118,478,348,849,303
0212432.jpg,246,117,480,351,851,303
0212433.jpg,246,117,480,351,851,304
0212434.jpg,246,117,480,351,850,308
0212435.jpg,247,117,481,351,850,310
0212436.jpg,249,119,479,349,818,307
0212437.jpg,249,119,479,349,795,306
0212438.jpg,249,119,479,349,793,307
0212439.jpg,249,119,479,349,791,307
0212440.jpg,249,119,479,349,790,307
0212441.jpg,249,120,479,350,789,308
0212442.jpg,249,120,479,350,786,308
0212443.jpg,249,120,479,350,779,307
0212445.jpg,249,121,479,351,727,326
0212446.jpg,250,121,480,351,417,254
0212447.jpg,250,121,480,351,416,256
0212448.jpg,250,121,480,351,417,256
0212449.jpg,250,121,480,351,416,256
0212450.jpg,250,121,480,351,417,256
0212451.jpg,250,121,480,351,417,257
0212452.jpg,250,121,480,351,417,256
0212453.jpg,253,123,479,349,417,258
0212454.jpg,253,123,479,349,418,257
0212455.jpg,253,123,479,349,418,258
0212456.jpg,256,125,478,347,418,259
0212457.jpg,256,125,478,347,733,290
0212458.jpg,257,125,479,347,732,293
0212459.jpg,257,126,479,348,733,293
0212460.jpg,257,126,479,348,733,292
0212461.jpg,257,126,479,348,732,292
0212462.jpg,257,126,479,348,733,293
0212463.jpg,257,126,479,348,733,294
0212464.jpg,257,126,479,348,734,293
0212465.jpg,257,126,479,348,733,293
0212466.jpg,257,126,479,348,734,293
0212467.jpg,257,126,479,348,733,293
0212468.jpg,257,126,479,348,734,294
0212469.jpg,256,126,478,348,734,293
0212470.jpg,256,126,478,348,733,293
0212471.jpg,256,126,478,348,734,293
0212472.jpg,256,126,478,348,733,293
0212473.jpg,255,125,477,347,733,293
0212474.jpg,254,125,476,347,733,293
0212475.jpg,254,125,476,347,745,257
0212476.jpg,254,125,476,347,732,257
0212477.jpg,251,122,477,348,729,257
0212478.jpg,249,119,479,349,729,256
0212479.jpg,249,119,479,349,728,256
0212480.jpg,249,119,479,349,727,256
0212481.jpg,249,119,479,349,728,256
0212482.jpg,249,119,479,349,728,256
0212483.jpg,249,118,479,348,743,219
0212484.jpg,249,118,479,348,738,220
0212485.jpg,249,118,479,348,737,219
0212486.jpg,248,118,478,348,738,219
0212487.jpg,248,117,478,347,768,242
