0221000.jpg,568,190,762,384,651,298
0221001.jpg,568,191,762,385,657,299
0221002.jpg,568,192,762,386,658,300
0221003.jpg,568,192,762,386,658,301
0221004.jpg,568,192,762,386,658,301
0221005.jpg,568,192,762,386,657,302
0221006.jpg,568,192,762,386,658,301
0221007.jpg,568,192,762,386,658,302
0221008.jpg,568,192,762,386,658,304
0221009.jpg,566,190,764,388,658,304
0221010.jpg,561,188,765,392,658,305
0221011.jpg,559,189,763,393,658,302
0221012.jpg,559,190,763,394,656,301
0221013.jpg,558,192,758,392,656,302
0221014.jpg,558,193,758,393,659,305
0221015.jpg,556,193,756,393,657,306
0221016.jpg,550,192,758,400,656,309
0221017.jpg,549,194,757,402,655,311
0221018.jpg,547,194,755,402,654,311
0221019.jpg,546,195,754,403,653,314
0221020.jpg,544,195,752,403,651,314
0221021.jpg,543,196,751,404,651,316
0221022.jpg,544,199,748,403,649,317
0221023.jpg,541,198,749,406,648,319
0221024.jpg,541,198,749,406,646,320
0221025.jpg,542,202,746,406,645,321
0221026.jpg,532,204,732,404,645,321
0221027.jpg,537,211,727,401,643,321
0221028.jpg,537,214,723,400,640,321
0221029.jpg,536,214,722,400,640,321
0221030.jpg,535,214,721,400,639,322
0221031.jpg,537,217,719,399,638,323
0221032.jpg,536,217,718,399,637,322
0221033.jpg,536,217,718,399,635,325
0221034.jpg,535,218,715,398,634,326
0221035.jpg,534,222,710,398,633,326
0221036.jpg,532,222,708,398,631,326
0221037.jpg,531,222,707,398,630,326
0221038.jpg,531,223,707,399,627,325
0221039.jpg,527,223,703,399,626,325
0221040.jpg,524,221,704,401,624,326
0221041.jpg,522,221,702,401,602,318
0221042.jpg,522,221,702,401,525,387
0221043.jpg,522,220,702,400,512,384
0221044.jpg,527,218,707,398,412,405
0221045.jpg,532,213,712,393,392,409
0221046.jpg,536,209,722,395,397,410
0221047.jpg,537,203,731,397,399,411
0221048.jpg,535,189,751,405,327,288
0221049.jpg,540,189,756,405,326,291
0221050.jpg,545,189,761,405,325,290
0221051.jpg,557,191,769,403,325,289
0221052.jpg,563,191,775,403,324,288
0221053.jpg,565,191,777,403,324,288
0221054.jpg,575,192,787,404,325,288
0221055.jpg,578,191,796,409,323,289
0221056.jpg,583,193,801,411,325,287
0221057.jpg,590,195,808,413,323,288
0221058.jpg,596,197,814,415,323,288
0221059.jpg,608,207,808,407,322,287
0221060.jpg,612,208,810,406,321,289
0221061.jpg,613,208,811,406,322,288
0221062.jpg,613,208,811,406,321,289
0221063.jpg,613,208,811,406,320,290
0221064.jpg,612,207,810,405,320,290
0221065.jpg,612,207,810,405,320,290
0221066.jpg,612,207,810,405,355,279
0221067.jpg,612,207,810,405,371,278
0221068.jpg,612,206,810,404,432,295
0221069.jpg,612,207,810,405,538,290
0221070.jpg,612,207,810,405,708,302
0221071.jpg,611,207,809,405,708,306
0221072.jpg,609,209,809,409,705,307
0221073.jpg,606,211,806,411,703,309
0221074.jpg,598,208,806,416,701,313
0221075.jpg,588,207,804,423,700,317
0221076.jpg,586,208,802,424,698,319
0221077.jpg,584,208,800,424,696,321
0221078.jpg,580,208,796,424,694,321
0221079.jpg,582,212,790,420,692,321
0221080.jpg,584,214,788,418,688,320
0221081.jpg,575,212,773,410,685,319
0221082.jpg,573,211,771,409,683,315
0221083.jpg,572,208,770,406,681,311
0221084.jpg,572,205,770,403,453,349
0221085.jpg,569,202,767,400,424,338
0221086.jpg,568,202,766,400,472,330
0221087.jpg,566,201,764,399,467,329
0221088.jpg,566,199,764,397,471,328
0221089.jpg,564,189,762,387,478,328
0221090.jpg,564,185,762,383,481,326
0221091.jpg,563,179,761,377,482,322
0221092.jpg,563,177,761,375,484,324
0221093.jpg,563,177,761,375,482,321
0221094.jpg,562,177,760,375,587,337
0221095.jpg,561,177,759,375,1017,262
0221096.jpg,561,179,759,377,1019,263
0221097.jpg,558,178,758,378,1017,267
0221098.jpg,557,181,755,379,1009,264
0221099.jpg,555,183,755,383,1005,263
0221100.jpg,555,185,753,383,1004,275
0221101.jpg,555,186,753,384,1002,271
0221102.jpg,553,188,751,386,1002,274
0221103.jpg,551,188,749,386,1003,276
0221104.jpg,547,193,745,391,1003,278
0221105.jpg,542,202,728,388,1002,279
0221106.jpg,542,208,724,390,999,280
0221107.jpg,543,213,719,389,997,278
0221108.jpg,541,217,717,393,995,279
0221109.jpg,542,221,714,393,1001,285
0221110.jpg,540,221,712,393,993,280
0221111.jpg,536,221,708,393,991,280
0221112.jpg,535,221,707,393,992,282
0221113.jpg,533,221,705,393,990,282
0221114.jpg,532,222,704,394,452,324
0221115.jpg,525,218,705,398,452,324
0221116.jpg,523,217,705,399,452,325
0221117.jpg,522,217,704,399,452,326
0221118.jpg,521,217,703,399,453,327
0221119.jpg,521,217,703,399,445,325
0221120.jpg,521,217,703,399,441,323
0221121.jpg,522,215,702,395,387,323
0221122.jpg,527,215,707,395,396,327
0221123.jpg,532,215,712,395,396,325
0221124.jpg,534,215,714,395,341,312
0221125.jpg,539,214,721,396,345,313
0221126.jpg,540,212,726,398,346,315
0221127.jpg,549,210,743,404,344,315
0221128.jpg,551,211,745,405,401,331
0221129.jpg,552,208,752,408,402,331
0221130.jpg,561,209,761,409,401,331
0221131.jpg,565,210,765,410,402,331
0221132.jpg,568,210,768,410,401,332
0221133.jpg,571,214,769,412,403,331
0221134.jpg,573,214,771,412,404,331
0221135.jpg,573,213,773,413,457,333
0221136.jpg,584,213,784,413,454,330
0221137.jpg,586,213,786,413,453,329
0221138.jpg,587,212,787,412,459,329
0221139.jpg,588,209,788,409,581,357
0221140.jpg,587,205,791,409,589,364
0221141.jpg,588,205,792,409,592,364
0221142.jpg,589,205,793,409,594,363
0221143.jpg,590,205,794,409,596,364
0221144.jpg,592,205,796,409,594,364
0221145.jpg,593,205,797,409,594,363
0221146.jpg,593,205,797,409,596,361
0221147.jpg,593,205,797,409,596,361
0221148.jpg,594,205,798,409,596,361
0221149.jpg,594,205,798,409,599,362
0221150.jpg,592,203,800,411,599,361
0221151.jpg,591,203,799,411,599,361
0221152.jpg,587,196,799,408,598,361
0221153.jpg,585,193,797,405,598,364
0221154.jpg,584,190,796,402,598,365
0221155.jpg,583,188,795,400,596,365
0221156.jpg,586,183,790,387,595,364
0221157.jpg,586,184,786,384,596,365
0221158.jpg,583,184,783,384,593,364
0221159.jpg,582,184,780,382,592,366
0221160.jpg,574,184,772,382,589,366
0221161.jpg,573,184,771,382,588,364
0221162.jpg,573,184,771,382,587,366
0221163.jpg,572,184,770,382,586,366
0221164.jpg,572,185,770,383,586,365
0221165.jpg,573,188,767,382,584,366
0221166.jpg,572,190,766,384,585,365
0221167.jpg,569,188,767,386,584,365
0221168.jpg,569,188,767,386,583,366
0221169.jpg,570,190,764,384,561,285
0221170.jpg,567,188,765,386,559,280
0221171.jpg,566,187,766,387,558,278
0221172.jpg,567,188,765,386,558,278
0221173.jpg,565,188,763,386,558,282
0221174.jpg,565,188,763,386,558,285
0221175.jpg,567,190,761,384,556,287
0221176.jpg,567,192,757,382,557,289
0221177.jpg,567,192,757,382,556,291
0221178.jpg,567,192,757,382,557,291
0221179.jpg,563,190,757,384,525,225
0221180.jpg,560,188,758,386,524,229
0221181.jpg,560,188,758,386,525,230
0221182.jpg,559,188,757,386,528,233
0221183.jpg,559,189,757,387,529,233
0221184.jpg,557,189,757,389,528,233
0221185.jpg,556,189,756,389,514,225
0221186.jpg,556,189,756,389,368,258
0221187.jpg,554,187,758,391,371,258
0221188.jpg,554,187,758,391,376,260
0221189.jpg,554,187,758,391,377,261
0221190.jpg,554,188,758,392,382,262
0221191.jpg,553,188,757,392,378,259
0221192.jpg,551,185,759,393,376,258
0221193.jpg,551,185,759,393,374,258
0221194.jpg,551,185,759,393,373,256
0221195.jpg,551,185,759,393,375,257
0221196.jpg,553,187,757,391,376,257
0221197.jpg,554,187,758,391,375,259
0221198.jpg,554,188,758,392,377,258
0221199.jpg,554,188,758,392,377,258
0221200.jpg,554,188,758,392,379,257
0221201.jpg,555,188,759,392,379,258
0221202.jpg,555,188,759,392,378,257
0221203.jpg,556,188,760,392,376,257
0221204.jpg,556,188,760,392,378,257
0221205.jpg,560,191,758,389,382,261
0221206.jpg,560,190,758,388,381,262
0221207.jpg,560,190,758,388,338,274
0221208.jpg,560,190,758,388,325,275
0221209.jpg,560,190,758,388,324,276
0221210.jpg,560,190,758,388,323,275
0221211.jpg,560,190,758,388,324,275
0221212.jpg,561,190,759,388,323,276
0221213.jpg,561,190,759,388,324,276
0221214.jpg,562,190,760,388,325,274
0221215.jpg,562,190,760,388,324,274
0221216.jpg,564,191,762,389,326,274
0221217.jpg,566,191,764,389,326,276
0221218.jpg,567,190,767,390,326,276
0221219.jpg,569,191,767,389,325,275
0221220.jpg,570,191,768,389,324,275
0221221.jpg,570,191,768,389,325,275
0221222.jpg,572,193,766,387,325,276
0221223.jpg,573,193,767,387,325,277
0221224.jpg,573,192,767,386,306,288
0221225.jpg,573,192,767,386,309,288
0221226.jpg,574,192,768,386,310,291
0221227.jpg,574,192,768,386,309,290
0221228.jpg,574,192,768,386,310,291
0221229.jpg,574,193,768,387,309,292
0221230.jpg,574,193,768,387,310,292
0221231.jpg,574,193,768,387,310,292
0221232.jpg,574,193,768,387,280,277
0221233.jpg,574,193,768,387,281,279
0221234.jpg,574,193,768,387,283,278
0221235.jpg,574,193,768,387,283,277
0221236.jpg,574,192,768,386,282,277
0221237.jpg,574,192,768,386,284,276
0221238.jpg,574,192,768,386,284,274
0221239.jpg,571,190,769,388,284,273
0221240.jpg,571,190,769,388,285,272
0221241.jpg,570,189,770,389,285,271
0221242.jpg,569,189,769,389,285,270
0221243.jpg,566,188,770,392,285,270
0221244.jpg,563,187,771,395,285,270
0221245.jpg,563,187,771,395,287,269
0221246.jpg,563,187,771,395,287,270
0221247.jpg,563,186,771,394,286,270
0221248.jpg,565,188,769,392,286,268
0221249.jpg,565,187,769,391,286,268
0221250.jpg,565,187,769,391,286,268
0221251.jpg,564,187,768,391,286,267
0221252.jpg,564,187,768,391,287,268
0221253.jpg,562,187,770,395,287,268
0221254.jpg,562,188,770,396,287,268
0221255.jpg,562,188,770,396,287,268
0221256.jpg,561,188,769,396,307,268
0221257.jpg,561,188,769,396,312,271
0221258.jpg,563,189,767,393,312,273
0221259.jpg,563,188,767,392,312,273
0221260.jpg,563,187,767,391,311,273
0221261.jpg,563,186,767,390,312,271
0221262.jpg,563,186,767,390,312,271
0221263.jpg,563,186,767,390,311,272
0221264.jpg,563,186,767,390,311,272
0221265.jpg,563,186,767,390,311,272
0221266.jpg,562,187,766,391,310,272
0221267.jpg,561,187,765,391,309,273
0221268.jpg,561,187,765,391,310,273
0221269.jpg,560,187,764,391,310,273
0221270.jpg,560,188,764,392,309,274
0221271.jpg,559,188,763,392,308,274
0221272.jpg,561,190,761,390,309,273
0221273.jpg,561,191,761,391,309,274
0221274.jpg,562,191,762,391,310,274
0221275.jpg,563,191,763,391,309,275
0221276.jpg,563,191,763,391,310,276
0221277.jpg,565,191,765,391,309,276
0221278.jpg,569,191,769,391,310,276
0221279.jpg,572,192,770,390,309,276
0221280.jpg,576,194,770,388,310,275
0221281.jpg,576,195,770,389,310,274
0221282.jpg,576,195,770,389,311,274
0221283.jpg,585,197,779,391,311,275
0221284.jpg,579,191,787,399,311,275
0221285.jpg,583,193,791,401,311,275
0221286.jpg,583,191,795,403,309,277
0221287.jpg,588,193,800,405,310,275
0221288.jpg,587,192,805,410,310,276
0221289.jpg,591,192,809,410,310,275
0221290.jpg,593,192,811,410,310,276
0221291.jpg,596,192,814,410,309,275
0221292.jpg,600,193,816,409,310,275
0221293.jpg,600,193,816,409,310,276
0221294.jpg,601,193,817,409,310,276
0221295.jpg,602,193,818,409,310,276
0221296.jpg,602,194,818,410,309,276
0221297.jpg,603,194,819,410,310,276
0221298.jpg,603,194,819,410,309,276
0221299.jpg,603,194,819,410,311,276
0221300.jpg,604,196,816,408,310,277
0221301.jpg,604,196,816,408,310,276
0221302.jpg,600,194,816,410,310,277
0221303.jpg,598,193,814,409,310,277
0221304.jpg,593,192,811,410,311,277
0221305.jpg,587,191,805,409,312,278
0221306.jpg,583,192,799,408,311,278
0221307.jpg,582,191,794,403,312,277
0221308.jpg,580,190,792,402,312,277
0221309.jpg,577,189,789,401,340,276
0221310.jpg,571,192,775,396,333,277
0221311.jpg,568,189,772,393,332,277
0221312.jpg,567,189,771,393,334,276
0221313.jpg,566,189,770,393,333,276
0221314.jpg,566,190,766,390,333,276
0221315.jpg,563,190,763,390,334,277
0221316.jpg,562,189,762,389,333,276
0221317.jpg,560,189,760,389,333,277
0221318.jpg,559,189,759,389,335,276
0221319.jpg,560,190,758,388,334,277
0221320.jpg,560,191,758,389,335,277
0221321.jpg,560,191,758,389,335,277
0221322.jpg,559,190,759,390,334,277
0221323.jpg,559,190,759,390,335,277
0221324.jpg,559,191,759,391,335,277
0221325.jpg,557,189,761,393,335,277
0221326.jpg,557,190,761,394,332,276
0221327.jpg,558,191,762,395,332,276
0221328.jpg,556,190,764,398,334,272
0221329.jpg,556,190,764,398,333,269
0221330.jpg,556,190,764,398,327,243
0221331.jpg,555,188,767,400,324,241
0221332.jpg,555,188,767,400,322,239
0221333.jpg,556,185,768,397,322,237
0221334.jpg,564,189,768,393,322,235
0221335.jpg,564,189,768,393,323,235
0221336.jpg,564,189,768,393,321,234
0221337.jpg,564,189,768,393,322,234
0221338.jpg,564,189,768,393,320,235
0221339.jpg,564,189,768,393,320,234
0221340.jpg,565,190,769,394,319,234
0221341.jpg,565,190,769,394,318,233
0221342.jpg,565,192,769,396,318,233
0221343.jpg,562,190,770,398,319,233
0221344.jpg,562,190,770,398,318,233
0221345.jpg,562,190,770,398,318,234
0221346.jpg,562,190,770,398,319,234
0221347.jpg,559,189,771,401,318,233
0221348.jpg,559,191,771,403,320,235
0221349.jpg,557,189,773,405,320,234
0221350.jpg,557,190,773,406,319,234
0221351.jpg,556,190,774,408,319,236
0221352.jpg,553,189,775,411,319,235
0221353.jpg,553,189,775,411,320,234
0221354.jpg,553,189,775,411,320,234
0221355.jpg,552,189,774,411,319,234
0221356.jpg,552,189,774,411,320,234
0221357.jpg,551,189,773,411,318,235
0221358.jpg,550,189,772,411,320,236
0221359.jpg,549,191,767,409,319,235
0221360.jpg,550,194,762,406,319,235
0221361.jpg,550,196,758,404,318,235
0221362.jpg,548,196,756,404,319,235
0221363.jpg,548,200,748,400,319,235
0221364.jpg,548,202,746,400,317,236
0221365.jpg,549,204,743,398,316,236
0221366.jpg,543,215,725,397,315,236
0221367.jpg,542,216,724,398,315,236
0221368.jpg,542,218,724,400,315,236
0221369.jpg,542,219,724,401,314,236
0221370.jpg,542,219,724,401,316,236
0221371.jpg,543,220,725,402,315,253
0221372.jpg,544,221,724,401,314,254
0221373.jpg,544,221,724,401,315,255
0221374.jpg,543,220,725,402,314,257
0221375.jpg,543,220,725,402,314,257
0221376.jpg,543,218,725,400,314,258
0221377.jpg,543,218,725,400,314,259
0221378.jpg,543,200,747,404,316,259
0221379.jpg,545,200,749,404,316,260
0221380.jpg,546,198,754,406,316,261
0221381.jpg,547,198,755,406,318,296
0221382.jpg,551,198,759,406,323,299
0221383.jpg,552,198,760,406,323,303
0221384.jpg,555,197,763,405,322,304
0221385.jpg,556,195,764,403,328,319
0221386.jpg,557,194,765,402,327,322
0221387.jpg,559,196,763,400,327,324
0221388.jpg,560,195,764,399,328,326
0221389.jpg,560,195,764,399,327,328
0221390.jpg,560,195,764,399,326,329
0221391.jpg,558,193,766,401,325,331
0221392.jpg,558,193,766,401,325,333
0221393.jpg,558,194,766,402,324,334
0221394.jpg,558,194,766,402,324,335
0221395.jpg,559,194,767,402,325,335
0221396.jpg,559,194,767,402,325,337
0221397.jpg,559,194,767,402,324,338
0221398.jpg,559,193,767,401,325,335
0221399.jpg,559,192,767,400,325,336
0221400.jpg,559,192,767,400,326,335
0221401.jpg,560,189,768,397,326,336
0221402.jpg,566,186,770,390,325,336
0221403.jpg,568,187,768,387,325,336
0221404.jpg,571,190,765,384,326,337
0221405.jpg,571,190,765,384,327,336
0221406.jpg,570,190,764,384,327,336
0221407.jpg,570,190,764,384,327,336
0221408.jpg,570,191,764,385,326,337
0221409.jpg,570,191,764,385,327,336
0221410.jpg,572,193,762,383,327,337
0221411.jpg,572,193,762,383,327,337
0221412.jpg,572,194,762,384,327,337
0221413.jpg,572,194,762,384,326,337
0221414.jpg,572,194,762,384,327,338
0221415.jpg,570,193,764,387,326,336
0221416.jpg,567,191,765,389,326,337
0221417.jpg,567,191,765,389,326,338
0221418.jpg,567,191,765,389,326,337
0221419.jpg,567,191,765,389,327,337
0221420.jpg,568,190,766,388,327,337
0221421.jpg,568,188,766,386,326,336
0221422.jpg,568,187,766,385,327,337
0221423.jpg,568,187,766,385,328,337
0221424.jpg,568,187,766,385,329,336
0221425.jpg,568,187,766,385,332,336
0221426.jpg,568,187,766,385,336,336
0221427.jpg,568,187,766,385,415,344
0221428.jpg,568,188,766,386,568,329
0221429.jpg,568,188,766,386,659,289
0221430.jpg,568,188,766,386,664,294
0221431.jpg,568,188,766,386,664,295
0221432.jpg,568,188,766,386,664,296
0221433.jpg,568,188,766,386,666,298
0221434.jpg,568,188,766,386,666,298
0221435.jpg,568,188,766,386,667,297
0221436.jpg,568,189,766,387,667,298
0221437.jpg,568,189,766,387,669,298
0221438.jpg,568,190,766,388,669,298
0221439.jpg,567,190,765,388,669,298
0221440.jpg,566,189,766,389,669,298
0221441.jpg,566,190,766,390,668,299
0221442.jpg,566,190,766,390,668,299
0221443.jpg,566,191,766,391,669,300
0221444.jpg,566,191,766,391,669,301
0221445.jpg,561,191,769,399,669,300
0221446.jpg,556,191,772,407,669,301
0221447.jpg,554,192,770,408,667,306
0221448.jpg,553,193,769,409,667,310
0221449.jpg,558,204,762,408,668,312
0221450.jpg,557,208,757,408,667,315
0221451.jpg,556,208,756,408,666,319
0221452.jpg,556,213,756,413,665,321
0221453.jpg,556,213,756,413,662,317
0221454.jpg,556,216,756,416,663,318
0221455.jpg,556,218,756,418,663,317
0221456.jpg,556,219,756,419,588,356
0221457.jpg,556,219,756,419,541,399
0221458.jpg,555,219,755,419,461,391
0221459.jpg,555,219,755,419,400,368
0221460.jpg,555,219,755,419,361,320
0221461.jpg,556,218,756,418,349,327
0221462.jpg,557,218,757,418,349,313
0221463.jpg,557,217,757,417,341,315
0221464.jpg,557,217,757,417,340,316
0221465.jpg,557,216,757,416,335,277
0221466.jpg,557,216,757,416,330,277
0221467.jpg,557,215,757,415,328,277
0221468.jpg,559,215,757,413,325,274
0222000.jpg,220,189,428,397,717,311
0222001.jpg,221,190,429,398,720,313
0222002.jpg,222,191,430,399,672,275
0222003.jpg,226,194,430,398,668,274
0222004.jpg,230,196,430,396,667,276
0222005.jpg,232,197,430,395,668,276
0222006.jpg,234,199,432,397,667,275
0222007.jpg,235,199,433,397,668,277
0222008.jpg,235,200,433,398,667,278
0222009.jpg,236,200,434,398,666,278
0222010.jpg,236,200,434,398,665,279
0222011.jpg,237,200,435,398,662,276
0222012.jpg,239,200,437,398,661,274
0222013.jpg,240,201,438,399,660,273
0222014.jpg,241,201,439,399,664,273
0222015.jpg,239,198,443,402,598,272
0222016.jpg,239,198,443,402,601,273
0222017.jpg,239,198,443,402,599,272
0222018.jpg,240,198,444,402,597,271
0222019.jpg,240,198,444,402,597,272
0222020.jpg,240,198,444,402,596,270
0222021.jpg,243,199,443,399,595,273
0222022.jpg,242,199,442,399,595,274
0222023.jpg,243,200,441,398,593,274
0222024.jpg,243,200,441,398,522,296
0222025.jpg,243,200,441,398,520,297
0222026.jpg,243,200,441,398,520,296
0222027.jpg,243,200,441,398,521,296
0222028.jpg,242,199,442,399,522,297
0222029.jpg,242,198,442,398,522,296
0222030.jpg,242,198,442,398,522,296
0222031.jpg,242,198,442,398,517,296
0222032.jpg,242,198,442,398,516,298
0222033.jpg,242,198,442,398,513,297
0222034.jpg,242,198,442,398,446,324
0222035.jpg,244,199,442,397,344,303
0222036.jpg,244,199,442,397,345,307
0222037.jpg,244,199,442,397,345,307
0222038.jpg,244,198,442,396,345,308
0222039.jpg,243,198,441,396,345,308
0222040.jpg,243,198,441,396,345,309
0222041.jpg,240,198,438,396,345,309
0222042.jpg,235,197,435,397,343,308
0222043.jpg,233,197,433,397,342,305
0222044.jpg,228,195,432,399,556,327
0222045.jpg,225,195,429,399,552,332
0222046.jpg,223,194,427,398,611,323
0222047.jpg,219,191,427,399,666,288
0222048.jpg,219,188,427,396,676,290
0222049.jpg,218,188,426,396,681,298
0222050.jpg,217,187,425,395,688,300
0222051.jpg,219,189,423,393,710,286
0222052.jpg,219,189,423,393,724,292
0222053.jpg,216,190,416,390,728,297
0222054.jpg,215,190,415,390,732,297
0222055.jpg,215,190,415,390,735,301
0222056.jpg,215,190,415,390,738,302
0222057.jpg,214,190,414,390,740,303
0222058.jpg,213,191,413,391,743,304
0222059.jpg,214,192,412,390,748,307
0222060.jpg,214,192,412,390,752,307
0222061.jpg,214,192,412,390,753,308
0222062.jpg,213,191,413,391,755,307
0222063.jpg,212,191,412,391,756,308
0222064.jpg,210,189,414,393,756,307
0222065.jpg,210,189,414,393,757,307
0222066.jpg,210,189,414,393,757,307
0222067.jpg,210,189,414,393,755,305
0222068.jpg,212,188,416,392,758,305
0222069.jpg,214,188,418,392,758,305
0222070.jpg,222,189,426,393,758,306
0222071.jpg,223,189,427,393,757,305
0222072.jpg,224,189,428,393,755,305
0222073.jpg,224,190,428,394,755,305
0222074.jpg,224,190,428,394,697,341
0222075.jpg,226,192,426,392,690,344
0222076.jpg,231,193,429,391,687,345
0222077.jpg,233,193,431,391,683,346
0222078.jpg,234,194,432,392,680,346
0222079.jpg,239,198,433,392,674,344
0222080.jpg,242,199,436,393,671,345
0222081.jpg,246,200,440,394,667,341
0222082.jpg,241,198,445,402,662,335
0222083.jpg,239,197,447,405,659,330
0222084.jpg,237,197,449,409,641,329
0222085.jpg,235,195,451,411,636,328
0222086.jpg,234,195,450,411,633,326
0222087.jpg,234,195,450,411,631,325
0222088.jpg,234,195,450,411,629,322
0222089.jpg,233,195,449,411,629,320
0222090.jpg,233,195,449,411,609,277
0222091.jpg,233,194,449,410,613,277
0222092.jpg,233,194,449,410,614,279
0222093.jpg,235,194,447,406,612,278
0222094.jpg,233,194,445,406,612,280
0222095.jpg,233,194,445,406,611,282
0222096.jpg,233,194,445,406,609,285
0222097.jpg,233,193,445,405,606,287
0222098.jpg,234,193,446,405,616,278
0222099.jpg,234,193,446,405,616,281
0222100.jpg,234,193,446,405,614,282
0222101.jpg,236,194,444,402,614,283
0222102.jpg,236,194,444,402,611,285
0222103.jpg,236,194,444,402,610,285
0222104.jpg,236,193,444,401,609,287
0222105.jpg,236,193,444,401,609,290
0222106.jpg,236,194,444,402,529,313
0222107.jpg,238,196,442,400,356,302
0222108.jpg,239,196,443,400,357,306
0222109.jpg,239,196,443,400,357,304
0222110.jpg,239,196,443,400,357,305
0222111.jpg,239,196,443,400,357,304
0222112.jpg,235,194,443,402,356,303
0222113.jpg,235,194,443,402,355,310
0222114.jpg,233,192,445,404,355,312
0222115.jpg,232,192,444,404,357,305
0222116.jpg,232,193,444,405,357,304
0222117.jpg,231,193,443,405,355,305
0222118.jpg,230,193,442,405,356,303
0222119.jpg,228,193,440,405,354,310
0222120.jpg,228,193,440,405,352,312
0222121.jpg,226,193,438,405,351,313
0222122.jpg,225,193,437,405,397,359
0222123.jpg,223,193,435,405,590,350
0222124.jpg,222,192,434,404,611,341
0222125.jpg,220,192,432,404,613,341
0222126.jpg,219,192,431,404,619,342
0222127.jpg,218,192,430,404,627,345
0222128.jpg,218,192,430,404,655,307
0222129.jpg,218,192,430,404,660,312
0222130.jpg,218,192,430,404,666,314
0222131.jpg,218,192,430,404,672,316
0222132.jpg,219,192,431,404,679,317
0222133.jpg,220,192,432,404,682,318
0222134.jpg,223,192,435,404,687,318
0222135.jpg,225,192,437,404,689,318
0222136.jpg,229,193,441,405,692,318
0222137.jpg,236,194,448,406,693,316
0222138.jpg,237,194,449,406,696,316
0222139.jpg,241,196,449,404,698,315
0222140.jpg,243,196,451,404,700,313
0222141.jpg,244,196,452,404,702,311
0222142.jpg,244,196,452,404,702,309
0222143.jpg,244,196,452,404,701,297
0222144.jpg,244,196,452,404,704,293
0222145.jpg,244,196,452,404,705,292
0222146.jpg,244,196,452,404,707,291
0222147.jpg,243,196,451,404,708,291
0222148.jpg,243,196,451,404,708,293
0222149.jpg,242,196,450,404,708,293
0222150.jpg,242,196,450,404,707,292
0222151.jpg,241,195,449,403,706,291
0222152.jpg,240,195,448,403,728,289
0222153.jpg,240,195,448,403,722,285
0222154.jpg,239,195,447,403,720,282
0222155.jpg,238,196,446,404,718,281
0222156.jpg,236,195,448,407,716,276
0222157.jpg,235,195,447,407,712,274
0222158.jpg,233,194,449,410,709,271
0222159.jpg,233,194,449,410,706,269
0222160.jpg,234,194,450,410,704,269
0222161.jpg,234,194,450,410,704,268
0222162.jpg,234,194,450,410,729,271
0222163.jpg,234,193,450,409,724,273
0222164.jpg,232,193,448,409,730,274
0222165.jpg,231,193,447,409,728,271
0222166.jpg,230,192,446,408,671,277
0222167.jpg,228,190,444,406,670,279
0222168.jpg,229,192,441,404,670,279
0222169.jpg,226,189,438,401,669,278
0222170.jpg,225,187,437,399,666,280
0222171.jpg,224,185,436,397,634,290
0222172.jpg,224,185,436,397,634,294
0222173.jpg,224,185,436,397,633,292
0222174.jpg,224,185,436,397,634,290
0222175.jpg,226,186,434,394,649,280
0222176.jpg,226,185,434,393,649,283
0222177.jpg,225,185,433,393,649,284
0222178.jpg,225,184,433,392,648,284
0222179.jpg,224,184,432,392,650,285
0222181.jpg,224,186,428,390,691,267
0222182.jpg,223,186,427,390,685,269
0222183.jpg,224,188,424,388,684,268
0222184.jpg,223,188,423,388,683,268
0222185.jpg,223,189,421,387,682,267
0222186.jpg,217,189,415,387,653,276
0222187.jpg,216,189,414,387,651,279
0222188.jpg,215,189,413,387,652,279
0222189.jpg,214,189,412,387,652,280
0222190.jpg,213,189,411,387,652,281
0222191.jpg,212,189,410,387,652,281
0222192.jpg,211,189,409,387,652,282
0222193.jpg,210,189,408,387,652,282
0222194.jpg,208,188,408,388,652,283
0222195.jpg,207,188,407,388,653,280
0222196.jpg,207,188,407,388,648,278
0222197.jpg,207,188,407,388,646,280
0222198.jpg,207,188,407,388,648,280
0222199.jpg,207,188,407,388,647,280
0222200.jpg,207,188,407,388,649,281
0222201.jpg,207,188,407,388,649,281
0222202.jpg,207,188,407,388,649,280
0222203.jpg,206,189,406,389,650,278
0222204.jpg,204,187,408,391,650,276
0222205.jpg,204,187,408,391,648,276
0222206.jpg,203,187,407,391,648,274
0222207.jpg,203,187,407,391,678,268
0222208.jpg,202,188,406,392,670,267
0222209.jpg,201,188,405,392,668,267
0222210.jpg,201,188,405,392,668,266
0222211.jpg,201,188,405,392,668,267
0222212.jpg,202,188,406,392,668,267
0222213.jpg,202,188,406,392,669,266
0222214.jpg,203,187,407,391,669,267
0222215.jpg,203,187,407,391,671,269
0222216.jpg,204,187,408,391,673,271
0222217.jpg,206,189,406,389,674,271
0222218.jpg,206,189,406,389,676,269
0222219.jpg,206,189,406,389,678,269
0222220.jpg,207,189,407,389,680,269
0222221.jpg,207,189,407,389,680,270
0222222.jpg,207,189,407,389,680,269
0222223.jpg,207,189,407,389,680,269
0222224.jpg,205,189,409,393,682,270
0222225.jpg,204,191,408,395,682,270
0222226.jpg,202,189,410,397,685,270
0222227.jpg,202,190,410,398,684,271
0222228.jpg,202,190,410,398,685,271
0222229.jpg,202,191,410,399,685,270
0222230.jpg,202,191,410,399,685,270
0222231.jpg,202,191,410,399,685,270
0222232.jpg,202,191,410,399,687,271
0222233.jpg,202,191,410,399,687,271
0222234.jpg,203,190,411,398,686,271
0222235.jpg,206,191,410,395,687,270
0222236.jpg,206,191,410,395,685,269
0222237.jpg,209,191,409,391,686,270
0222238.jpg,209,191,409,391,685,270
0222239.jpg,210,190,410,390,685,271
0222240.jpg,210,189,410,389,686,272
0222241.jpg,210,189,410,389,686,272
0222242.jpg,210,188,410,388,686,271
0222243.jpg,210,188,410,388,684,273
0222244.jpg,210,188,410,388,683,274
0222245.jpg,210,188,410,388,683,275
0222246.jpg,211,188,411,388,683,272
0222247.jpg,211,188,411,388,683,270
0222248.jpg,211,187,411,387,682,269
0222249.jpg,212,187,412,387,681,269
0222250.jpg,212,187,412,387,680,269
0222251.jpg,212,187,412,387,680,270
0222252.jpg,212,187,412,387,680,270
0222253.jpg,212,187,412,387,680,271
0222254.jpg,211,188,411,388,681,271
0222255.jpg,211,188,411,388,680,270
0222256.jpg,212,189,410,387,679,271
0222257.jpg,212,189,410,387,680,271
0222258.jpg,212,189,410,387,679,271
0222259.jpg,212,189,410,387,679,272
0222260.jpg,212,189,410,387,679,274
0222261.jpg,212,189,410,387,678,275
0222262.jpg,212,189,410,387,678,275
0222263.jpg,211,189,409,387,676,273
0222264.jpg,211,189,409,387,675,273
0222265.jpg,211,189,409,387,674,271
0222266.jpg,211,189,409,387,674,271
0222267.jpg,210,189,408,387,673,271
0222268.jpg,210,189,408,387,673,271
0222269.jpg,210,189,408,387,672,270
0222270.jpg,209,189,407,387,673,271
0222271.jpg,209,189,407,387,672,272
0222272.jpg,209,189,407,387,672,271
0222273.jpg,209,189,407,387,673,273
0222274.jpg,210,188,408,386,673,273
0222275.jpg,210,188,408,386,673,272
0222276.jpg,210,188,408,386,674,274
0222277.jpg,210,188,408,386,674,274
0222278.jpg,210,188,408,386,705,283
0222279.jpg,210,188,408,386,704,287
0222280.jpg,211,188,409,386,1014,275
0222281.jpg,211,188,409,386,1006,277
0222282.jpg,211,188,409,386,1004,278
0222283.jpg,211,188,409,386,1004,279
0222284.jpg,210,187,410,387,1004,279
0222285.jpg,210,187,410,387,1003,278
0222286.jpg,210,187,410,387,1003,278
0222287.jpg,210,187,410,387,1002,278
0222288.jpg,210,188,410,388,1002,279
0222289.jpg,209,188,409,388,1000,279
0222290.jpg,209,188,409,388,1001,279
0222291.jpg,209,188,409,388,1001,278
0222292.jpg,209,187,409,387,1000,279
0222293.jpg,209,187,409,387,1000,279
0222294.jpg,209,187,409,387,999,279
0222295.jpg,209,187,409,387,999,279
0222296.jpg,209,187,409,387,999,279
0222297.jpg,209,187,409,387,998,279
0222298.jpg,209,187,409,387,962,330
0222299.jpg,209,187,409,387,944,382
0222300.jpg,209,187,409,387,863,397
0222301.jpg,209,187,409,387,787,408
0222302.jpg,209,188,409,388,706,343
0222303.jpg,209,188,409,388,722,320
0222304.jpg,209,188,409,388,710,313
0222305.jpg,210,188,410,388,708,311
0222306.jpg,210,188,410,388,706,311
0222307.jpg,210,188,410,388,703,309
0222308.jpg,210,188,410,388,701,308
0222309.jpg,210,188,410,388,678,285
0222310.jpg,210,188,410,388,671,285
0222311.jpg,210,188,410,388,665,284
0222312.jpg,210,188,410,388,662,283
0222313.jpg,210,188,410,388,656,284
0222314.jpg,210,188,410,388,655,287
0222315.jpg,210,188,410,388,651,287
0222316.jpg,210,188,410,388,648,288
0222317.jpg,210,188,410,388,646,288
0222318.jpg,210,188,410,388,643,287
0222319.jpg,210,188,410,388,643,287
0222320.jpg,210,188,410,388,642,288
0222321.jpg,210,188,410,388,642,290
0222322.jpg,210,188,410,388,641,290
0222323.jpg,210,188,410,388,641,290
0222324.jpg,210,188,410,388,640,289
0222325.jpg,210,188,410,388,643,289
0222326.jpg,210,187,410,387,642,290
0222327.jpg,210,187,410,387,643,289
0222328.jpg,210,186,410,386,641,290
0222329.jpg,210,183,410,383,642,291
0222330.jpg,201,172,417,388,643,290
0222331.jpg,201,172,417,388,644,290
0222332.jpg,201,171,417,387,649,289
0222333.jpg,205,173,413,381,646,290
0222334.jpg,206,172,414,380,649,288
0222335.jpg,206,171,414,379,650,287
0222336.jpg,208,171,412,375,651,287
0222337.jpg,208,171,412,375,651,290
0222338.jpg,208,170,412,374,651,289
0222339.jpg,210,172,410,372,653,291
0222340.jpg,211,172,409,370,653,290
0222341.jpg,210,172,408,370,652,291
0222342.jpg,210,171,408,369,653,290
0222343.jpg,209,171,407,369,653,290
0222344.jpg,209,171,407,369,652,291
0222345.jpg,209,171,407,369,651,292
0222346.jpg,208,171,406,369,653,292
0222347.jpg,208,172,406,370,652,291
0222348.jpg,208,173,406,371,653,291
0222349.jpg,209,173,407,371,650,289
0222350.jpg,209,173,407,371,652,290
0222351.jpg,209,173,407,371,650,290
0222352.jpg,209,173,407,371,649,290
0222353.jpg,210,173,408,371,648,290
0222354.jpg,210,172,408,370,646,290
0222355.jpg,210,171,408,369,647,289
0222356.jpg,210,171,408,369,647,290
0222357.jpg,210,171,408,369,646,291
0222358.jpg,210,171,408,369,646,291
0222359.jpg,210,171,408,369,644,293
0222360.jpg,210,171,408,369,587,305
0222361.jpg,210,171,408,369,579,307
0222362.jpg,210,172,408,370,457,324
0222363.jpg,210,172,408,370,420,318
0222364.jpg,209,172,407,370,427,318
0222365.jpg,206,172,406,372,430,321
0222366.jpg,205,172,405,372,430,321
0222367.jpg,204,172,404,372,429,322
0222368.jpg,204,172,404,372,427,322
0222369.jpg,204,172,404,372,427,321
0222370.jpg,205,173,405,373,427,322
0222371.jpg,203,171,407,375,425,321
0222372.jpg,203,172,407,376,423,320
0222373.jpg,203,172,407,376,422,320
0222374.jpg,201,173,409,381,420,320
0222375.jpg,201,173,409,381,418,318
0222376.jpg,199,172,411,384,420,319
0222377.jpg,198,171,414,387,419,319
0222378.jpg,198,172,414,388,419,319
0222379.jpg,198,172,414,388,423,320
0222380.jpg,199,173,415,389,422,320
0222381.jpg,206,178,414,386,422,319
0222382.jpg,208,181,412,385,532,317
0222383.jpg,208,184,412,388,613,295
0222384.jpg,208,186,412,390,615,297
0222385.jpg,208,186,412,390,616,293
0222386.jpg,208,191,412,395,617,293
0222387.jpg,206,191,414,399,595,297
0222388.jpg,204,190,416,402,625,287
0222389.jpg,203,191,415,403,623,288
0222390.jpg,203,193,415,405,624,288
0222391.jpg,201,191,417,407,624,285
0222392.jpg,200,191,416,407,625,287
0222393.jpg,200,193,416,409,625,286
0222394.jpg,199,193,417,411,624,287
0222395.jpg,199,194,417,412,624,288
0222396.jpg,199,194,417,412,624,288
0222397.jpg,199,194,417,412,625,288
0222398.jpg,199,194,417,412,624,288
0222399.jpg,199,194,417,412,625,287
0222400.jpg,200,195,416,411,628,287
0222401.jpg,200,195,416,411,628,287
0222402.jpg,200,195,416,411,660,279
0222403.jpg,210,203,410,403,660,279
0222404.jpg,210,203,410,403,659,279
0222406.jpg,210,203,410,403,707,254
0222407.jpg,210,203,410,403,699,255
0222408.jpg,201,194,417,410,699,256
0222409.jpg,201,194,417,410,699,256
0222410.jpg,201,194,417,410,697,255
0222411.jpg,200,194,416,410,697,257
0222412.jpg,200,194,416,410,698,256
0222413.jpg,200,194,416,410,697,256
0222414.jpg,200,194,416,410,696,256
0222415.jpg,200,194,416,410,696,256
0222416.jpg,200,194,416,410,696,257
0222417.jpg,200,194,416,410,698,258
0222418.jpg,200,194,416,410,696,259
0222419.jpg,200,194,416,410,696,259
0222420.jpg,200,193,416,409,696,260
0222421.jpg,203,195,415,407,695,259
0222422.jpg,203,195,415,407,695,259
0222423.jpg,203,195,415,407,696,259
0222424.jpg,203,195,415,407,696,258
0222425.jpg,203,195,415,407,694,258
0222426.jpg,205,195,417,407,694,258
0222427.jpg,209,195,421,407,694,257
0222428.jpg,220,195,432,407,694,257
0222429.jpg,224,195,436,407,693,257
0222430.jpg,229,196,441,408,694,258
0222431.jpg,235,196,447,408,692,256
0222432.jpg,238,196,450,408,692,256
0222433.jpg,244,198,452,406,693,257
0222434.jpg,246,198,454,406,692,257
0222435.jpg,247,198,455,406,693,258
0222436.jpg,251,199,455,403,692,258
0222437.jpg,255,201,455,401,691,258
0222438.jpg,257,202,455,400,691,258
0222439.jpg,260,204,454,398,692,258
0222440.jpg,268,209,454,395,692,258
0222441.jpg,268,209,454,395,692,258
0222442.jpg,268,209,454,395,691,257
0222443.jpg,268,210,454,396,691,257
0222444.jpg,265,208,455,398,691,258
0222445.jpg,265,209,455,399,691,258
0222446.jpg,265,209,455,399,689,257
0222447.jpg,265,209,455,399,690,261
0222448.jpg,265,209,455,399,667,339
0222449.jpg,265,209,455,399,666,344
0222450.jpg,265,209,455,399,665,347
0222451.jpg,265,209,455,399,662,348
0222452.jpg,265,209,455,399,622,362
0222453.jpg,265,209,455,399,616,363
0222454.jpg,265,209,455,399,616,364
0222455.jpg,262,208,452,398,616,363
0222456.jpg,248,198,456,406,569,377
0222457.jpg,246,197,454,405,580,372
0222458.jpg,242,194,454,406,580,373
0222459.jpg,238,193,450,405,580,372
0222460.jpg,236,193,448,405,580,372
0222461.jpg,233,192,445,404,580,373
0222462.jpg,230,191,442,403,580,372
0222463.jpg,225,189,437,401,580,372
0222464.jpg,223,186,435,398,579,372
0222465.jpg,221,186,433,398,579,371
0222466.jpg,222,187,430,395,580,372
0222468.jpg,221,189,421,389,651,378
0223000.jpg,897,194,1083,380,321,288
0223001.jpg,897,194,1083,380,325,298
0223002.jpg,897,194,1083,380,326,301
0223003.jpg,897,194,1083,380,325,302
0223004.jpg,897,195,1083,381,325,306
0223005.jpg,897,195,1083,381,324,308
0223006.jpg,899,198,1081,380,324,310
0223007.jpg,899,198,1081,380,326,312
0223008.jpg,900,198,1082,380,326,314
0223009.jpg,900,198,1082,380,326,313
0223010.jpg,900,198,1082,380,327,315
0223011.jpg,900,198,1082,380,329,315
0223012.jpg,901,198,1081,378,330,315
0223013.jpg,900,197,1080,377,330,314
0223014.jpg,900,197,1080,377,331,316
0223015.jpg,900,197,1080,377,331,315
0223016.jpg,902,199,1078,375,331,315
0223017.jpg,902,199,1078,375,331,315
0223018.jpg,902,200,1078,376,331,316
0223019.jpg,902,201,1078,377,332,316
0223020.jpg,901,201,1077,377,332,317
0223021.jpg,901,201,1077,377,332,317
0223022.jpg,901,201,1077,377,331,317
0223023.jpg,901,201,1077,377,332,316
0223024.jpg,901,201,1077,377,331,316
0223025.jpg,899,199,1079,379,332,317
0223026.jpg,900,199,1080,379,331,317
0223027.jpg,900,199,1080,379,331,317
0223028.jpg,902,201,1078,377,330,316
0223029.jpg,903,201,1079,377,330,316
0223030.jpg,903,201,1079,377,331,317
0223031.jpg,903,201,1079,377,330,316
0223032.jpg,904,201,1080,377,330,316
0223033.jpg,904,201,1080,377,330,317
0223034.jpg,904,201,1080,377,331,317
0223035.jpg,904,201,1080,377,331,316
0223036.jpg,904,201,1080,377,330,317
0223037.jpg,904,202,1080,378,331,317
0223038.jpg,905,191,1103,389,331,316
0223039.jpg,905,191,1103,389,331,316
0223040.jpg,905,191,1103,389,331,316
0223041.jpg,905,191,1103,389,331,316
0223042.jpg,905,191,1103,389,330,315
0223043.jpg,905,191,1103,389,329,312
0223044.jpg,904,190,1104,390,327,307
0223045.jpg,904,190,1104,390,326,306
0223046.jpg,904,190,1104,390,326,304
0223047.jpg,904,190,1104,390,325,303
0223048.jpg,904,190,1104,390,323,303
0223049.jpg,904,190,1104,390,322,302
0223050.jpg,905,191,1103,389,321,302
0223051.jpg,904,191,1102,389,321,302
0223052.jpg,904,199,1086,381,320,303
0223053.jpg,904,199,1086,381,320,302
0223054.jpg,904,191,1102,389,321,303
0223055.jpg,904,191,1102,389,320,302
0223056.jpg,907,191,1105,389,318,303
0223057.jpg,904,188,1108,392,338,321
0223058.jpg,902,186,1110,394,396,365
0223059.jpg,909,175,1127,393,933,306
0223060.jpg,916,175,1134,393,942,273
0223061.jpg,917,174,1135,392,941,282
0223062.jpg,918,174,1134,390,995,271
0223063.jpg,920,174,1136,390,997,273
0223064.jpg,920,172,1136,388,991,270
0223065.jpg,921,172,1137,388,1028,260
0223066.jpg,921,172,1137,388,1036,262
0223067.jpg,921,171,1137,387,1036,261
0223068.jpg,920,170,1136,386,1037,262
0223069.jpg,919,169,1135,385,1036,262
0223070.jpg,919,169,1135,385,1037,263
0223071.jpg,918,169,1134,385,1037,263
0223072.jpg,917,167,1133,383,1037,262
0223073.jpg,919,169,1131,381,1035,262
0223074.jpg,918,169,1130,381,1033,262
0223075.jpg,920,171,1128,379,1031,262
0223076.jpg,920,170,1128,378,1034,250
0223077.jpg,920,170,1128,378,1036,250
0223078.jpg,920,170,1128,378,1072,218
0223079.jpg,921,170,1129,378,1064,221
0223080.jpg,922,170,1130,378,1065,220
0223081.jpg,925,171,1129,375,1066,221
0223082.jpg,929,170,1129,370,1068,220
0223083.jpg,930,169,1130,369,1069,220
0223084.jpg,932,168,1132,368,1071,221
0223085.jpg,933,167,1133,367,1072,220
0223086.jpg,940,163,1148,371,1076,220
0223087.jpg,940,160,1152,372,1078,221
0223088.jpg,942,160,1154,372,1084,221
0223089.jpg,942,160,1154,372,1083,221
0223090.jpg,942,160,1154,372,1084,221
0223091.jpg,943,162,1151,370,1083,222
0223092.jpg,940,164,1148,372,1014,260
0223093.jpg,935,170,1135,370,1014,263
0223094.jpg,932,171,1130,369,1016,267
0223095.jpg,929,171,1127,369,942,274
0223096.jpg,928,171,1126,369,936,277
0223097.jpg,921,171,1121,371,931,274
0223098.jpg,915,172,1119,376,367,302
0223099.jpg,911,177,1115,381,361,302
0223100.jpg,910,180,1114,384,362,301
0223101.jpg,907,185,1107,385,362,302
0223102.jpg,906,188,1106,388,361,300
0223103.jpg,906,189,1104,387,361,301
0223104.jpg,906,189,1104,387,361,304
0223105.jpg,905,189,1103,387,360,304
0223106.jpg,892,190,1090,388,361,304
0223107.jpg,892,190,1090,388,360,305
0223108.jpg,894,194,1084,384,361,304
0223109.jpg,894,193,1084,383,360,303
0223110.jpg,892,193,1082,383,360,305
0223111.jpg,890,193,1080,383,361,303
0223112.jpg,889,193,1079,383,360,303
0223113.jpg,886,191,1080,385,359,307
0223114.jpg,885,191,1079,385,359,302
0223115.jpg,882,189,1080,387,360,305
0223116.jpg,881,189,1079,387,359,304
0223117.jpg,881,190,1079,388,358,303
0223118.jpg,881,190,1079,388,357,311
0223119.jpg,881,191,1079,389,357,309
0223120.jpg,880,190,1080,390,355,311
0223121.jpg,883,191,1083,391,845,329
0223122.jpg,884,192,1084,392,844,327
0223123.jpg,887,192,1087,392,900,361
0223124.jpg,887,191,1091,395,972,390
0223125.jpg,887,191,1091,395,992,390
0223126.jpg,889,192,1093,396,986,398
0223127.jpg,888,190,1096,398,996,403
0223128.jpg,890,192,1094,396,997,405
0223129.jpg,889,190,1097,398,998,406
0223130.jpg,889,190,1097,398,997,407
0223131.jpg,891,191,1099,399,1027,401
0223132.jpg,896,186,1114,404,995,282
0223133.jpg,897,186,1115,404,1005,285
0223134.jpg,899,186,1117,404,1013,288
0223135.jpg,902,186,1120,404,1019,290
0223136.jpg,904,187,1120,403,1022,292
0223137.jpg,908,188,1120,400,1025,291
0223138.jpg,912,190,1120,398,1025,290
0223139.jpg,916,190,1120,394,1030,290
0223140.jpg,918,190,1122,394,1031,288
0223141.jpg,922,187,1126,391,1035,287
0223142.jpg,925,189,1125,389,1038,286
0223143.jpg,927,188,1127,388,1041,286
0223144.jpg,927,187,1127,387,1043,285
0223145.jpg,928,186,1128,386,1043,283
0223146.jpg,922,178,1134,390,1045,280
0223147.jpg,922,177,1134,389,1043,282
0223148.jpg,922,177,1134,389,1047,281
0223149.jpg,923,177,1135,389,1046,280
0223150.jpg,921,175,1137,391,1047,279
0223151.jpg,921,175,1137,391,1049,283
0223152.jpg,923,175,1139,391,1051,284
0223153.jpg,925,176,1141,392,1052,285
0223154.jpg,925,176,1141,392,1053,285
0223155.jpg,925,175,1141,391,1054,284
0223156.jpg,923,174,1141,392,1054,281
0223157.jpg,923,169,1141,387,1052,279
0223158.jpg,923,168,1141,386,1049,277
0223159.jpg,923,168,1139,384,1048,273
0223160.jpg,922,168,1138,384,1049,273
0223161.jpg,922,168,1138,384,1047,272
0223162.jpg,920,168,1136,384,1046,274
0223163.jpg,919,170,1131,382,1042,278
0223164.jpg,919,170,1131,382,1040,278
0223165.jpg,920,172,1128,380,1039,277
0223166.jpg,920,172,1128,380,1039,276
0223167.jpg,920,171,1128,379,1038,275
0223168.jpg,919,169,1127,377,1038,275
0223169.jpg,918,168,1126,376,1036,275
0223170.jpg,915,167,1123,375,1036,272
0223171.jpg,913,165,1125,377,1033,269
0223172.jpg,913,165,1125,377,1033,267
0223173.jpg,914,165,1126,377,1031,269
0223174.jpg,914,164,1126,376,1031,267
0223175.jpg,917,166,1125,374,1034,265
0223176.jpg,919,165,1127,373,1035,264
0223177.jpg,923,166,1127,370,1037,263
0223178.jpg,925,166,1129,370,1039,263
0223179.jpg,925,164,1129,368,1039,264
0223180.jpg,925,164,1129,368,1039,262
0223181.jpg,925,163,1129,367,1038,261
0223182.jpg,925,163,1129,367,1036,263
0223183.jpg,925,162,1129,366,1035,264
0223184.jpg,922,162,1126,366,1035,263
0223185.jpg,922,162,1126,366,1034,264
0223186.jpg,924,164,1124,364,1032,265
0223187.jpg,924,164,1124,364,1032,266
0223188.jpg,924,166,1124,366,1033,265
0223189.jpg,924,166,1124,366,1034,268
0223190.jpg,923,164,1127,368,1036,266
0223191.jpg,925,166,1129,370,1036,268
0223192.jpg,925,166,1129,370,1040,269
0223193.jpg,925,168,1129,372,1040,270
0223194.jpg,925,168,1129,372,1040,269
0223195.jpg,925,169,1129,373,1042,270
0223196.jpg,927,171,1127,371,1042,270
0223197.jpg,928,171,1128,371,1038,272
0223198.jpg,927,174,1127,374,956,288
0223199.jpg,927,179,1127,379,935,298
0223200.jpg,921,178,1125,382,898,318
0223201.jpg,916,187,1120,391,657,297
0223202.jpg,913,187,1121,395,661,299
0223203.jpg,912,189,1120,397,660,298
0223204.jpg,910,189,1118,397,661,295
0223205.jpg,910,189,1118,397,660,295
0223206.jpg,906,189,1114,397,662,296
0223207.jpg,899,200,1081,382,662,296
0223208.jpg,899,198,1081,380,661,295
0223209.jpg,898,198,1078,378,662,295
0223210.jpg,898,198,1078,378,662,294
0223211.jpg,900,199,1076,375,662,294
0223212.jpg,902,201,1074,373,663,295
0223213.jpg,903,201,1075,373,664,295
0223214.jpg,902,199,1078,375,664,293
0223215.jpg,903,199,1079,375,663,293
0223216.jpg,898,192,1084,378,664,292
0223217.jpg,896,190,1086,380,666,294
0223218.jpg,896,192,1082,378,669,291
0223219.jpg,896,192,1082,378,670,291
0223220.jpg,894,192,1080,378,671,293
0223221.jpg,894,192,1080,378,673,294
0223222.jpg,893,192,1079,378,673,294
0223223.jpg,891,192,1077,378,674,294
0223224.jpg,891,193,1077,379,673,294
0223225.jpg,892,195,1074,377,674,294
0223226.jpg,893,195,1073,375,676,295
0223227.jpg,893,195,1073,375,677,295
0223228.jpg,893,195,1073,375,676,296
0223229.jpg,894,194,1074,374,677,293
0223230.jpg,895,194,1075,374,677,294
0223231.jpg,896,194,1076,374,678,295
0223232.jpg,896,194,1076,374,678,295
0223233.jpg,900,196,1076,372,677,295
0223234.jpg,902,196,1078,372,678,296
0223235.jpg,902,196,1078,372,678,295
0223236.jpg,904,197,1080,373,677,294
0223237.jpg,908,188,1102,382,677,293
0223238.jpg,906,186,1104,384,678,294
0223239.jpg,906,186,1104,384,678,298
0223240.jpg,905,186,1103,384,677,298
0223241.jpg,903,195,1083,375,677,297
0223242.jpg,903,195,1083,375,677,298
0223243.jpg,903,195,1083,375,677,301
0223244.jpg,903,195,1083,375,675,299
0223245.jpg,903,195,1083,375,675,298
0223246.jpg,906,188,1104,386,675,300
0223247.jpg,905,189,1105,389,675,299
0223248.jpg,905,189,1105,389,675,300
0223249.jpg,904,189,1104,389,675,298
0223250.jpg,904,189,1104,389,673,298
0223251.jpg,903,198,1083,378,674,297
0223252.jpg,902,196,1082,376,673,299
0223253.jpg,902,196,1082,376,673,300
0223254.jpg,901,196,1081,376,673,302
0223255.jpg,901,196,1081,376,673,302
0223256.jpg,901,196,1081,376,673,302
0223257.jpg,901,195,1081,375,674,302
0223258.jpg,899,195,1079,375,674,301
0223259.jpg,898,194,1080,376,673,302
0223260.jpg,898,194,1080,376,673,301
0223261.jpg,898,194,1080,376,671,301
0223262.jpg,898,195,1080,377,671,304
0223263.jpg,898,195,1080,377,671,304
0223264.jpg,900,195,1082,377,671,303
0223265.jpg,901,196,1083,378,670,302
0223266.jpg,901,196,1083,378,669,302
0223267.jpg,901,197,1083,379,668,303
0223268.jpg,903,188,1103,388,668,302
0223269.jpg,904,188,1104,388,666,301
0223270.jpg,904,188,1104,388,667,301
0223271.jpg,904,188,1104,388,666,302
0223272.jpg,905,188,1105,388,667,304
0223273.jpg,903,186,1107,390,666,304
0223274.jpg,902,183,1106,387,666,303
0223275.jpg,902,183,1106,387,666,305
0223276.jpg,903,188,1103,388,667,303
0223277.jpg,903,188,1103,388,668,303
0223278.jpg,903,188,1103,388,671,302
0223279.jpg,903,188,1103,388,672,304
0223280.jpg,904,188,1104,388,675,303
0223281.jpg,904,188,1104,388,678,304
0223282.jpg,904,188,1104,388,680,304
0223283.jpg,904,200,1080,376,684,305
0223284.jpg,904,200,1080,376,687,307
0223285.jpg,906,201,1078,373,689,306
0223286.jpg,906,201,1078,373,692,309
0223287.jpg,904,199,1080,375,693,313
0223288.jpg,904,199,1080,375,695,315
0223289.jpg,904,199,1080,375,696,323
0223290.jpg,904,199,1080,375,698,325
0223291.jpg,904,199,1080,375,701,326
0223292.jpg,902,197,1082,377,703,325
0223293.jpg,902,197,1082,377,706,326
0223294.jpg,902,197,1082,377,708,327
0223295.jpg,902,197,1082,377,709,327
0223296.jpg,902,197,1082,377,709,328
0223297.jpg,902,197,1082,377,710,327
0223298.jpg,902,198,1082,378,710,328
0223299.jpg,902,200,1082,380,709,325
0223300.jpg,903,188,1107,392,706,322
0223301.jpg,903,188,1107,392,705,318
0223302.jpg,903,188,1107,392,705,315
0223303.jpg,904,198,1076,370,701,314
0223304.jpg,905,200,1073,368,700,309
0223305.jpg,905,200,1073,368,697,309
0223306.jpg,905,200,1073,368,694,308
0223307.jpg,907,202,1071,366,690,308
0223308.jpg,906,200,1074,368,686,308
0223309.jpg,907,198,1075,366,683,305
0223310.jpg,906,185,1100,379,679,308
0223311.jpg,907,184,1101,378,676,307
0223312.jpg,908,184,1102,378,674,306
0223313.jpg,908,184,1102,378,672,305
0223314.jpg,909,184,1103,378,670,306
0223315.jpg,909,184,1103,378,667,307
0223316.jpg,909,187,1103,381,665,306
0223317.jpg,907,185,1105,383,663,305
0223318.jpg,906,185,1104,383,662,306
0223319.jpg,906,185,1104,383,662,305
0223320.jpg,907,184,1105,382,662,305
0223321.jpg,909,186,1103,380,661,306
0223322.jpg,909,186,1103,380,661,305
0223323.jpg,907,184,1105,382,662,307
0223324.jpg,908,184,1106,382,662,307
0223325.jpg,908,185,1106,383,663,306
0223326.jpg,908,185,1106,383,663,306
0223327.jpg,908,185,1106,383,664,308
0223328.jpg,908,185,1106,383,664,306
0223329.jpg,908,185,1106,383,665,306
0223330.jpg,908,185,1106,383,665,307
0223331.jpg,908,185,1106,383,665,306
0223332.jpg,907,185,1105,383,664,304
0223333.jpg,907,185,1105,383,666,304
0223334.jpg,907,185,1105,383,667,304
0223335.jpg,906,186,1104,384,667,303
0223336.jpg,906,187,1104,385,667,304
0223337.jpg,905,187,1103,385,668,307
0223338.jpg,905,187,1103,385,668,305
0223339.jpg,906,200,1078,372,669,307
0223340.jpg,908,201,1076,369,668,305
0223341.jpg,908,201,1076,369,669,304
0223342.jpg,906,199,1078,371,668,305
0223343.jpg,906,199,1078,371,668,305
0223344.jpg,906,199,1078,371,668,304
0223345.jpg,904,185,1102,383,668,304
0223346.jpg,904,186,1102,384,668,305
0223347.jpg,906,188,1100,382,670,309
0223348.jpg,906,188,1100,382,669,309
0223349.jpg,907,188,1101,382,668,307
0223350.jpg,908,188,1102,382,669,306
0223351.jpg,909,188,1103,382,668,305
0223352.jpg,910,188,1104,382,668,307
0223353.jpg,908,186,1106,384,669,307
0223354.jpg,909,187,1107,385,667,306
0223355.jpg,910,190,1108,388,667,307
0223356.jpg,909,190,1109,390,667,307
0223357.jpg,910,190,1110,390,666,309
0223358.jpg,911,190,1111,390,666,307
0223359.jpg,912,190,1112,390,666,308
0223360.jpg,913,191,1113,391,664,309
0223361.jpg,913,191,1113,391,660,308
0223362.jpg,914,191,1114,391,654,312
0223363.jpg,914,191,1114,391,652,317
0223364.jpg,913,191,1113,391,649,317
0223365.jpg,911,189,1115,393,647,320
0223366.jpg,912,189,1116,393,646,322
0223367.jpg,912,189,1116,393,648,329
0223368.jpg,912,190,1116,394,646,328
0223369.jpg,912,190,1116,394,647,329
0223370.jpg,912,190,1116,394,646,331
0223371.jpg,911,190,1115,394,645,332
0223372.jpg,911,191,1115,395,646,332
0223373.jpg,910,191,1114,395,648,331
0223374.jpg,909,191,1113,395,648,332
0223375.jpg,909,191,1113,395,649,331
0223376.jpg,908,191,1112,395,650,330
0223377.jpg,908,191,1112,395,651,329
0223378.jpg,910,193,1110,393,653,329
0223379.jpg,909,192,1109,392,654,329
0223380.jpg,908,192,1108,392,657,328
0223381.jpg,908,190,1108,390,661,327
0223382.jpg,908,190,1108,390,664,325
0223383.jpg,909,191,1107,389,665,324
0223384.jpg,910,191,1108,389,666,321
0223385.jpg,910,191,1108,389,668,322
0223386.jpg,910,191,1108,389,670,320
0223387.jpg,910,191,1108,389,670,320
0223388.jpg,909,191,1109,391,670,320
0223389.jpg,909,191,1109,391,670,320
0223390.jpg,909,191,1109,391,670,320
0223391.jpg,910,192,1110,392,670,319
0223392.jpg,910,192,1110,392,671,319
0223393.jpg,909,190,1113,394,671,320
0223394.jpg,909,190,1113,394,671,319
0223395.jpg,909,190,1113,394,672,318
0223396.jpg,912,192,1112,392,671,318
0223397.jpg,912,191,1112,391,671,319
0223398.jpg,912,191,1112,391,671,318
0223399.jpg,912,191,1112,391,671,317
0223400.jpg,912,190,1112,390,672,313
0223401.jpg,913,190,1113,390,673,311
0223402.jpg,913,190,1113,390,673,310
0223403.jpg,913,190,1113,390,675,308
0223404.jpg,913,190,1113,390,674,308
0223405.jpg,913,190,1113,390,673,311
0223406.jpg,911,190,1111,390,672,309
0223407.jpg,911,190,1111,390,671,309
0223408.jpg,910,191,1110,391,670,309
0223409.jpg,910,191,1110,391,670,311
0223410.jpg,910,191,1110,391,670,311
0223411.jpg,910,191,1110,391,670,312
0223412.jpg,909,191,1109,391,668,311
0223413.jpg,909,191,1109,391,669,312
0223414.jpg,908,191,1108,391,669,312
0223415.jpg,908,190,1108,390,669,313
0223416.jpg,907,191,1107,391,668,313
0223417.jpg,907,190,1107,390,668,312
0223418.jpg,907,190,1107,390,669,314
0223419.jpg,908,191,1106,389,670,314
0223420.jpg,911,192,1105,386,668,312
0223421.jpg,911,192,1105,386,669,312
0223422.jpg,911,192,1105,386,670,313
0223423.jpg,911,192,1105,386,669,313
0223424.jpg,912,192,1106,386,669,314
0223425.jpg,913,192,1107,386,668,314
0223426.jpg,913,192,1107,386,669,314
0223427.jpg,915,194,1105,384,668,312
0223428.jpg,915,194,1105,384,668,312
0223429.jpg,916,194,1106,384,668,313
0223430.jpg,916,194,1106,384,667,312
0223431.jpg,914,193,1108,387,667,313
0223432.jpg,912,191,1112,391,667,313
0223433.jpg,912,192,1112,392,667,313
0223434.jpg,913,192,1113,392,668,313
0223435.jpg,913,192,1113,392,667,314
0223436.jpg,913,193,1113,393,668,314
0223437.jpg,913,193,1113,393,667,314
0223438.jpg,913,193,1113,393,667,313
0223439.jpg,913,193,1113,393,667,314
0223440.jpg,913,192,1113,392,666,313
0223441.jpg,913,192,1113,392,666,314
0223442.jpg,913,192,1113,392,668,314
0223443.jpg,913,192,1113,392,667,314
0223444.jpg,914,192,1114,392,667,314
0223445.jpg,914,192,1114,392,667,316
0223446.jpg,914,192,1114,392,666,318
0223447.jpg,914,192,1114,392,664,319
0223448.jpg,914,192,1114,392,664,320
0223449.jpg,914,192,1114,392,663,321
0223450.jpg,912,190,1116,394,663,324
0223451.jpg,912,190,1116,394,663,327
0223452.jpg,914,191,1114,391,660,329
0223453.jpg,914,191,1114,391,659,330
0223454.jpg,914,191,1114,391,660,330
0223455.jpg,915,192,1113,390,660,331
0223456.jpg,917,194,1111,388,660,331
0223457.jpg,920,195,1110,385,660,331
0223458.jpg,920,195,1110,385,660,331
0223459.jpg,920,193,1114,387,659,331
0223460.jpg,921,191,1115,385,660,332
0223461.jpg,921,187,1121,387,785,313
0223462.jpg,927,183,1127,383,880,292
0223463.jpg,929,180,1133,384,973,266
0223464.jpg,930,177,1134,381,970,267
0223465.jpg,945,174,1149,378,960,267
0223466.jpg,950,172,1158,380,1027,252
0223467.jpg,955,170,1167,382,1027,250
0223468.jpg,956,170,1168,382,1029,249
