0251000.jpg,144,58,370,284,259,157
0251001.jpg,144,58,370,284,255,159
0251002.jpg,144,58,370,284,256,158
0251003.jpg,142,56,372,286,254,157
0251004.jpg,142,56,372,286,254,156
0251005.jpg,142,56,372,286,255,157
0251006.jpg,142,56,372,286,262,157
0251007.jpg,142,55,372,285,260,180
0251008.jpg,145,57,371,283,259,180
0251009.jpg,145,57,371,283,260,180
0251010.jpg,145,57,371,283,261,180
0251011.jpg,143,55,373,285,259,180
0251012.jpg,144,55,374,285,261,181
0251013.jpg,143,55,373,285,261,181
0251014.jpg,144,55,374,285,262,180
0251015.jpg,144,55,374,285,261,179
0251016.jpg,144,55,374,285,262,180
0251017.jpg,144,55,374,285,262,181
0251018.jpg,144,55,374,285,261,180
0251019.jpg,142,53,376,287,262,179
0251020.jpg,142,53,376,287,263,179
0251021.jpg,142,53,376,287,262,178
0251022.jpg,142,53,376,287,263,179
0251023.jpg,142,53,376,287,262,179
0251024.jpg,142,53,376,287,262,179
0251025.jpg,142,53,376,287,267,185
0251026.jpg,144,55,374,285,264,186
0251027.jpg,144,55,374,285,265,186
0251028.jpg,144,55,374,285,265,186
0251029.jpg,144,55,374,285,265,186
0251030.jpg,144,55,374,285,272,210
0251031.jpg,144,55,374,285,269,211
0251032.jpg,144,55,374,285,269,211
0251033.jpg,144,55,374,285,268,212
0251034.jpg,144,55,374,285,247,684
0251035.jpg,144,55,374,285,261,689
0251036.jpg,144,55,374,285,269,690
0251037.jpg,144,55,374,285,283,694
0251038.jpg,141,53,375,287,281,695
0251039.jpg,141,53,375,287,281,696
0251040.jpg,141,53,375,287,279,694
0251041.jpg,140,53,374,287,281,697
0251042.jpg,140,53,374,287,279,695
0251043.jpg,140,53,374,287,252,682
0251044.jpg,140,54,374,288,265,685
0251045.jpg,139,54,373,288,255,663
0251047.jpg,138,54,372,288,251,164
0251048.jpg,140,56,370,286,250,168
0251049.jpg,138,56,368,286,248,170
0251050.jpg,136,56,366,286,247,169
0251051.jpg,133,56,363,286,246,172
0251052.jpg,132,56,362,286,247,172
0251053.jpg,131,56,361,286,246,173
0251054.jpg,130,57,360,287,246,174
0251055.jpg,130,57,360,287,244,174
0251056.jpg,129,56,359,286,245,175
0251057.jpg,129,56,359,286,244,175
0251058.jpg,129,56,359,286,243,175
0251059.jpg,129,56,359,286,245,173
0251060.jpg,128,56,358,286,244,173
0251061.jpg,128,56,358,286,244,172
0251062.jpg,126,56,356,286,241,172
0251063.jpg,125,56,355,286,242,172
0251064.jpg,123,56,353,286,239,172
0251065.jpg,121,55,351,285,238,172
0251066.jpg,119,54,349,284,239,170
0251067.jpg,117,52,351,286,235,169
0251068.jpg,117,52,351,286,235,166
0251069.jpg,117,52,351,286,233,166
0251070.jpg,108,51,344,287,233,166
0251071.jpg,107,51,343,287,232,166
0251072.jpg,106,51,342,287,231,166
0251073.jpg,105,51,341,287,229,166
0251074.jpg,104,51,340,287,219,153
0251075.jpg,103,51,339,287,232,152
0251076.jpg,102,51,338,287,228,152
0251077.jpg,102,51,338,287,228,153
0251078.jpg,102,50,338,286,227,151
0251079.jpg,103,51,337,285,225,149
0251080.jpg,103,50,337,284,224,148
0251081.jpg,102,50,336,284,222,148
0251082.jpg,102,50,336,284,224,149
0251083.jpg,102,49,336,283,223,149
0251084.jpg,103,51,333,281,224,150
0251085.jpg,103,51,333,281,224,149
0251086.jpg,101,49,335,283,224,149
0251087.jpg,103,51,333,281,224,149
0251088.jpg,102,50,336,284,226,151
0251089.jpg,102,50,336,284,225,150
0251090.jpg,102,51,336,285,224,152
0251091.jpg,102,51,336,285,225,153
0251092.jpg,102,51,336,285,223,153
0251093.jpg,103,51,337,285,223,152
0251094.jpg,103,52,337,286,225,153
0251095.jpg,103,52,337,286,225,154
0251096.jpg,104,52,338,286,225,154
0251097.jpg,104,52,338,286,228,155
0251098.jpg,105,52,339,286,235,168
0251099.jpg,105,52,339,286,232,173
0251100.jpg,105,52,339,286,233,174
0251101.jpg,105,52,341,288,233,175
0251102.jpg,105,52,341,288,231,180
0251103.jpg,105,52,341,288,231,180
0251104.jpg,105,53,341,289,231,180
0251105.jpg,106,53,342,289,230,181
0251106.jpg,106,53,342,289,231,181
0251107.jpg,106,53,342,289,230,181
0251108.jpg,107,54,341,288,232,182
0251109.jpg,108,54,342,288,231,182
0251110.jpg,109,54,343,288,231,183
0251111.jpg,108,53,344,289,233,183
0251112.jpg,108,53,344,289,233,184
0251113.jpg,108,53,344,289,232,183
0251114.jpg,108,53,344,289,232,183
0251115.jpg,108,54,342,288,232,184
0251116.jpg,109,54,343,288,232,184
0251117.jpg,109,54,343,288,233,183
0251118.jpg,109,54,343,288,233,183
0251119.jpg,109,54,343,288,233,183
0251120.jpg,109,54,343,288,235,182
0251121.jpg,109,54,343,288,235,183
0251122.jpg,108,54,342,288,235,184
0251123.jpg,108,54,342,288,234,185
0251124.jpg,108,54,342,288,234,184
0251125.jpg,108,54,342,288,233,182
0251126.jpg,108,54,342,288,232,182
0251127.jpg,107,54,341,288,232,183
0251128.jpg,106,54,340,288,232,183
0251129.jpg,105,54,339,288,233,185
0251130.jpg,105,54,339,288,186,178
0251131.jpg,105,54,339,288,192,179
0251132.jpg,105,54,339,288,191,180
0251133.jpg,107,57,337,287,193,180
0251134.jpg,106,57,336,287,193,180
0251135.jpg,108,59,334,285,192,180
0251136.jpg,108,59,334,285,193,181
0251137.jpg,110,61,332,283,194,181
0251138.jpg,110,62,332,284,194,182
0251139.jpg,111,62,333,284,194,181
0251140.jpg,111,62,333,284,194,180
0251141.jpg,112,62,334,284,194,180
0251142.jpg,110,59,336,285,197,180
0251143.jpg,110,59,336,285,195,181
0251144.jpg,108,57,338,287,196,181
0251145.jpg,109,57,339,287,197,180
0251146.jpg,110,57,340,287,197,181
0251147.jpg,110,57,340,287,199,181
0251148.jpg,111,58,341,288,200,180
0251149.jpg,111,58,341,288,201,180
0251150.jpg,111,58,341,288,203,179
0251151.jpg,111,58,341,288,207,180
0251152.jpg,114,61,340,287,206,180
0251153.jpg,114,61,340,287,207,179
0251154.jpg,115,61,341,287,206,179
0251155.jpg,115,61,341,287,208,179
0251156.jpg,116,61,342,287,206,181
0251157.jpg,116,61,342,287,209,180
0251158.jpg,117,61,343,287,208,181
0251159.jpg,117,61,343,287,210,179
0251160.jpg,115,58,345,288,211,179
0251161.jpg,115,58,345,288,222,184
0251162.jpg,114,58,344,288,237,184
0251163.jpg,114,58,344,288,237,183
0251164.jpg,114,58,344,288,238,183
0251165.jpg,114,58,344,288,238,184
0251166.jpg,113,58,343,288,237,184
0251167.jpg,111,56,345,290,236,184
0251168.jpg,110,55,344,289,235,184
0251169.jpg,110,55,344,289,237,183
0251170.jpg,110,55,344,289,236,182
0251171.jpg,112,57,342,287,237,183
0251172.jpg,112,58,342,288,238,182
0251173.jpg,112,58,342,288,238,183
0251174.jpg,112,58,342,288,239,185
0251175.jpg,115,61,341,287,240,188
0251176.jpg,117,67,343,293,241,190
0251177.jpg,122,76,340,294,241,193
0251178.jpg,122,76,340,294,207,180
0251179.jpg,122,78,340,296,198,180
0251180.jpg,122,78,340,296,205,176
0251181.jpg,123,79,341,297,205,177
0251182.jpg,121,77,343,299,204,178
0251183.jpg,121,77,343,299,205,177
0251184.jpg,121,74,343,296,204,175
0251185.jpg,127,72,349,294,204,173
0251186.jpg,125,68,351,294,203,170
0251187.jpg,125,63,351,289,204,167
0251188.jpg,126,60,352,286,203,163
0251189.jpg,126,58,352,284,203,160
0251190.jpg,131,54,353,276,204,158
0251191.jpg,131,53,353,275,204,153
0251192.jpg,133,53,355,275,205,151
0251193.jpg,130,49,360,279,209,148
0251194.jpg,133,50,363,280,210,147
0251195.jpg,134,48,368,282,215,147
0251196.jpg,137,50,371,284,247,187
0251197.jpg,140,53,374,287,253,190
0251198.jpg,141,53,375,287,255,193
0251199.jpg,147,58,373,284,257,196
0251200.jpg,150,69,376,295,259,200
0251201.jpg,151,71,377,297,259,202
0251202.jpg,151,71,377,297,261,202
0251203.jpg,151,71,377,297,261,202
0251204.jpg,151,71,377,297,263,202
0251205.jpg,151,71,377,297,264,200
0251206.jpg,151,60,377,286,264,198
0251207.jpg,148,57,378,287,264,194
0251208.jpg,146,54,380,288,273,196
0251209.jpg,146,53,380,287,247,166
0251210.jpg,145,51,379,285,260,167
0251211.jpg,146,52,376,282,259,167
0251212.jpg,143,51,373,281,258,166
0251213.jpg,143,50,373,280,258,165
0251214.jpg,141,50,371,280,236,149
0251215.jpg,138,48,368,278,237,148
0251216.jpg,135,48,365,278,232,148
0251217.jpg,132,48,362,278,229,147
0251218.jpg,129,39,359,269,222,146
0251219.jpg,127,39,357,269,219,146
0251220.jpg,126,38,356,268,218,145
0251221.jpg,122,36,356,270,216,145
0251222.jpg,120,36,354,270,214,145
0251223.jpg,118,36,352,270,212,145
0251224.jpg,117,35,351,269,226,145
0251225.jpg,117,33,351,267,231,146
0251226.jpg,116,33,350,267,231,144
0251227.jpg,116,33,350,267,231,142
0251228.jpg,116,33,350,267,230,142
0251229.jpg,115,33,349,267,229,143
0251230.jpg,115,34,349,268,227,142
0251231.jpg,112,33,348,269,225,142
0251232.jpg,111,35,347,271,223,145
0251233.jpg,110,37,346,273,222,147
0251234.jpg,109,39,345,275,223,148
0251235.jpg,109,40,345,276,224,148
0251236.jpg,108,41,344,277,224,149
0251237.jpg,109,43,343,277,224,150
0251238.jpg,110,50,340,280,225,151
0251239.jpg,110,50,340,280,225,151
0251240.jpg,110,50,340,280,227,152
0251241.jpg,111,50,341,280,228,153
0251242.jpg,111,50,341,280,227,155
0251243.jpg,111,50,341,280,265,186
0251244.jpg,112,51,342,281,259,188
0251245.jpg,110,50,344,284,260,191
0251246.jpg,110,50,344,284,261,191
0251247.jpg,110,50,344,284,260,188
0251248.jpg,110,50,344,284,262,190
0251249.jpg,110,50,344,284,262,189
0251250.jpg,112,51,342,281,264,188
0251251.jpg,112,51,342,281,264,189
0251252.jpg,112,51,342,281,263,189
0251253.jpg,112,51,342,281,262,189
0251254.jpg,112,52,342,282,262,189
0251255.jpg,112,52,342,282,263,192
0251256.jpg,110,51,344,285,261,192
0251257.jpg,110,52,344,286,262,192
0251258.jpg,110,52,344,286,262,193
0251259.jpg,109,52,343,286,261,194
0251260.jpg,108,51,344,287,260,194
0251261.jpg,108,52,344,288,260,194
0251262.jpg,108,52,344,288,259,196
0251263.jpg,108,53,344,289,260,195
0251264.jpg,106,51,346,291,259,195
0251265.jpg,106,51,346,291,259,196
0251266.jpg,105,51,345,291,257,196
0251267.jpg,105,51,345,291,258,196
0251268.jpg,105,51,345,291,256,197
0251269.jpg,107,53,343,289,257,198
0251270.jpg,107,53,343,289,257,198
0251271.jpg,107,53,343,289,257,198
0251272.jpg,107,53,343,289,259,198
0251273.jpg,107,53,343,289,259,198
0251274.jpg,107,53,343,289,259,197
0251275.jpg,107,53,343,289,354,680
0251276.jpg,108,54,342,288,270,686
0251277.jpg,107,54,341,288,270,687
0251278.jpg,106,55,340,289,274,687
0251279.jpg,105,55,339,289,292,691
0251280.jpg,105,55,339,289,298,692
0251281.jpg,105,55,339,289,300,693
0251282.jpg,105,55,339,289,302,693
0251283.jpg,106,55,340,289,301,694
0251284.jpg,107,55,341,289,302,694
0251285.jpg,107,55,341,289,301,695
0251286.jpg,108,55,342,289,223,163
0251287.jpg,110,57,340,287,225,166
0251288.jpg,110,57,340,287,223,165
0251289.jpg,110,57,340,287,224,165
0251290.jpg,110,57,340,287,224,165
0251291.jpg,110,57,340,287,223,166
0251292.jpg,110,57,340,287,222,166
0251293.jpg,110,57,340,287,223,165
0251294.jpg,110,57,340,287,225,167
0251295.jpg,110,57,340,287,225,167
0251296.jpg,110,57,340,287,225,167
0251297.jpg,110,57,340,287,227,156
0251298.jpg,111,57,341,287,223,158
0251299.jpg,111,57,341,287,222,159
0251300.jpg,111,57,341,287,223,158
0251301.jpg,110,58,340,288,223,158
0251302.jpg,110,58,340,288,220,159
0251303.jpg,110,57,340,287,222,158
0251304.jpg,110,57,340,287,222,157
0251305.jpg,110,57,340,287,223,157
0251306.jpg,108,56,342,290,216,154
0251307.jpg,109,56,343,290,200,153
0251308.jpg,109,56,343,290,199,154
0251309.jpg,108,55,344,291,199,152
0251310.jpg,109,55,345,291,201,152
0251311.jpg,109,55,345,291,201,149
0251312.jpg,107,53,347,293,198,149
0251313.jpg,107,52,347,292,197,147
0251314.jpg,106,52,346,292,196,147
0251315.jpg,106,51,346,291,194,147
0251316.jpg,104,51,344,291,192,150
0251317.jpg,104,53,340,289,189,151
0251318.jpg,104,54,338,288,187,152
0251319.jpg,105,56,335,286,186,155
0251320.jpg,105,56,335,286,186,155
0251321.jpg,105,56,335,286,185,155
0251322.jpg,103,54,337,288,186,152
0251323.jpg,103,53,339,289,187,152
0251324.jpg,104,53,340,289,200,155
0251325.jpg,107,53,343,289,213,158
0251326.jpg,111,56,345,290,215,160
0251327.jpg,114,59,344,289,218,160
0251328.jpg,117,61,343,287,219,161
0251329.jpg,118,61,344,287,220,161
0251330.jpg,120,63,342,285,223,162
0251331.jpg,120,63,342,285,220,162
0251332.jpg,120,63,342,285,222,163
0251333.jpg,120,63,342,285,221,162
0251334.jpg,120,63,342,285,222,163
0251335.jpg,120,63,342,285,226,162
0251336.jpg,118,61,344,287,227,160
0251337.jpg,115,59,345,289,225,160
0251338.jpg,115,58,345,288,224,159
0251339.jpg,114,58,344,288,218,158
0251340.jpg,113,58,343,288,216,158
0251341.jpg,112,57,342,287,216,160
0251342.jpg,111,57,341,287,210,161
0251343.jpg,110,57,340,287,210,163
0251344.jpg,109,57,339,287,208,162
0251345.jpg,108,57,338,287,208,164
0251346.jpg,108,57,338,287,207,163
0251347.jpg,107,57,337,287,205,163
0251348.jpg,107,57,337,287,206,163
0251349.jpg,107,57,337,287,203,163
0251350.jpg,104,55,338,289,204,161
0251351.jpg,104,55,338,289,205,162
0251352.jpg,104,55,338,289,203,161
0251353.jpg,105,57,335,287,202,162
0251354.jpg,105,57,335,287,202,162
0251355.jpg,105,57,335,287,203,160
0251356.jpg,104,54,338,288,202,160
0251357.jpg,103,52,339,288,200,157
0251358.jpg,103,51,339,287,200,155
0251359.jpg,104,51,340,287,219,155
0251360.jpg,104,51,340,287,228,156
0251361.jpg,104,51,340,287,228,155
0251362.jpg,104,50,340,286,229,154
0251363.jpg,105,50,339,284,228,154
0251364.jpg,103,50,337,284,228,153
0251365.jpg,105,50,335,280,227,151
0251366.jpg,104,49,334,279,227,152
0251367.jpg,103,47,333,277,225,150
0251368.jpg,103,47,333,277,222,150
0251369.jpg,102,46,332,276,223,149
0251370.jpg,104,48,330,274,221,148
0251371.jpg,104,48,330,274,222,149
0251372.jpg,104,48,330,274,221,150
0251373.jpg,103,50,329,276,220,150
0251374.jpg,102,51,328,277,220,151
0251375.jpg,100,50,330,280,221,153
0251376.jpg,97,49,331,283,231,169
0251377.jpg,96,49,332,285,227,170
0251378.jpg,96,50,332,286,225,174
0251379.jpg,96,50,332,286,225,174
0251380.jpg,96,50,332,286,226,175
0251381.jpg,96,50,332,286,225,176
0251382.jpg,96,50,332,286,226,176
0251383.jpg,98,50,334,286,227,177
0251384.jpg,99,51,333,285,229,177
0251385.jpg,99,51,333,285,229,178
0251386.jpg,101,51,335,285,230,177
0251387.jpg,101,51,335,285,232,177
0251388.jpg,101,52,335,286,230,180
0251389.jpg,102,53,336,287,237,177
0251390.jpg,102,53,336,287,234,177
0251391.jpg,101,53,337,289,233,179
0251392.jpg,102,53,338,289,233,180
0251393.jpg,103,54,339,290,234,180
0251394.jpg,103,54,339,290,234,182
0251395.jpg,104,55,338,289,238,182
0251396.jpg,105,55,339,289,235,185
0251397.jpg,105,55,339,289,235,184
0251398.jpg,106,55,340,289,236,185
0251399.jpg,107,55,341,289,242,186
0251400.jpg,107,55,341,289,239,186
0251401.jpg,107,55,341,289,243,184
0251402.jpg,110,57,340,287,243,185
0251403.jpg,110,57,340,287,243,186
0251404.jpg,110,57,340,287,243,184
0251405.jpg,110,57,340,287,240,183
0251406.jpg,110,57,340,287,232,194
0251407.jpg,109,57,339,287,233,194
0251408.jpg,109,57,339,287,232,195
0251410.jpg,109,57,339,287,214,160
0251411.jpg,112,59,338,285,216,160
0251412.jpg,113,60,339,286,216,159
0251413.jpg,116,63,338,285,216,159
0251414.jpg,116,63,338,285,217,160
0251415.jpg,116,63,338,285,216,160
0251416.jpg,116,63,338,285,215,160
0251417.jpg,117,63,339,285,215,160
0251418.jpg,116,61,342,287,215,159
0251419.jpg,116,61,342,287,215,161
0251420.jpg,116,61,342,287,214,160
0251421.jpg,117,63,339,285,214,160
0251422.jpg,116,63,338,285,214,159
0251423.jpg,116,63,338,285,216,159
0251424.jpg,116,63,338,285,217,159
0251425.jpg,117,63,339,285,216,159
0251426.jpg,117,63,339,285,217,159
0251427.jpg,118,63,340,285,219,159
0251428.jpg,118,63,340,285,235,159
0251429.jpg,116,61,342,287,234,160
0251430.jpg,116,61,342,287,233,161
0251431.jpg,116,61,342,287,235,160
0251432.jpg,116,61,342,287,236,159
0251433.jpg,116,61,342,287,236,159
0251434.jpg,116,61,342,287,234,161
0251435.jpg,117,60,343,286,236,161
0251436.jpg,126,60,352,286,239,160
0251437.jpg,130,60,356,286,242,161
0251438.jpg,134,60,360,286,242,162
0251439.jpg,134,59,360,285,246,164
0251440.jpg,134,59,360,285,246,164
0251441.jpg,132,59,358,285,245,165
0251442.jpg,131,59,357,285,242,166
0251443.jpg,130,59,356,285,240,164
0251444.jpg,130,59,356,285,212,159
0251445.jpg,130,58,356,284,212,161
0251446.jpg,130,58,356,284,211,161
0251447.jpg,130,58,356,284,211,160
0252000.jpg,545,34,717,206,256,183
0252001.jpg,545,34,717,206,258,184
0252002.jpg,545,34,717,206,258,185
0252003.jpg,545,34,717,206,258,186
0252004.jpg,545,34,717,206,258,186
0252005.jpg,545,34,717,206,259,184
0252006.jpg,545,34,717,206,259,185
0252007.jpg,544,34,716,206,259,184
0252008.jpg,545,34,717,206,259,183
0252009.jpg,545,34,717,206,261,184
0252010.jpg,545,34,717,206,260,184
0252011.jpg,545,34,717,206,260,183
0252012.jpg,545,34,717,206,261,184
0252013.jpg,545,34,717,206,260,184
0252014.jpg,545,34,717,206,260,183
0252015.jpg,545,34,717,206,261,184
0252016.jpg,545,34,717,206,261,185
0252017.jpg,545,34,717,206,262,184
0252018.jpg,545,34,717,206,263,184
0252019.jpg,545,34,717,206,262,184
0252020.jpg,547,36,715,204,263,183
0252021.jpg,547,36,715,204,262,184
0252022.jpg,547,36,715,204,263,184
0252023.jpg,545,34,717,206,263,183
0252024.jpg,544,34,716,206,262,184
0252025.jpg,544,34,716,206,262,184
0252026.jpg,544,33,716,205,263,185
0252027.jpg,544,34,716,206,263,184
0252028.jpg,544,33,716,205,262,185
0252029.jpg,544,33,716,205,262,183
0252030.jpg,544,33,716,205,263,185
0252031.jpg,544,33,716,205,262,184
0252032.jpg,544,33,716,205,262,185
0252033.jpg,544,33,716,205,263,185
0252034.jpg,544,33,716,205,263,185
0252035.jpg,544,33,716,205,262,183
0252036.jpg,538,25,718,205,261,184
0252037.jpg,538,25,718,205,261,183
0252038.jpg,538,25,718,205,260,184
0252039.jpg,539,25,719,205,259,183
0252040.jpg,539,25,719,205,259,184
0252041.jpg,539,25,719,205,260,184
0252042.jpg,539,25,719,205,258,184
0252043.jpg,539,25,719,205,258,182
0252044.jpg,539,25,719,205,257,183
0252045.jpg,539,25,719,205,258,184
0252046.jpg,539,25,719,205,257,185
0252047.jpg,539,25,719,205,257,185
0252048.jpg,539,25,719,205,256,186
0252049.jpg,539,25,719,205,255,185
0252050.jpg,543,31,719,207,252,185
0252051.jpg,546,33,718,205,251,185
0252052.jpg,547,33,719,205,250,185
0252053.jpg,547,33,719,205,249,188
0252054.jpg,545,31,721,207,493,252
0252055.jpg,542,24,724,206,562,387
0252056.jpg,541,24,723,206,624,448
0252057.jpg,541,24,723,206,634,425
0252058.jpg,542,25,722,205,626,427
0252059.jpg,542,25,722,205,626,427
0252060.jpg,545,27,721,203,626,426
0252061.jpg,547,30,723,206,626,426
0252062.jpg,547,30,723,206,626,427
0252063.jpg,547,30,723,206,626,426
0252064.jpg,548,30,724,206,626,427
0252065.jpg,548,30,724,206,625,427
0252066.jpg,548,30,724,206,624,426
0252067.jpg,548,30,724,206,624,427
0252068.jpg,549,30,725,206,626,427
0252069.jpg,548,28,728,208,626,426
0252070.jpg,548,28,728,208,625,426
0252071.jpg,547,27,729,209,625,427
0252072.jpg,547,27,729,209,624,426
0252073.jpg,546,25,732,211,624,427
0252074.jpg,545,22,735,212,625,427
0252075.jpg,546,22,736,212,624,426
0252076.jpg,547,22,737,212,626,427
0252077.jpg,548,21,738,211,625,426
0252078.jpg,546,19,740,213,626,426
0252079.jpg,547,19,741,213,624,427
0252080.jpg,548,19,742,213,625,426
0252081.jpg,547,17,745,215,626,427
0252082.jpg,548,17,746,215,626,426
0252083.jpg,549,17,747,215,625,427
0252084.jpg,550,17,748,215,625,426
0252085.jpg,551,17,749,215,625,426
0252086.jpg,551,17,749,215,625,426
0252087.jpg,551,17,749,215,624,427
0252088.jpg,551,17,749,215,624,427
0252089.jpg,552,17,750,215,625,426
0252090.jpg,552,17,750,215,623,427
0252091.jpg,552,17,750,215,623,426
0252092.jpg,552,17,750,215,624,426
0252093.jpg,552,17,750,215,624,427
0252094.jpg,552,17,750,215,624,426
0252095.jpg,552,17,750,215,624,426
0252096.jpg,552,16,752,216,624,427
0252097.jpg,552,16,752,216,624,426
0252098.jpg,552,16,752,216,624,426
0252099.jpg,552,16,752,216,623,427
0252100.jpg,552,16,752,216,623,426
0252101.jpg,552,16,752,216,624,426
0252102.jpg,553,16,753,216,623,427
0252103.jpg,553,16,753,216,624,427
0252104.jpg,553,16,753,216,623,426
0252105.jpg,553,16,753,216,622,427
0252106.jpg,553,16,753,216,623,426
0252107.jpg,553,16,753,216,623,427
0252108.jpg,554,16,754,216,622,426
0252109.jpg,554,16,754,216,623,427
0252110.jpg,554,17,754,217,623,426
0252111.jpg,554,17,754,217,623,426
0252112.jpg,554,17,754,217,624,425
0252113.jpg,554,17,754,217,624,425
0252114.jpg,554,17,754,217,714,469
0252115.jpg,554,17,754,217,711,471
0252116.jpg,555,18,753,216,711,471
0252117.jpg,555,18,753,216,713,470
0252118.jpg,556,18,754,216,712,470
0252119.jpg,556,18,754,216,711,469
0252120.jpg,555,17,755,217,712,469
0252121.jpg,555,17,755,217,712,469
0252122.jpg,555,17,755,217,712,470
0252123.jpg,555,18,755,218,712,469
0252124.jpg,555,18,755,218,712,469
0252125.jpg,555,18,755,218,711,469
0252126.jpg,556,18,756,218,711,469
0252127.jpg,556,18,756,218,711,469
0252128.jpg,556,18,756,218,711,469
0252129.jpg,556,18,756,218,711,469
0252130.jpg,556,18,756,218,711,469
0252131.jpg,556,18,756,218,710,469
0252132.jpg,556,18,756,218,711,469
0252133.jpg,556,18,756,218,711,469
0252134.jpg,556,18,756,218,711,469
0252135.jpg,557,18,757,218,710,469
0252136.jpg,557,18,757,218,709,469
0252137.jpg,557,18,757,218,710,470
0252138.jpg,557,18,757,218,709,470
0252139.jpg,557,18,757,218,709,470
0252140.jpg,558,18,758,218,709,469
0252141.jpg,558,18,758,218,710,470
0252142.jpg,558,18,758,218,710,469
0252143.jpg,558,18,758,218,710,470
0252144.jpg,558,18,758,218,710,471
0252145.jpg,558,18,758,218,708,469
0252146.jpg,559,18,759,218,709,470
0252147.jpg,559,18,759,218,709,470
0252148.jpg,559,18,759,218,709,470
0252149.jpg,559,18,759,218,710,469
0252150.jpg,560,18,760,218,709,470
0252151.jpg,560,18,760,218,709,470
0252152.jpg,560,18,760,218,709,470
0252153.jpg,562,19,760,217,709,469
0252154.jpg,562,19,760,217,710,471
0252155.jpg,562,19,760,217,710,469
0252156.jpg,562,19,760,217,710,470
0252157.jpg,562,19,760,217,709,470
0252158.jpg,562,19,760,217,709,471
0252159.jpg,562,19,760,217,709,470
0252160.jpg,562,19,760,217,709,471
0252161.jpg,562,19,760,217,710,470
0252162.jpg,562,19,760,217,709,470
0252163.jpg,561,18,761,218,710,469
0252164.jpg,561,18,761,218,711,469
0252165.jpg,561,18,761,218,711,469
0252166.jpg,561,18,761,218,710,470
0252167.jpg,561,18,761,218,711,470
0252168.jpg,561,18,761,218,711,471
0252169.jpg,560,18,760,218,711,469
0252170.jpg,560,18,760,218,709,469
0252171.jpg,560,18,760,218,709,470
0252172.jpg,560,18,760,218,710,471
0252173.jpg,560,18,760,218,709,470
0252174.jpg,560,18,760,218,709,471
0252175.jpg,560,19,760,219,709,471
0252176.jpg,560,19,760,219,709,470
0252177.jpg,560,19,760,219,710,471
0252178.jpg,560,19,760,219,710,471
0252179.jpg,560,19,760,219,709,470
0252180.jpg,558,17,762,221,709,471
0252181.jpg,558,17,762,221,710,471
0252182.jpg,558,17,762,221,709,470
0252183.jpg,558,17,762,221,708,471
0252184.jpg,558,17,762,221,709,471
0252185.jpg,558,17,762,221,708,471
0252186.jpg,558,17,762,221,709,470
0252187.jpg,558,17,762,221,708,471
0252188.jpg,559,17,763,221,708,470
0252189.jpg,559,17,763,221,709,470
0252190.jpg,559,17,763,221,707,470
0252191.jpg,559,17,763,221,709,471
0252192.jpg,559,16,763,220,708,470
0252193.jpg,561,18,761,218,707,471
0252194.jpg,561,18,761,218,708,471
0252195.jpg,561,18,761,218,707,472
0252196.jpg,561,18,761,218,708,473
0252197.jpg,561,18,761,218,708,473
0252198.jpg,561,18,761,218,708,473
0252199.jpg,561,18,761,218,709,473
0252200.jpg,561,18,761,218,710,471
0252201.jpg,561,18,761,218,708,470
0252202.jpg,561,18,761,218,708,471
0252203.jpg,561,18,761,218,708,471
0252204.jpg,559,16,763,220,708,471
0252205.jpg,559,16,763,220,708,471
0252206.jpg,559,16,763,220,708,471
0252207.jpg,559,16,763,220,707,471
0252208.jpg,559,16,763,220,707,471
0252209.jpg,559,16,763,220,707,471
0252210.jpg,559,16,763,220,706,471
0252211.jpg,559,16,763,220,707,472
0252212.jpg,559,16,763,220,707,471
0252213.jpg,559,16,763,220,707,471
0252214.jpg,559,16,763,220,707,471
0252215.jpg,559,16,763,220,707,471
0252216.jpg,561,18,761,218,707,471
0252217.jpg,561,18,761,218,709,471
0252218.jpg,560,18,760,218,707,471
0252219.jpg,560,18,760,218,707,471
0252220.jpg,560,18,760,218,708,471
0252221.jpg,560,18,760,218,708,471
0252222.jpg,560,18,760,218,707,471
0252223.jpg,560,18,760,218,707,471
0252224.jpg,560,18,760,218,707,471
0252225.jpg,560,18,760,218,708,471
0252226.jpg,560,18,760,218,706,472
0252227.jpg,560,18,760,218,707,471
0252228.jpg,561,19,759,217,707,472
0252229.jpg,561,19,759,217,707,471
0252230.jpg,561,19,759,217,707,472
0252231.jpg,561,19,759,217,707,471
0252232.jpg,561,19,759,217,707,471
0252233.jpg,561,19,759,217,707,471
0252234.jpg,562,19,760,217,708,471
0252235.jpg,562,20,760,218,707,472
0252236.jpg,561,19,761,219,707,471
0252237.jpg,561,19,761,219,707,472
0252238.jpg,561,19,761,219,707,471
0252239.jpg,561,19,761,219,708,472
0252240.jpg,560,19,760,219,706,472
0252241.jpg,560,19,760,219,708,471
0252242.jpg,560,19,760,219,707,472
0252243.jpg,560,19,760,219,707,472
0252244.jpg,560,19,760,219,707,471
0252245.jpg,560,19,760,219,707,471
0252246.jpg,560,19,760,219,708,472
0252247.jpg,560,19,760,219,706,472
0252248.jpg,560,19,760,219,706,473
0252249.jpg,558,17,762,221,707,472
0252250.jpg,557,17,761,221,706,472
0252251.jpg,557,17,761,221,706,473
0252252.jpg,557,17,761,221,707,472
0252253.jpg,556,17,760,221,706,472
0252254.jpg,556,17,760,221,706,472
0252255.jpg,558,19,758,219,707,473
0252256.jpg,558,19,758,219,706,472
0252257.jpg,558,19,758,219,707,472
0252258.jpg,558,19,758,219,707,472
0252259.jpg,558,19,758,219,706,472
0252260.jpg,558,19,758,219,705,473
0252261.jpg,556,17,760,221,706,472
0252262.jpg,556,17,760,221,706,472
0252263.jpg,556,17,760,221,705,472
0252264.jpg,556,18,760,222,705,473
0252265.jpg,553,16,761,224,706,472
0252266.jpg,554,16,762,224,705,472
0252267.jpg,554,16,762,224,705,472
0252268.jpg,556,18,760,222,705,473
0252269.jpg,556,17,760,221,705,473
0252270.jpg,556,17,760,221,706,472
0252271.jpg,556,17,760,221,705,472
0252272.jpg,554,15,762,223,705,472
0252273.jpg,554,15,762,223,705,473
0252274.jpg,554,16,762,224,706,473
0252275.jpg,554,16,762,224,705,472
0252276.jpg,554,17,762,225,703,473
0252277.jpg,552,15,764,227,704,473
0252278.jpg,552,15,764,227,705,472
0252279.jpg,552,15,764,227,706,472
0252280.jpg,552,15,764,227,706,472
0252281.jpg,552,15,764,227,705,472
0252282.jpg,552,15,764,227,706,473
0252283.jpg,552,15,764,227,706,473
0252284.jpg,552,15,764,227,707,472
0252285.jpg,552,15,764,227,707,471
0252286.jpg,554,16,762,224,708,472
0252287.jpg,554,16,762,224,707,471
0252288.jpg,556,17,760,221,708,472
0252289.jpg,556,17,760,221,707,471
0252290.jpg,556,17,760,221,707,471
0252291.jpg,556,17,760,221,708,472
0252292.jpg,556,17,760,221,707,472
0252293.jpg,556,17,760,221,706,472
0252294.jpg,556,17,760,221,705,472
0252295.jpg,556,17,760,221,705,472
0252296.jpg,556,17,760,221,704,471
0252297.jpg,556,17,760,221,705,472
0252298.jpg,558,19,758,219,704,471
0252299.jpg,558,19,758,219,704,472
0252300.jpg,558,19,758,219,704,473
0252301.jpg,558,19,758,219,704,473
0252302.jpg,558,19,758,219,704,473
0252303.jpg,558,19,758,219,705,473
0252304.jpg,559,19,759,219,704,473
0252305.jpg,559,19,759,219,706,472
0252306.jpg,557,17,761,221,705,472
0252307.jpg,556,17,760,221,705,472
0252308.jpg,556,17,760,221,706,472
0252309.jpg,556,17,760,221,706,472
0252310.jpg,557,17,761,221,704,472
0252311.jpg,557,17,761,221,705,472
0252312.jpg,557,17,761,221,704,472
0252313.jpg,557,17,761,221,704,472
0252314.jpg,557,17,761,221,705,472
0252315.jpg,559,19,759,219,705,473
0252316.jpg,559,19,759,219,704,473
0252317.jpg,558,19,758,219,705,473
0252318.jpg,558,19,758,219,705,472
0252319.jpg,558,19,758,219,704,472
0252320.jpg,556,17,760,221,704,472
0252321.jpg,556,17,760,221,703,473
0252322.jpg,556,17,760,221,705,472
0252323.jpg,556,17,760,221,704,472
0252324.jpg,558,19,758,219,705,472
0252325.jpg,558,19,758,219,705,473
0252326.jpg,558,19,758,219,704,472
0252327.jpg,558,19,758,219,703,472
0252328.jpg,558,19,758,219,704,472
0252329.jpg,558,19,758,219,705,472
0252330.jpg,558,19,758,219,706,473
0252331.jpg,558,19,758,219,706,473
0252332.jpg,558,19,758,219,705,473
0252333.jpg,558,19,758,219,707,472
0252334.jpg,558,19,758,219,705,473
0252335.jpg,558,19,758,219,706,472
0252336.jpg,558,18,758,218,705,473
0252337.jpg,558,18,758,218,706,473
0252338.jpg,558,18,758,218,706,472
0252339.jpg,558,18,758,218,705,473
0252340.jpg,558,18,758,218,705,473
0252341.jpg,558,18,758,218,705,472
0252342.jpg,558,18,758,218,706,473
0252343.jpg,558,18,758,218,706,472
0252344.jpg,558,18,758,218,704,473
0252345.jpg,558,18,758,218,705,473
0252346.jpg,558,18,758,218,704,472
0252347.jpg,558,18,758,218,704,473
0252348.jpg,558,18,758,218,704,472
0252349.jpg,558,18,758,218,704,473
0252350.jpg,558,18,758,218,704,473
0252351.jpg,558,18,758,218,704,472
0252352.jpg,558,18,758,218,702,473
0252353.jpg,558,18,758,218,702,472
0252354.jpg,559,18,759,218,703,473
0252355.jpg,559,18,759,218,703,472
0252356.jpg,559,18,759,218,702,473
0252357.jpg,559,18,759,218,703,472
0252358.jpg,559,18,759,218,702,473
0252359.jpg,559,19,759,219,702,472
0252360.jpg,559,19,759,219,703,472
0252361.jpg,559,19,759,219,702,472
0252362.jpg,559,19,759,219,704,473
0252363.jpg,559,19,759,219,704,472
0252364.jpg,559,19,759,219,703,473
0252365.jpg,559,19,759,219,703,473
0252366.jpg,559,19,759,219,703,472
0252367.jpg,559,19,759,219,704,473
0252368.jpg,559,19,759,219,703,473
0252369.jpg,559,19,759,219,703,472
0252370.jpg,559,19,759,219,704,473
0252371.jpg,559,19,759,219,705,473
0252372.jpg,559,19,759,219,705,473
0252373.jpg,559,19,759,219,704,472
0252374.jpg,559,19,759,219,705,473
0252375.jpg,559,19,759,219,705,473
0252376.jpg,559,19,759,219,705,472
0252377.jpg,559,19,759,219,705,473
0252378.jpg,559,19,759,219,705,474
0252379.jpg,559,19,759,219,705,472
0252380.jpg,559,19,759,219,705,473
0252381.jpg,557,17,761,221,705,472
0252382.jpg,557,17,761,221,705,472
0252383.jpg,557,17,761,221,705,473
0252384.jpg,557,17,761,221,704,473
0252385.jpg,557,17,761,221,705,472
0252386.jpg,557,17,761,221,705,472
0252387.jpg,557,16,761,220,704,473
0252388.jpg,559,18,759,218,705,473
0252389.jpg,559,18,759,218,706,472
0252390.jpg,559,18,759,218,707,474
0252391.jpg,559,18,759,218,706,473
0252392.jpg,559,18,759,218,706,474
0252393.jpg,558,18,758,218,707,473
0252394.jpg,558,18,758,218,706,473
0252395.jpg,558,18,758,218,707,474
0252396.jpg,559,18,757,216,706,473
0252397.jpg,559,18,757,216,706,474
0252398.jpg,559,18,757,216,706,473
0252399.jpg,559,18,757,216,706,474
0252400.jpg,559,18,757,216,706,473
0252401.jpg,559,18,757,216,706,473
0252402.jpg,559,18,757,216,706,472
0252403.jpg,559,18,757,216,706,472
0252404.jpg,560,18,758,216,706,472
0252405.jpg,560,18,758,216,704,474
0252406.jpg,560,18,758,216,702,472
0252407.jpg,560,18,758,216,703,474
0252408.jpg,561,18,759,216,704,474
0252409.jpg,561,18,759,216,704,473
0252410.jpg,561,18,759,216,705,474
0252411.jpg,561,18,759,216,704,473
0252412.jpg,561,18,759,216,705,474
0252413.jpg,561,18,759,216,704,473
0252414.jpg,561,18,759,216,703,474
0252415.jpg,561,18,759,216,703,473
0252416.jpg,561,18,759,216,703,474
0252417.jpg,563,20,757,214,703,474
0252418.jpg,563,20,757,214,703,473
0252419.jpg,563,20,757,214,704,474
0252420.jpg,561,19,759,217,704,474
0252421.jpg,561,19,759,217,704,473
0252422.jpg,560,19,758,217,704,474
0252423.jpg,560,19,758,217,705,473
0252424.jpg,560,19,758,217,705,474
0252425.jpg,560,19,758,217,704,473
0252426.jpg,560,19,758,217,704,474
0252427.jpg,560,19,758,217,704,474
0252428.jpg,560,19,758,217,704,474
0252429.jpg,560,19,758,217,704,473
0252430.jpg,560,19,758,217,705,474
0252431.jpg,560,19,758,217,704,474
0252432.jpg,560,19,758,217,703,474
0252433.jpg,560,19,758,217,704,473
0252434.jpg,560,19,758,217,705,474
0252435.jpg,560,19,758,217,704,474
0252436.jpg,559,18,759,218,703,473
0252437.jpg,559,18,759,218,704,474
0252438.jpg,559,18,759,218,704,473
0252439.jpg,559,18,759,218,703,474
0252440.jpg,559,18,759,218,703,474
0252441.jpg,559,18,759,218,703,474
0252442.jpg,559,18,759,218,704,475
0252443.jpg,559,18,759,218,703,475
0252444.jpg,559,18,759,218,703,474
0252445.jpg,559,18,759,218,702,474
0252446.jpg,559,18,759,218,702,474
0252447.jpg,559,18,759,218,703,473
0253000.jpg,859,-24,969,86,265,169
0253001.jpg,859,-24,969,86,257,171
0253002.jpg,859,-24,969,86,258,171
0253003.jpg,859,-24,969,86,258,171
0253004.jpg,859,-24,969,86,257,170
0253005.jpg,859,-24,969,86,257,169
0253006.jpg,859,-24,969,86,259,170
0253007.jpg,859,-24,969,86,258,168
0253008.jpg,859,-24,969,86,259,167
0253009.jpg,859,-24,969,86,260,167
0253010.jpg,859,-24,969,86,261,169
0253011.jpg,859,-24,969,86,260,170
0253012.jpg,859,-24,969,86,260,170
0253013.jpg,859,-24,969,86,261,170
0253014.jpg,859,-24,969,86,260,169
0253015.jpg,859,-24,969,86,262,169
0253016.jpg,859,-24,969,86,261,169
0253017.jpg,859,-24,969,86,262,169
0253018.jpg,859,-24,969,86,262,169
0253019.jpg,859,-24,969,86,262,170
0253020.jpg,859,-24,969,86,262,169
0253021.jpg,859,-24,969,86,261,167
0253022.jpg,859,-24,969,86,261,167
0253023.jpg,859,-24,969,86,261,167
0253024.jpg,859,-24,969,86,261,167
0253025.jpg,859,-24,969,86,262,167
0253026.jpg,859,-24,969,86,262,167
0253027.jpg,859,-24,969,86,261,169
0253028.jpg,859,-24,969,86,262,169
0253029.jpg,859,-24,969,86,262,169
0253030.jpg,859,-24,969,86,261,169
0253031.jpg,859,-24,969,86,262,169
0253032.jpg,860,-24,970,86,262,169
0253033.jpg,860,-24,970,86,262,169
0253034.jpg,860,-24,970,86,261,169
0253035.jpg,860,-24,970,86,260,169
0253036.jpg,860,-24,970,86,261,169
0253037.jpg,860,-24,970,86,259,170
0253038.jpg,860,-24,970,86,260,170
0253039.jpg,860,-24,970,86,259,169
0253040.jpg,860,-24,970,86,258,170
0253041.jpg,860,-24,970,86,258,170
0253042.jpg,860,-24,970,86,258,170
0253043.jpg,860,-24,970,86,258,171
0253044.jpg,860,-24,970,86,257,171
0253045.jpg,860,-24,970,86,256,173
0253046.jpg,860,-24,970,86,255,172
0253047.jpg,860,-24,970,86,254,172
0253048.jpg,860,-24,970,86,254,172
0253049.jpg,860,-24,970,86,252,171
0253050.jpg,860,-24,970,86,251,172
0253051.jpg,860,-24,970,86,250,173
0253052.jpg,860,-24,970,86,248,174
0253053.jpg,860,-24,970,86,247,176
0253054.jpg,860,-24,970,86,247,177
0253055.jpg,860,-24,970,86,248,177
0253056.jpg,860,-24,970,86,247,177
0253057.jpg,860,-24,970,86,246,177
0253058.jpg,860,-24,970,86,247,179
0253059.jpg,860,-24,970,86,246,177
0253060.jpg,859,-24,969,86,246,177
0253061.jpg,859,-24,969,86,244,176
0253062.jpg,860,-23,968,85,244,177
0253063.jpg,860,-23,968,85,244,179
0253064.jpg,860,-23,968,85,241,177
0253065.jpg,860,-23,968,85,241,177
0253066.jpg,860,-23,968,85,241,179
0253067.jpg,860,-23,968,85,241,178
0253068.jpg,860,-23,968,85,240,178
0253069.jpg,860,-23,968,85,239,178
0253070.jpg,860,-23,968,85,237,175
0253071.jpg,860,-23,968,85,236,174
0253072.jpg,860,-23,970,87,234,174
0253073.jpg,860,-23,970,87,234,173
0253074.jpg,860,-23,970,87,231,172
0253075.jpg,860,-23,970,87,229,171
0253076.jpg,860,-23,970,87,229,172
0253077.jpg,860,-23,970,87,228,172
0253078.jpg,860,-23,970,87,228,171
0253079.jpg,861,-23,971,87,227,170
0253080.jpg,861,-23,971,87,228,169
0253081.jpg,858,-25,972,89,227,169
0253082.jpg,858,-25,972,89,227,169
0253083.jpg,858,-25,972,89,227,168
0253084.jpg,860,-23,970,87,227,169
0253085.jpg,861,-22,969,86,226,169
0253086.jpg,861,-22,969,86,227,168
0253087.jpg,861,-22,969,86,226,168
0253088.jpg,860,-23,970,87,226,170
0253089.jpg,860,-23,970,87,227,170
0253090.jpg,859,-23,969,87,227,169
0253091.jpg,859,-23,969,87,227,168
0253092.jpg,859,-23,969,87,227,169
0253093.jpg,859,-23,969,87,230,171
0253094.jpg,859,-23,969,87,230,172
0253095.jpg,859,-23,969,87,230,173
0253096.jpg,858,-26,972,88,229,171
0253097.jpg,858,-26,972,88,231,170
0253098.jpg,859,-26,973,88,230,171
0253099.jpg,859,-26,973,88,231,172
0253100.jpg,859,-26,973,88,231,172
0253101.jpg,859,-26,973,88,231,172
0253102.jpg,859,-26,973,88,232,172
0253103.jpg,859,-26,973,88,231,172
0253104.jpg,859,-26,973,88,230,171
0253105.jpg,859,-26,973,88,231,171
0253106.jpg,859,-26,973,88,231,171
0253107.jpg,859,-26,973,88,231,171
0253108.jpg,860,-24,970,86,233,172
0253109.jpg,860,-24,970,86,233,172
0253110.jpg,860,-24,970,86,233,172
0253111.jpg,860,-24,970,86,234,172
0253112.jpg,860,-24,970,86,233,171
0253113.jpg,860,-24,970,86,234,172
0253114.jpg,860,-24,970,86,233,171
0253115.jpg,860,-24,970,86,232,172
0253116.jpg,860,-24,970,86,233,171
0253117.jpg,860,-24,970,86,234,171
0253118.jpg,860,-24,970,86,233,171
0253119.jpg,860,-24,970,86,234,172
0253120.jpg,860,-24,970,86,234,172
0253121.jpg,860,-24,970,86,234,173
0253122.jpg,860,-24,970,86,234,174
0253123.jpg,860,-24,970,86,233,174
0253124.jpg,860,-24,970,86,233,173
0253125.jpg,860,-24,970,86,234,174
0253126.jpg,860,-24,970,86,233,174
0253127.jpg,860,-24,970,86,232,172
0253128.jpg,860,-24,970,86,231,173
0253129.jpg,860,-24,970,86,231,174
0253130.jpg,860,-24,970,86,232,173
0253131.jpg,860,-24,970,86,232,174
0253132.jpg,858,-26,972,88,231,174
0253133.jpg,859,-26,973,88,232,176
0253134.jpg,859,-26,973,88,230,176
0253135.jpg,859,-26,973,88,229,174
0253136.jpg,859,-26,973,88,230,176
0253137.jpg,859,-26,973,88,229,176
0253138.jpg,859,-26,973,88,230,175
0253139.jpg,859,-26,973,88,232,177
0253140.jpg,859,-26,973,88,233,178
0253141.jpg,857,-28,975,90,233,177
0253142.jpg,857,-28,975,90,232,178
0253143.jpg,857,-28,975,90,233,176
0253144.jpg,860,-24,970,86,233,178
0253145.jpg,860,-24,970,86,234,176
0253146.jpg,860,-24,970,86,234,176
0253147.jpg,860,-24,970,86,234,177
0253148.jpg,860,-24,970,86,236,176
0253149.jpg,860,-24,970,86,236,177
0253150.jpg,859,-24,969,86,236,176
0253151.jpg,859,-24,969,86,236,175
0253152.jpg,859,-24,969,86,237,174
0253153.jpg,859,-24,969,86,238,175
0253154.jpg,859,-24,969,86,239,174
0253155.jpg,859,-24,969,86,240,174
0253156.jpg,860,-24,970,86,240,174
0253157.jpg,860,-24,970,86,240,174
0253158.jpg,860,-24,970,86,240,174
0253159.jpg,860,-24,970,86,241,174
0253160.jpg,860,-24,970,86,240,173
0253161.jpg,860,-24,970,86,241,173
0253162.jpg,860,-24,970,86,241,174
0253163.jpg,860,-24,970,86,240,173
0253164.jpg,860,-24,970,86,241,173
0253165.jpg,860,-24,970,86,240,173
0253166.jpg,860,-24,970,86,240,173
0253167.jpg,860,-24,970,86,238,173
0253168.jpg,861,-24,971,86,239,174
0253169.jpg,861,-24,971,86,238,172
0253170.jpg,861,-24,971,86,237,174
0253171.jpg,860,-24,970,86,238,173
0253172.jpg,860,-24,970,86,238,175
0253173.jpg,860,-24,970,86,240,175
0253174.jpg,860,-24,970,86,240,176
0253175.jpg,860,-24,970,86,241,178
0253176.jpg,860,-24,970,86,240,180
0253177.jpg,860,-24,970,86,241,181
0253178.jpg,860,-24,970,86,240,184
0253179.jpg,860,-24,970,86,242,186
0253180.jpg,860,-24,970,86,241,187
0253181.jpg,860,-24,970,86,243,189
0253182.jpg,860,-24,970,86,243,188
0253183.jpg,860,-24,970,86,243,187
0253184.jpg,860,-24,970,86,244,187
0253185.jpg,860,-24,970,86,243,186
0253186.jpg,860,-24,970,86,243,183
0253187.jpg,860,-24,970,86,244,181
0253188.jpg,860,-24,970,86,243,177
0253189.jpg,860,-24,970,86,244,176
0253190.jpg,860,-24,970,86,243,172
0253191.jpg,861,-24,971,86,245,169
0253192.jpg,860,-26,974,88,245,166
0253193.jpg,860,-26,974,88,245,164
0253194.jpg,860,-26,974,88,247,162
0253195.jpg,859,-26,973,88,249,160
0253196.jpg,859,-26,973,88,251,161
0253197.jpg,859,-26,973,88,254,164
0253198.jpg,859,-26,973,88,258,169
0253199.jpg,859,-26,973,88,260,173
0253200.jpg,859,-26,973,88,260,175
0253201.jpg,859,-26,973,88,262,177
0253202.jpg,859,-26,973,88,263,179
0253203.jpg,859,-26,973,88,264,179
0253204.jpg,860,-26,974,88,263,179
0253205.jpg,860,-26,974,88,264,176
0253206.jpg,860,-26,974,88,264,174
0253207.jpg,860,-26,974,88,264,171
0253208.jpg,860,-26,974,88,265,169
0253209.jpg,860,-26,974,88,264,168
0253210.jpg,860,-26,974,88,264,168
0253211.jpg,860,-26,974,88,263,166
0253212.jpg,860,-26,974,88,261,166
0253213.jpg,860,-26,974,88,260,167
0253214.jpg,860,-26,974,88,258,168
0253215.jpg,860,-26,974,88,255,167
0253216.jpg,857,-26,971,88,252,165
0253217.jpg,857,-26,971,88,249,166
0253218.jpg,857,-26,971,88,247,166
0253219.jpg,857,-26,971,88,247,166
0253220.jpg,857,-26,971,88,245,166
0253221.jpg,857,-26,971,88,244,165
0253222.jpg,857,-26,971,88,242,166
0253223.jpg,857,-26,971,88,241,165
0253224.jpg,857,-26,971,88,239,164
0253225.jpg,859,-24,969,86,238,163
0253226.jpg,859,-24,969,86,237,162
0253227.jpg,859,-24,969,86,236,161
0253228.jpg,860,-24,970,86,235,162
0253229.jpg,860,-24,970,86,235,162
0253230.jpg,860,-24,970,86,234,161
0253231.jpg,860,-24,970,86,233,163
0253232.jpg,860,-24,970,86,232,163
0253233.jpg,860,-24,970,86,231,163
0253234.jpg,860,-24,970,86,230,165
0253235.jpg,860,-24,970,86,232,166
0253236.jpg,860,-24,970,86,232,168
0253237.jpg,860,-24,970,86,231,168
0253238.jpg,860,-24,970,86,233,168
0253239.jpg,860,-24,970,86,232,167
0253240.jpg,859,-24,969,86,232,167
0253241.jpg,859,-24,969,86,234,168
0253242.jpg,859,-24,969,86,235,167
0253243.jpg,859,-24,969,86,234,168
0253244.jpg,859,-24,969,86,236,168
0253245.jpg,859,-24,969,86,235,169
0253246.jpg,859,-24,969,86,237,170
0253247.jpg,859,-24,969,86,236,171
0253248.jpg,859,-24,969,86,236,169
0253249.jpg,859,-24,969,86,237,168
0253250.jpg,859,-24,969,86,235,167
0253251.jpg,859,-24,969,86,236,167
0253252.jpg,860,-24,970,86,237,167
0253253.jpg,860,-24,970,86,235,167
0253254.jpg,860,-24,970,86,235,168
0253255.jpg,860,-24,970,86,234,166
0253256.jpg,860,-24,970,86,233,168
0253257.jpg,860,-24,970,86,234,167
0253258.jpg,860,-24,970,86,233,169
0253259.jpg,860,-24,970,86,233,169
0253260.jpg,860,-24,970,86,234,170
0253261.jpg,860,-24,970,86,233,169
0253262.jpg,860,-24,970,86,234,172
0253263.jpg,860,-24,970,86,234,172
0253264.jpg,860,-24,970,86,233,171
0253265.jpg,860,-24,970,86,232,172
0253266.jpg,860,-24,970,86,232,172
0253267.jpg,860,-24,970,86,232,174
0253268.jpg,860,-24,970,86,231,174
0253269.jpg,860,-24,970,86,231,174
0253270.jpg,858,-26,972,88,232,174
0253271.jpg,858,-26,972,88,231,174
0253272.jpg,858,-26,972,88,232,174
0253273.jpg,858,-26,972,88,233,174
0253274.jpg,858,-26,972,88,232,173
0253275.jpg,858,-26,972,88,232,174
0253276.jpg,859,-23,967,85,232,174
0253277.jpg,859,-23,967,85,230,173
0253278.jpg,859,-23,967,85,230,173
0253279.jpg,860,-23,968,85,230,174
0253280.jpg,859,-24,969,86,230,176
0253281.jpg,860,-24,970,86,230,174
0253282.jpg,860,-24,970,86,229,175
0253283.jpg,860,-24,970,86,231,175
0253284.jpg,861,-23,969,85,232,175
0253285.jpg,860,-23,968,85,231,173
0253286.jpg,860,-23,968,85,232,173
0253287.jpg,860,-23,968,85,232,175
0253288.jpg,859,-23,969,87,232,174
0253289.jpg,859,-23,969,87,231,174
0253290.jpg,859,-23,969,87,232,174
0253291.jpg,859,-23,969,87,232,174
0253292.jpg,859,-23,969,87,232,176
0253293.jpg,859,-23,969,87,232,176
0253294.jpg,860,-22,968,86,232,175
0253295.jpg,860,-22,968,86,233,176
0253296.jpg,860,-22,968,86,233,174
0253297.jpg,860,-22,968,86,233,174
0253298.jpg,860,-22,968,86,233,174
0253299.jpg,860,-22,968,86,234,175
0253300.jpg,859,-23,969,87,233,173
0253301.jpg,859,-23,969,87,232,174
0253302.jpg,859,-23,969,87,233,174
0253303.jpg,859,-23,969,87,232,174
0253304.jpg,859,-23,969,87,233,175
0253305.jpg,859,-23,969,87,232,175
0253306.jpg,859,-23,969,87,232,174
0253307.jpg,859,-23,969,87,232,173
0253308.jpg,859,-23,969,87,233,172
0253309.jpg,859,-23,969,87,234,170
0253310.jpg,859,-23,969,87,233,170
0253311.jpg,859,-23,969,87,234,171
0253312.jpg,859,-23,969,87,234,171
0253313.jpg,859,-23,969,87,233,170
0253314.jpg,859,-23,969,87,231,171
0253315.jpg,859,-23,969,87,230,170
0253316.jpg,859,-23,969,87,230,170
0253317.jpg,859,-23,969,87,228,171
0253318.jpg,859,-23,969,87,227,172
0253319.jpg,859,-23,969,87,225,174
0253320.jpg,859,-23,969,87,225,175
0253321.jpg,859,-23,969,87,226,174
0253322.jpg,859,-23,969,87,227,175
0253323.jpg,859,-23,969,87,228,175
0253324.jpg,859,-22,967,86,229,175
0253325.jpg,858,-22,966,86,232,174
0253326.jpg,858,-23,966,85,234,175
0253327.jpg,858,-23,966,85,235,177
0253328.jpg,858,-23,966,85,237,178
0253329.jpg,858,-23,966,85,238,179
0253330.jpg,859,-23,967,85,239,179
0253331.jpg,859,-24,969,86,238,179
0253332.jpg,859,-24,969,86,239,179
0253333.jpg,859,-24,969,86,238,179
0253334.jpg,859,-24,969,86,239,179
0253335.jpg,859,-24,969,86,238,178
0253336.jpg,858,-26,972,88,239,178
0253337.jpg,858,-26,972,88,238,176
0253338.jpg,858,-26,972,88,238,175
0253339.jpg,858,-26,972,88,236,176
0253340.jpg,858,-26,972,88,236,176
0253341.jpg,858,-26,972,88,234,177
0253342.jpg,858,-26,972,88,235,178
0253343.jpg,858,-26,972,88,232,178
0253344.jpg,858,-26,972,88,232,178
0253345.jpg,858,-26,972,88,231,178
0253346.jpg,858,-26,972,88,231,178
0253347.jpg,860,-24,970,86,230,178
0253348.jpg,859,-24,969,86,229,177
0253349.jpg,860,-23,968,85,229,178
0253350.jpg,860,-23,968,85,229,177
0253351.jpg,860,-23,968,85,230,176
0253352.jpg,860,-23,968,85,228,177
0253353.jpg,860,-23,968,85,229,176
0253354.jpg,860,-23,968,85,229,176
0253355.jpg,860,-23,968,85,228,177
0253356.jpg,860,-23,968,85,230,177
0253357.jpg,860,-23,968,85,229,176
0253358.jpg,860,-23,968,85,230,175
0253359.jpg,860,-23,968,85,230,173
0253360.jpg,859,-24,969,86,231,171
0253361.jpg,859,-24,969,86,229,171
0253362.jpg,859,-24,969,86,229,170
0253363.jpg,860,-24,970,86,229,168
0253364.jpg,860,-24,970,86,227,169
0253365.jpg,860,-24,970,86,227,167
0253366.jpg,860,-24,970,86,225,168
0253367.jpg,860,-24,970,86,224,167
0253368.jpg,859,-24,969,86,223,166
0253369.jpg,859,-24,969,86,204,147
0253370.jpg,859,-24,969,86,1146,111
0253371.jpg,859,-24,969,86,1152,115
0253372.jpg,860,-24,970,86,1158,114
0253373.jpg,860,-24,970,86,1202,86
0253374.jpg,860,-24,970,86,1194,87
0253375.jpg,861,-24,971,86,1193,88
0253376.jpg,861,-24,971,86,1193,89
0253377.jpg,861,-24,971,86,1194,90
0253378.jpg,861,-24,971,86,1194,89
0253379.jpg,861,-24,971,86,1194,90
0253380.jpg,861,-24,971,86,1196,90
0253381.jpg,861,-24,971,86,1195,90
0253382.jpg,860,-24,970,86,1194,89
0253383.jpg,860,-24,970,86,1195,90
0253384.jpg,860,-24,970,86,1195,90
0253385.jpg,860,-24,970,86,1197,87
0253386.jpg,860,-24,970,86,1196,88
0253387.jpg,860,-24,970,86,1197,88
0253388.jpg,858,-26,972,88,1196,88
0253389.jpg,858,-26,972,88,1195,88
0253390.jpg,858,-26,972,88,1196,87
0253391.jpg,858,-26,972,88,1197,88
0253392.jpg,858,-26,972,88,1196,88
0253393.jpg,858,-26,972,88,1196,88
0253394.jpg,858,-26,972,88,1196,88
0253395.jpg,858,-26,972,88,1196,88
0253396.jpg,860,-24,970,86,1196,88
0253397.jpg,860,-24,970,86,1197,88
0253398.jpg,860,-24,970,86,1198,88
0253399.jpg,860,-24,970,86,1196,87
0253400.jpg,860,-24,970,86,1195,87
0253401.jpg,860,-24,970,86,1195,87
0253402.jpg,860,-24,970,86,1195,87
0253403.jpg,860,-24,970,86,1196,88
0253404.jpg,860,-24,970,86,1197,87
0253405.jpg,859,-24,969,86,1157,111
0253406.jpg,859,-24,969,86,1163,112
0253407.jpg,859,-24,969,86,1162,112
0253408.jpg,860,-24,970,86,1161,112
0253409.jpg,860,-24,970,86,1162,111
0253410.jpg,860,-24,970,86,1162,112
0253411.jpg,860,-24,970,86,1104,90
0253412.jpg,860,-24,970,86,1102,92
0253413.jpg,860,-24,970,86,1103,94
0253414.jpg,860,-24,970,86,1100,94
0253415.jpg,860,-24,970,86,1102,93
0253416.jpg,860,-24,970,86,1101,93
0253417.jpg,860,-24,970,86,1102,92
0253418.jpg,860,-24,970,86,1103,92
0253419.jpg,860,-24,970,86,1104,92
0253420.jpg,860,-24,970,86,1103,92
0253421.jpg,860,-24,970,86,1104,93
0253422.jpg,860,-24,970,86,1102,94
0253423.jpg,860,-24,970,86,1105,93
0253424.jpg,860,-24,970,86,1101,111
0253425.jpg,860,-24,970,86,1095,114
0253426.jpg,860,-24,970,86,1096,114
0253427.jpg,860,-24,970,86,1096,114
0253428.jpg,860,-24,970,86,1096,113
0253429.jpg,860,-24,970,86,1098,113
0253430.jpg,860,-24,970,86,1098,113
0253431.jpg,860,-24,970,86,1098,113
0253432.jpg,859,-24,969,86,1097,112
0253433.jpg,859,-24,969,86,1098,112
0253434.jpg,859,-24,969,86,1099,111
0253435.jpg,859,-24,969,86,1101,111
0253436.jpg,858,-24,968,86,1100,110
0253437.jpg,858,-24,968,86,1101,110
0253438.jpg,858,-24,968,86,1099,111
0253439.jpg,859,-24,969,86,1100,112
0253440.jpg,859,-24,969,86,1101,113
0253441.jpg,859,-24,969,86,1101,113
0253442.jpg,859,-24,969,86,1101,111
0253443.jpg,859,-24,969,86,1102,111
0253444.jpg,859,-24,969,86,1105,111
0253445.jpg,859,-24,969,86,1103,110
0253446.jpg,859,-24,969,86,1104,109
0253447.jpg,859,-24,969,86,1104,109
