0271006.jpg,192,120,454,382,375,235
0271007.jpg,192,119,454,381,365,236
0271008.jpg,192,119,454,381,375,220
0271009.jpg,192,118,454,380,361,234
0271010.jpg,192,118,454,380,399,264
0271011.jpg,192,118,454,380,381,261
0271012.jpg,190,117,452,379,373,261
0271013.jpg,191,119,449,377,374,260
0271014.jpg,191,119,449,377,373,261
0271015.jpg,189,117,451,379,366,267
0271016.jpg,190,117,452,379,350,267
0271017.jpg,190,116,452,378,347,267
0271018.jpg,190,116,452,378,348,268
0271019.jpg,192,117,450,375,349,269
0271020.jpg,192,117,450,375,349,269
0271021.jpg,192,117,450,375,348,269
0271022.jpg,192,117,450,375,376,276
0271023.jpg,190,115,452,377,368,276
0271024.jpg,189,114,451,376,366,276
0271025.jpg,192,114,454,376,367,276
0271026.jpg,192,114,454,376,367,276
0271027.jpg,192,114,454,376,366,277
0271028.jpg,192,114,454,376,368,277
0271029.jpg,192,114,454,376,368,277
0271030.jpg,189,114,451,376,368,276
0271031.jpg,189,115,451,377,367,276
0271032.jpg,190,115,452,377,368,276
0271033.jpg,190,115,452,377,367,276
0271034.jpg,190,115,452,377,367,276
0271035.jpg,190,115,452,377,365,276
0271036.jpg,190,116,452,378,376,232
0271037.jpg,190,116,452,378,372,233
0271038.jpg,190,116,452,378,369,233
0271039.jpg,191,119,449,377,370,231
0271040.jpg,191,119,449,377,368,232
0271041.jpg,191,120,449,378,370,232
0271042.jpg,191,121,449,379,370,231
0271043.jpg,192,121,450,379,368,231
0271044.jpg,192,121,450,379,367,231
0271045.jpg,192,121,450,379,365,230
0271046.jpg,192,121,450,379,363,231
0271047.jpg,191,119,449,377,358,230
0271048.jpg,191,118,449,376,323,225
0271049.jpg,191,117,449,375,325,225
0271050.jpg,190,117,448,375,299,220
0271051.jpg,190,116,448,374,303,219
0271052.jpg,191,118,445,372,304,217
0271053.jpg,191,118,445,372,303,214
0271054.jpg,190,117,444,371,302,213
0271055.jpg,190,117,444,371,304,212
0271056.jpg,190,117,444,371,304,212
0271057.jpg,189,117,443,371,323,210
0271058.jpg,189,117,443,371,349,208
0271059.jpg,189,115,443,369,356,209
0271060.jpg,189,115,443,369,357,207
0271061.jpg,189,115,443,369,356,206
0271062.jpg,188,115,442,369,359,211
0271063.jpg,187,115,441,369,345,211
0271064.jpg,184,115,438,369,344,210
0271065.jpg,183,116,437,370,342,209
0271066.jpg,182,116,436,370,344,210
0271067.jpg,178,114,436,372,344,208
0271068.jpg,178,114,436,372,364,204
0271069.jpg,178,114,436,372,355,205
0271070.jpg,178,114,436,372,353,206
0271071.jpg,182,114,440,372,388,209
0271072.jpg,182,116,440,374,378,206
0271073.jpg,185,116,443,374,368,205
0271074.jpg,188,124,446,382,367,206
0271075.jpg,188,127,446,385,367,207
0271076.jpg,197,130,455,388,367,207
0271077.jpg,199,138,453,392,369,210
0271078.jpg,203,149,451,397,370,209
0271079.jpg,203,150,451,398,370,209
0271080.jpg,199,150,447,398,370,212
0271081.jpg,196,148,448,400,338,224
0271082.jpg,196,148,448,400,303,214
0271083.jpg,196,148,448,400,306,218
0271084.jpg,197,148,449,400,303,220
0271085.jpg,197,148,449,400,302,221
0271086.jpg,197,149,449,401,301,223
0271087.jpg,201,149,453,401,301,225
0271088.jpg,203,151,451,399,301,225
0271089.jpg,201,149,453,401,301,225
0271090.jpg,202,149,454,401,303,225
0271091.jpg,204,152,452,400,289,219
0271092.jpg,205,152,453,400,300,226
0271093.jpg,203,150,455,402,300,226
0271094.jpg,203,150,455,402,299,228
0271095.jpg,205,150,457,402,300,228
0271096.jpg,205,150,457,402,300,227
0271097.jpg,205,150,457,402,301,228
0271098.jpg,205,150,457,402,301,228
0271099.jpg,206,150,458,402,301,227
0271100.jpg,206,151,458,403,300,227
0271101.jpg,207,151,459,403,300,225
0271102.jpg,209,159,457,407,300,225
0271103.jpg,209,159,457,407,300,225
0271104.jpg,209,159,457,407,302,225
0271105.jpg,208,159,456,407,301,225
0271106.jpg,207,159,455,407,302,225
0271107.jpg,207,159,455,407,301,225
0271108.jpg,206,159,454,407,301,225
0271109.jpg,205,159,453,407,300,226
0271110.jpg,205,159,453,407,300,224
0271111.jpg,205,158,453,406,302,224
0271112.jpg,201,156,453,408,300,224
0271113.jpg,198,156,450,408,301,223
0271114.jpg,192,153,450,411,300,222
0271115.jpg,189,149,451,411,302,223
0271116.jpg,170,136,454,420,301,222
0271117.jpg,167,134,455,422,302,221
0271118.jpg,166,133,456,423,300,222
0271119.jpg,164,131,458,425,299,223
0271120.jpg,161,130,459,428,300,222
0271121.jpg,160,130,462,432,298,222
0271122.jpg,158,129,464,435,298,224
0271123.jpg,163,129,469,435,299,224
0271124.jpg,169,132,475,438,298,226
0271125.jpg,177,138,471,432,297,226
0271126.jpg,177,138,471,432,298,227
0271127.jpg,182,144,466,428,299,227
0271128.jpg,188,146,468,426,300,226
0271129.jpg,193,149,465,421,300,226
0271130.jpg,212,161,460,409,298,226
0271131.jpg,214,160,462,408,297,228
0271132.jpg,215,160,463,408,299,227
0271133.jpg,216,160,464,408,300,228
0271134.jpg,217,158,469,410,299,228
0271135.jpg,218,158,470,410,298,227
0271136.jpg,220,160,468,408,296,227
0271137.jpg,221,160,469,408,295,226
0271138.jpg,222,160,470,408,296,226
0271139.jpg,222,160,470,408,295,225
0271140.jpg,222,158,474,410,293,225
0271141.jpg,222,158,474,410,292,226
0271142.jpg,222,158,474,410,295,226
0271143.jpg,222,158,474,410,296,225
0271144.jpg,222,157,474,409,295,226
0271145.jpg,222,157,474,409,295,225
0271146.jpg,222,157,474,409,295,225
0271147.jpg,222,157,474,409,294,225
0271148.jpg,222,157,474,409,295,225
0271149.jpg,222,157,474,409,295,225
0271150.jpg,221,157,473,409,293,225
0271151.jpg,221,156,473,408,292,226
0271152.jpg,217,155,469,407,294,225
0271153.jpg,216,149,468,401,292,226
0271154.jpg,213,148,465,400,291,226
0271155.jpg,204,148,456,400,291,225
0271156.jpg,204,146,456,398,291,225
0271157.jpg,201,143,455,397,290,226
0271158.jpg,197,140,455,398,288,227
0271159.jpg,195,137,453,395,289,227
0271160.jpg,193,136,451,394,293,230
0271161.jpg,192,134,450,392,296,231
0271162.jpg,190,134,448,392,301,235
0271163.jpg,188,134,446,392,302,238
0271164.jpg,188,131,446,389,307,242
0271165.jpg,187,130,445,388,308,245
0271166.jpg,188,129,442,383,554,694
0271167.jpg,187,125,441,379,552,694
0271168.jpg,186,125,440,379,551,695
0271169.jpg,186,124,438,376,549,694
0271170.jpg,185,124,437,376,550,694
0271171.jpg,183,123,435,375,550,695
0271172.jpg,183,123,435,375,550,694
0271173.jpg,181,123,433,375,549,695
0271174.jpg,180,123,432,375,551,694
0271175.jpg,179,125,431,377,550,694
0271176.jpg,178,126,430,378,550,695
0271177.jpg,176,126,428,378,551,694
0271178.jpg,174,126,426,378,550,694
0271179.jpg,172,125,426,379,551,694
0271180.jpg,169,125,423,379,551,694
0271181.jpg,168,125,422,379,550,694
0271182.jpg,167,125,421,379,595,694
0271183.jpg,167,125,421,379,608,694
0271184.jpg,167,125,421,379,610,694
0271185.jpg,170,125,424,379,611,697
0271186.jpg,175,125,429,379,613,697
0271187.jpg,176,127,430,381,611,697
0271188.jpg,179,129,431,381,612,697
0271189.jpg,181,130,433,382,611,697
0271190.jpg,183,131,435,383,612,696
0271191.jpg,189,135,441,387,613,697
0271192.jpg,189,136,441,388,611,697
0271193.jpg,192,138,440,386,612,697
0271194.jpg,196,138,444,386,611,696
0271195.jpg,198,137,446,385,612,696
0271196.jpg,199,138,447,386,613,696
0271197.jpg,198,136,450,388,613,696
0271198.jpg,199,136,451,388,612,696
0271199.jpg,200,136,452,388,613,697
0271200.jpg,200,136,452,388,612,697
0271201.jpg,200,136,452,388,612,697
0271202.jpg,200,136,452,388,611,696
0271203.jpg,199,135,451,387,612,696
0271204.jpg,199,134,451,386,613,695
0271205.jpg,198,134,450,386,614,696
0271206.jpg,198,134,450,386,613,696
0271207.jpg,197,134,449,386,613,696
0271208.jpg,197,134,449,386,614,695
0271209.jpg,197,134,449,386,613,695
0271210.jpg,197,134,449,386,614,697
0271211.jpg,196,134,448,386,613,696
0271212.jpg,196,134,448,386,614,698
0271213.jpg,188,126,454,392,614,697
0271214.jpg,188,126,454,392,614,697
0271215.jpg,188,126,454,392,613,698
0271216.jpg,188,126,454,392,614,699
0271217.jpg,190,127,452,389,613,698
0271218.jpg,189,127,451,389,612,698
0271219.jpg,189,127,451,389,613,698
0271220.jpg,188,127,450,389,613,698
0271221.jpg,187,128,449,390,608,683
0271222.jpg,189,130,447,388,708,659
0271223.jpg,189,133,443,387,711,663
0271224.jpg,189,134,443,388,709,665
0271225.jpg,189,135,443,389,710,664
0271226.jpg,187,135,441,389,709,665
0271227.jpg,187,135,441,389,710,666
0271228.jpg,186,135,440,389,710,666
0271229.jpg,185,135,439,389,711,665
0271230.jpg,185,135,439,389,709,664
0271231.jpg,185,135,439,389,711,665
0271232.jpg,186,136,438,388,710,665
0271233.jpg,186,136,438,388,711,664
0271234.jpg,186,136,438,388,712,666
0271235.jpg,186,136,438,388,711,666
0271236.jpg,187,136,439,388,712,666
0271237.jpg,187,136,439,388,713,668
0271238.jpg,187,136,439,388,713,671
0271239.jpg,187,136,439,388,714,674
0271240.jpg,188,136,440,388,713,676
0271241.jpg,187,134,441,388,712,676
0271242.jpg,187,134,441,388,710,675
0271243.jpg,188,134,442,388,708,676
0271244.jpg,188,134,442,388,708,676
0271245.jpg,189,134,443,388,317,278
0271246.jpg,189,134,443,388,319,249
0271247.jpg,190,134,444,388,308,247
0271248.jpg,190,134,444,388,307,245
0271249.jpg,190,135,444,389,304,241
0271250.jpg,190,135,444,389,298,239
0271251.jpg,190,135,444,389,294,238
0271252.jpg,190,133,448,391,293,238
0271253.jpg,191,133,449,391,290,236
0271254.jpg,191,133,449,391,289,234
0271255.jpg,191,133,449,391,290,232
0271256.jpg,191,133,449,391,288,232
0271257.jpg,191,134,449,392,287,229
0271258.jpg,192,135,450,393,287,218
0271259.jpg,194,137,448,391,308,227
0271260.jpg,196,139,448,391,301,228
0271261.jpg,196,139,448,391,298,230
0271262.jpg,196,139,448,391,296,229
0271263.jpg,195,139,449,393,295,230
0271264.jpg,195,139,449,393,296,229
0271265.jpg,195,139,449,393,295,229
0271266.jpg,195,138,449,392,300,230
0271267.jpg,195,139,449,393,310,230
0271268.jpg,196,139,450,393,333,228
0271269.jpg,196,139,450,393,335,231
0271270.jpg,197,140,449,392,333,233
0271271.jpg,198,140,450,392,332,233
0271272.jpg,198,139,450,391,329,234
0271273.jpg,197,138,451,392,330,232
0271274.jpg,197,138,451,392,329,232
0271275.jpg,196,136,450,390,328,232
0271276.jpg,196,135,450,389,331,234
0271277.jpg,196,135,450,389,330,234
0271278.jpg,196,135,450,389,333,232
0271279.jpg,196,135,450,389,315,244
0271280.jpg,197,135,451,389,316,246
0271281.jpg,198,136,450,388,318,249
0271282.jpg,198,136,450,388,318,249
0271283.jpg,198,136,450,388,321,250
0271284.jpg,198,136,450,388,323,252
0271285.jpg,200,138,448,386,326,253
0271286.jpg,203,138,451,386,359,252
0271287.jpg,203,138,451,386,352,252
0271288.jpg,203,138,451,386,352,254
0271289.jpg,202,138,450,386,350,253
0271290.jpg,201,138,449,386,353,254
0271291.jpg,201,139,449,387,351,253
0271292.jpg,201,139,449,387,352,253
0271293.jpg,201,139,449,387,353,253
0271294.jpg,201,139,449,387,353,254
0271295.jpg,202,138,450,386,351,253
0271296.jpg,202,138,450,386,352,253
0271297.jpg,202,137,450,385,352,252
0271298.jpg,201,137,449,385,351,253
0271299.jpg,201,137,449,385,350,253
0271300.jpg,201,137,449,385,353,236
0271301.jpg,201,137,449,385,356,236
0271302.jpg,201,137,449,385,355,236
0271303.jpg,201,137,449,385,356,236
0271304.jpg,201,137,449,385,355,235
0271305.jpg,201,137,449,385,356,236
0271306.jpg,201,137,449,385,354,235
0271307.jpg,201,137,449,385,355,233
0271308.jpg,201,137,449,385,354,233
0271309.jpg,201,137,449,385,352,232
0271310.jpg,201,137,449,385,353,233
0271311.jpg,201,137,449,385,352,232
0271312.jpg,201,137,449,385,351,231
0271313.jpg,198,135,450,387,351,231
0271314.jpg,198,134,450,386,320,233
0271315.jpg,198,134,450,386,296,230
0271316.jpg,198,134,450,386,296,230
0271317.jpg,198,134,450,386,298,230
0271318.jpg,198,134,450,386,297,229
0271319.jpg,198,134,450,386,299,227
0271320.jpg,197,134,449,386,296,227
0271321.jpg,195,133,449,387,297,227
0271322.jpg,195,132,449,386,296,227
0271323.jpg,193,130,451,388,296,228
0271324.jpg,193,130,451,388,296,227
0271325.jpg,191,130,449,388,296,227
0271326.jpg,192,132,450,390,297,227
0271327.jpg,194,134,448,388,297,227
0271328.jpg,194,134,448,388,297,227
0271329.jpg,193,134,447,388,298,227
0271330.jpg,193,134,447,388,297,228
0271331.jpg,185,128,451,394,299,228
0271332.jpg,183,126,453,396,298,229
0271333.jpg,183,126,453,396,297,229
0271334.jpg,183,126,453,396,297,228
0271335.jpg,189,132,447,390,297,228
0271336.jpg,189,132,447,390,298,229
0271337.jpg,189,132,447,390,299,230
0271338.jpg,187,130,449,392,301,229
0271339.jpg,187,130,449,392,301,230
0271340.jpg,187,129,449,391,299,230
0271341.jpg,187,128,449,390,299,230
0271342.jpg,187,128,449,390,302,231
0271343.jpg,187,128,449,390,303,231
0271344.jpg,184,126,450,392,303,231
0271345.jpg,184,126,450,392,306,233
0271346.jpg,184,125,450,391,305,233
0271347.jpg,182,123,452,393,305,232
0271348.jpg,183,124,453,394,304,233
0271349.jpg,183,124,453,394,304,233
0271350.jpg,183,124,453,394,302,235
0271351.jpg,185,126,451,392,304,235
0271352.jpg,184,125,450,391,322,246
0271353.jpg,185,127,447,389,340,238
0271354.jpg,184,127,446,389,348,240
0271355.jpg,184,127,446,389,349,240
0271356.jpg,186,129,444,387,349,241
0271357.jpg,186,128,444,386,350,240
0271358.jpg,186,128,444,386,349,241
0271359.jpg,185,127,443,385,352,240
0271360.jpg,185,127,443,385,352,241
0271361.jpg,185,127,443,385,353,240
0271362.jpg,183,126,445,388,351,241
0271363.jpg,185,128,443,386,351,240
0271364.jpg,185,128,443,386,352,241
0271365.jpg,185,128,443,386,353,241
0271366.jpg,185,128,443,386,352,240
0271367.jpg,185,128,443,386,354,240
0271368.jpg,183,126,445,388,353,241
0271369.jpg,183,125,445,387,353,240
0271370.jpg,183,125,445,387,352,239
0271371.jpg,182,125,444,387,350,239
0271372.jpg,182,125,444,387,350,239
0271373.jpg,182,125,444,387,353,239
0271374.jpg,182,125,444,387,341,261
0271375.jpg,183,125,445,387,331,264
0271376.jpg,183,126,445,388,333,265
0271377.jpg,183,126,445,388,332,267
0271378.jpg,184,126,446,388,334,268
0271379.jpg,185,126,447,388,334,268
0271380.jpg,186,126,448,388,371,249
0271381.jpg,186,127,448,389,364,250
0271382.jpg,186,128,448,390,366,252
0271383.jpg,187,128,449,390,364,250
0271384.jpg,189,128,451,390,364,251
0271385.jpg,190,128,452,390,365,252
0271386.jpg,194,130,452,388,364,252
0271387.jpg,197,132,451,386,363,252
0271388.jpg,201,133,453,385,364,252
0271389.jpg,204,135,452,383,366,253
0271390.jpg,204,135,452,383,354,236
0271391.jpg,205,135,453,383,359,238
0271392.jpg,207,134,455,382,359,236
0271393.jpg,208,134,456,382,358,236
0271394.jpg,212,134,460,382,357,236
0271395.jpg,213,134,461,382,357,236
0271396.jpg,217,135,465,383,359,238
0271397.jpg,224,137,468,381,358,238
0271398.jpg,224,137,468,381,359,238
0271399.jpg,224,137,468,381,358,238
0271400.jpg,224,137,468,381,358,238
0271401.jpg,226,137,470,381,358,238
0272006.jpg,514,121,766,373,1199,668
0272007.jpg,513,120,767,374,1202,667
0272008.jpg,513,120,767,374,1171,681
0272009.jpg,513,120,767,374,1200,668
0272010.jpg,513,120,767,374,1200,666
0272011.jpg,513,120,767,374,1201,666
0272012.jpg,513,120,767,374,1199,666
0272013.jpg,513,120,767,374,1200,667
0272014.jpg,513,120,767,374,1200,667
0272015.jpg,511,118,769,376,1201,669
0272016.jpg,511,118,769,376,1201,668
0272017.jpg,511,118,769,376,747,298
0272018.jpg,513,120,767,374,722,261
0272019.jpg,514,120,766,372,694,260
0272020.jpg,514,120,766,372,693,258
0272021.jpg,514,119,766,371,692,254
0272022.jpg,514,119,766,371,693,252
0272023.jpg,514,118,766,370,692,252
0272024.jpg,514,118,766,370,691,252
0272025.jpg,514,118,766,370,689,252
0272026.jpg,514,118,766,370,690,251
0272027.jpg,514,118,766,370,721,253
0272028.jpg,514,118,766,370,694,250
0272029.jpg,513,118,765,370,691,250
0272030.jpg,513,119,765,371,689,249
0272031.jpg,513,119,765,371,688,249
0272032.jpg,513,119,765,371,647,255
0272033.jpg,513,119,765,371,644,258
0272034.jpg,513,120,765,372,626,270
0272035.jpg,515,122,763,370,635,274
0272036.jpg,515,122,763,370,638,274
0272037.jpg,515,122,763,370,673,248
0272038.jpg,515,122,763,370,661,248
0272039.jpg,516,122,764,370,681,244
0272040.jpg,516,123,764,371,672,244
0272041.jpg,514,121,766,373,667,242
0272042.jpg,514,121,766,373,666,242
0272043.jpg,514,121,766,373,664,240
0272044.jpg,514,121,766,373,664,239
0272045.jpg,514,121,766,373,660,237
0272046.jpg,513,119,767,373,658,236
0272047.jpg,514,117,768,371,657,233
0272048.jpg,514,117,768,371,655,232
0272049.jpg,515,117,769,371,610,235
0272050.jpg,515,117,769,371,619,231
0272051.jpg,514,117,768,371,619,229
0272052.jpg,514,117,768,371,617,228
0272053.jpg,515,118,769,372,618,225
0272054.jpg,514,116,772,374,616,226
0272055.jpg,515,116,773,374,617,225
0272056.jpg,515,116,773,374,617,225
0272057.jpg,515,116,773,374,618,221
0272058.jpg,516,119,774,377,619,222
0272059.jpg,515,117,777,379,618,222
0272060.jpg,515,118,777,380,619,222
0272061.jpg,515,119,777,381,618,221
0272062.jpg,514,121,776,383,619,222
0272063.jpg,514,124,776,386,618,222
0272064.jpg,513,125,775,387,616,223
0272065.jpg,513,125,775,387,616,222
0272066.jpg,511,125,773,387,617,221
0272067.jpg,513,128,771,386,617,223
0272068.jpg,513,129,771,387,617,222
0272069.jpg,513,129,771,387,617,221
0272070.jpg,513,130,771,388,616,222
0272071.jpg,513,130,771,388,614,224
0272072.jpg,515,132,769,386,615,224
0272073.jpg,513,131,767,385,614,224
0272074.jpg,512,131,764,383,614,224
0272075.jpg,509,128,761,380,615,225
0272076.jpg,509,127,761,379,615,224
0272077.jpg,509,122,761,374,614,225
0272078.jpg,509,122,761,374,613,225
0272079.jpg,509,122,761,374,614,225
0272080.jpg,511,124,759,372,615,226
0272081.jpg,511,123,759,371,614,227
0272082.jpg,511,123,759,371,615,226
0272083.jpg,509,121,761,373,615,226
0272084.jpg,510,121,762,373,616,226
0272085.jpg,510,121,762,373,617,226
0272086.jpg,510,121,762,373,616,226
0272087.jpg,510,121,762,373,615,226
0272088.jpg,512,124,760,372,616,226
0272089.jpg,513,126,757,370,619,226
0272090.jpg,513,127,757,371,616,226
0272091.jpg,513,127,757,371,600,217
0272092.jpg,513,127,757,371,617,225
0272093.jpg,513,127,757,371,617,228
0272094.jpg,513,127,757,371,617,229
0272095.jpg,511,124,759,372,617,227
0272096.jpg,512,123,760,371,618,228
0272097.jpg,512,122,760,370,618,228
0272098.jpg,510,120,762,372,617,229
0272099.jpg,509,119,763,373,617,229
0272100.jpg,509,119,763,373,615,228
0272101.jpg,509,119,763,373,615,228
0272102.jpg,509,119,763,373,614,229
0272103.jpg,509,120,763,374,613,228
0272104.jpg,507,119,765,377,615,228
0272105.jpg,507,119,765,377,615,228
0272106.jpg,507,119,765,377,615,228
0272107.jpg,505,117,767,379,614,229
0272108.jpg,505,117,767,379,614,228
0272109.jpg,505,118,767,380,614,228
0272110.jpg,503,117,769,383,614,228
0272111.jpg,505,117,771,383,615,226
0272112.jpg,505,119,771,385,615,226
0272113.jpg,505,121,771,387,615,226
0272114.jpg,506,121,772,387,615,225
0272115.jpg,505,119,775,389,614,226
0272116.jpg,505,122,775,392,614,226
0272117.jpg,506,122,776,392,615,226
0272118.jpg,512,126,774,388,616,225
0272119.jpg,512,126,774,388,616,224
0272120.jpg,515,129,773,387,618,225
0272121.jpg,515,129,773,387,618,226
0272122.jpg,515,129,773,387,615,225
0272123.jpg,515,130,773,388,616,225
0272124.jpg,515,130,773,388,616,226
0272125.jpg,513,129,775,391,616,225
0272126.jpg,511,128,777,394,614,226
0272127.jpg,513,129,779,395,616,225
0272128.jpg,513,129,779,395,616,225
0272129.jpg,513,131,779,397,615,225
0272130.jpg,514,132,780,398,618,226
0272131.jpg,514,132,780,398,618,225
0272132.jpg,514,132,780,398,618,226
0272133.jpg,518,136,776,394,619,225
0272134.jpg,517,134,775,392,617,225
0272135.jpg,517,132,775,390,615,226
0272136.jpg,519,133,773,387,617,225
0272137.jpg,518,132,772,386,619,227
0272138.jpg,518,132,772,386,619,226
0272139.jpg,518,132,772,386,618,227
0272140.jpg,516,130,774,388,618,227
0272141.jpg,514,125,780,391,618,228
0272142.jpg,514,125,780,391,616,228
0272143.jpg,514,125,780,391,639,234
0272144.jpg,514,125,780,391,628,234
0272145.jpg,514,125,780,391,997,670
0272146.jpg,515,125,781,391,994,671
0272147.jpg,515,125,781,391,996,671
0272148.jpg,515,125,781,391,996,673
0272149.jpg,522,132,774,384,993,672
0272150.jpg,522,133,774,385,995,672
0272151.jpg,522,133,774,385,996,672
0272152.jpg,521,132,775,386,997,672
0272153.jpg,518,126,784,392,832,665
0272154.jpg,518,125,784,391,828,667
0272155.jpg,518,124,784,390,827,667
0272156.jpg,522,128,780,386,827,667
0272157.jpg,522,128,780,386,827,667
0272158.jpg,522,128,780,386,829,669
0272159.jpg,519,120,789,390,828,671
0272160.jpg,518,118,790,390,828,672
0272161.jpg,518,118,790,390,828,671
0272162.jpg,518,117,790,389,826,671
0272163.jpg,517,117,789,389,826,672
0272164.jpg,516,117,788,389,653,250
0272165.jpg,515,118,785,388,641,247
0272166.jpg,514,118,784,388,637,243
0272167.jpg,514,118,784,388,634,238
0272168.jpg,514,118,784,388,632,233
0272169.jpg,515,119,785,389,603,225
0272170.jpg,515,121,785,391,615,223
0272171.jpg,515,121,785,391,616,223
0272172.jpg,515,121,785,391,617,223
0272173.jpg,515,121,785,391,617,222
0272174.jpg,515,121,785,391,618,221
0272175.jpg,514,121,784,391,618,221
0272176.jpg,513,121,783,391,618,220
0272177.jpg,513,121,783,391,618,219
0272178.jpg,512,120,784,392,618,219
0272179.jpg,512,120,784,392,619,221
0272180.jpg,512,119,784,391,618,219
0272181.jpg,512,119,784,391,619,219
0272182.jpg,512,118,784,390,618,221
0272183.jpg,513,118,785,390,596,225
0272184.jpg,513,118,785,390,613,227
0272185.jpg,512,115,788,391,616,227
0272186.jpg,512,115,788,391,617,227
0272187.jpg,510,113,790,393,616,226
0272188.jpg,511,113,791,393,617,226
0272189.jpg,511,112,791,392,618,227
0272190.jpg,511,112,791,392,617,228
0272191.jpg,510,112,790,392,617,228
0272192.jpg,512,114,788,390,618,229
0272193.jpg,512,114,788,390,617,229
0272194.jpg,514,116,786,388,619,229
0272195.jpg,513,117,785,389,617,228
0272196.jpg,513,118,785,390,618,231
0272197.jpg,513,119,785,391,616,231
0272198.jpg,513,120,785,392,617,230
0272199.jpg,513,121,785,393,615,232
0272200.jpg,513,121,785,393,618,232
0272201.jpg,511,119,787,395,1099,669
0272202.jpg,511,119,787,395,1092,670
0272203.jpg,509,115,789,395,1089,671
0272204.jpg,509,115,789,395,1091,671
0272205.jpg,509,115,789,395,1090,671
0272206.jpg,509,115,789,395,1090,671
0272207.jpg,509,116,789,396,1086,671
0272208.jpg,511,118,787,394,1085,670
0272209.jpg,511,118,787,394,1046,648
0272210.jpg,511,118,787,394,924,656
0272211.jpg,511,116,787,392,922,658
0272212.jpg,511,116,787,392,923,658
0272213.jpg,513,118,785,390,789,653
0272214.jpg,514,118,786,390,804,655
0272215.jpg,514,119,786,391,804,654
0272216.jpg,515,120,787,392,804,655
0272217.jpg,515,120,787,392,804,655
0272218.jpg,515,120,787,392,804,655
0272219.jpg,516,121,786,391,804,655
0272220.jpg,516,121,786,391,805,654
0272221.jpg,516,120,786,390,805,654
0272222.jpg,519,122,785,388,804,655
0272223.jpg,519,122,785,388,806,655
0272224.jpg,518,121,784,387,822,647
0272225.jpg,518,120,784,386,704,258
0272226.jpg,518,120,784,386,720,253
0272227.jpg,517,120,783,386,707,249
0272228.jpg,517,120,783,386,706,249
0272229.jpg,517,119,783,385,706,247
0272230.jpg,517,119,783,385,706,244
0272231.jpg,517,119,783,385,705,244
0272232.jpg,517,119,783,385,705,244
0272233.jpg,516,119,782,385,706,243
0272234.jpg,514,117,784,387,706,242
0272235.jpg,514,116,784,386,706,241
0272236.jpg,514,116,784,386,706,242
0272237.jpg,513,113,785,385,705,241
0272238.jpg,513,113,785,385,704,241
0272239.jpg,513,113,785,385,670,251
0272240.jpg,513,113,785,385,664,254
0272241.jpg,514,114,784,384,664,254
0272242.jpg,514,115,784,385,664,254
0272243.jpg,516,117,782,383,665,255
0272244.jpg,516,117,782,383,664,255
0272245.jpg,516,116,782,382,665,255
0272246.jpg,516,116,782,382,668,255
0272247.jpg,516,115,782,381,668,253
0272248.jpg,516,115,782,381,667,253
0272249.jpg,515,115,781,381,670,253
0272250.jpg,515,115,781,381,668,252
0272251.jpg,517,117,779,379,667,250
0272252.jpg,517,117,779,379,669,248
0272253.jpg,517,117,779,379,615,227
0272254.jpg,517,118,779,380,624,228
0272255.jpg,517,118,779,380,623,228
0272256.jpg,517,118,779,380,631,238
0272257.jpg,516,118,778,380,630,239
0272258.jpg,514,116,780,382,631,241
0272259.jpg,515,116,781,382,632,242
0272260.jpg,515,119,781,385,704,240
0272261.jpg,514,118,784,388,691,240
0272262.jpg,514,119,784,389,685,238
0272263.jpg,515,120,785,390,685,237
0272264.jpg,515,121,785,391,681,237
0272265.jpg,516,121,786,391,681,237
0272266.jpg,516,121,786,391,711,253
0272267.jpg,516,121,786,391,692,251
0272268.jpg,516,121,786,391,691,251
0272269.jpg,515,120,785,390,689,250
0272270.jpg,515,119,785,389,687,249
0272271.jpg,517,120,783,386,686,248
0272272.jpg,516,119,782,385,685,247
0272273.jpg,516,119,782,385,684,246
0272274.jpg,516,118,782,384,703,252
0272275.jpg,516,117,782,383,699,252
0272276.jpg,516,115,782,381,698,253
0272277.jpg,517,116,779,378,698,252
0272278.jpg,517,116,779,378,699,253
0272279.jpg,517,115,779,377,699,252
0272280.jpg,519,117,777,375,699,250
0272281.jpg,520,119,774,373,700,251
0272282.jpg,516,119,770,373,700,252
0272283.jpg,515,119,769,373,699,251
0272284.jpg,514,118,768,372,625,236
0272285.jpg,515,118,767,370,621,237
0272286.jpg,514,117,766,369,619,236
0272287.jpg,514,117,766,369,619,236
0272288.jpg,514,117,766,369,618,237
0272289.jpg,514,117,766,369,617,239
0272290.jpg,514,117,766,369,616,238
0272291.jpg,514,117,766,369,619,238
0272292.jpg,514,119,766,371,618,239
0272293.jpg,513,118,767,372,618,239
0272294.jpg,514,120,766,372,617,241
0272295.jpg,513,121,765,373,618,240
0272296.jpg,511,121,765,375,618,240
0272297.jpg,511,121,765,375,617,239
0272298.jpg,510,123,764,377,617,239
0272299.jpg,510,123,764,377,617,239
0272300.jpg,510,124,764,378,616,239
0272301.jpg,510,124,764,378,619,241
0272302.jpg,510,124,764,378,620,239
0272303.jpg,509,123,767,381,620,239
0272304.jpg,509,124,767,382,703,250
0272305.jpg,509,124,767,382,698,250
0272306.jpg,509,124,767,382,698,249
0272307.jpg,509,124,767,382,698,249
0272308.jpg,508,124,766,382,696,249
0272309.jpg,508,124,766,382,696,248
0272310.jpg,508,124,766,382,706,295
0272311.jpg,510,125,764,379,707,297
0272312.jpg,511,121,765,375,710,296
0272313.jpg,511,121,765,375,710,296
0272314.jpg,511,121,765,375,709,295
0272315.jpg,511,121,765,375,693,285
0272316.jpg,510,122,762,374,698,248
0272317.jpg,509,122,761,374,697,247
0272318.jpg,509,122,761,374,696,248
0272319.jpg,508,123,760,375,698,248
0272320.jpg,508,123,760,375,695,248
0272321.jpg,505,121,763,379,697,249
0272322.jpg,505,121,763,379,698,249
0272323.jpg,506,121,764,379,698,249
0272324.jpg,507,122,765,380,698,249
0272325.jpg,507,122,765,380,697,248
0272326.jpg,505,118,771,384,697,249
0272327.jpg,506,117,772,383,697,248
0272328.jpg,508,117,774,383,698,249
0272329.jpg,511,119,773,381,699,248
0272330.jpg,512,119,774,381,698,248
0272331.jpg,513,119,775,381,698,246
0272332.jpg,512,117,778,383,697,247
0272333.jpg,512,116,778,382,698,247
0272334.jpg,513,116,779,382,697,247
0272335.jpg,515,116,777,378,698,249
0272336.jpg,518,117,776,375,697,248
0272337.jpg,518,115,776,373,662,235
0272338.jpg,518,114,776,372,647,232
0272339.jpg,518,114,776,372,647,232
0272340.jpg,518,113,776,371,646,231
0272341.jpg,517,113,775,371,647,231
0272342.jpg,517,113,775,371,647,229
0272343.jpg,519,114,773,368,642,229
0272344.jpg,516,114,770,368,642,229
0272345.jpg,516,114,770,368,652,236
0272346.jpg,516,114,770,368,642,236
0272347.jpg,516,114,770,368,642,234
0272348.jpg,516,114,770,368,641,236
0272349.jpg,516,114,770,368,639,234
0272350.jpg,517,114,771,368,675,289
0272351.jpg,519,114,773,368,660,292
0272352.jpg,517,112,775,370,660,294
0272353.jpg,516,109,778,371,660,294
0272354.jpg,516,109,778,371,663,294
0272355.jpg,517,109,779,371,662,296
0272356.jpg,518,109,780,371,665,296
0272357.jpg,518,110,780,372,663,296
0272358.jpg,519,111,781,373,664,297
0272359.jpg,517,110,783,376,663,297
0272360.jpg,518,110,784,376,652,243
0272361.jpg,518,110,784,376,637,243
0272362.jpg,519,110,785,376,634,242
0272363.jpg,517,108,787,378,633,241
0272364.jpg,518,108,788,378,631,241
0272365.jpg,518,111,788,381,630,238
0272366.jpg,518,111,788,381,630,237
0272367.jpg,517,110,789,382,634,235
0272368.jpg,517,110,789,382,640,237
0272369.jpg,517,110,789,382,641,236
0272370.jpg,517,110,789,382,639,235
0272371.jpg,519,111,789,381,638,234
0272373.jpg,521,112,787,378,642,235
0272374.jpg,519,109,785,375,603,226
0272375.jpg,520,110,782,372,618,225
0272376.jpg,520,110,782,372,619,224
0272377.jpg,520,110,782,372,622,222
0272378.jpg,522,110,784,372,622,222
0272379.jpg,520,108,786,374,621,220
0272380.jpg,521,109,787,375,622,222
0272381.jpg,526,109,792,375,623,221
0272382.jpg,526,110,792,376,622,221
0272383.jpg,527,110,793,376,621,221
0272384.jpg,528,110,794,376,621,223
0272385.jpg,529,113,795,379,620,223
0272386.jpg,530,110,796,376,620,223
0272387.jpg,531,109,797,375,619,223
0272388.jpg,530,105,800,375,619,224
0272389.jpg,538,105,808,375,618,222
0272390.jpg,540,111,810,381,618,223
0272391.jpg,540,109,810,379,618,224
0272392.jpg,540,109,810,379,618,223
0272393.jpg,540,109,810,379,617,222
0272394.jpg,542,111,808,377,617,222
0272395.jpg,539,111,805,377,617,223
0272396.jpg,540,112,802,374,619,223
0272397.jpg,541,108,799,366,619,222
0272398.jpg,536,109,790,363,620,223
0272399.jpg,536,109,790,363,619,223
0272400.jpg,532,108,786,362,621,222
0272401.jpg,526,108,780,362,619,223
0273006.jpg,876,192,1080,396,917,321
0273007.jpg,872,189,1080,397,919,322
0273008.jpg,871,186,1079,394,897,314
0273009.jpg,868,181,1080,393,914,325
0273010.jpg,863,172,1085,394,917,327
0273011.jpg,859,169,1081,391,916,326
0273012.jpg,859,167,1081,389,913,326
0273013.jpg,859,167,1081,389,913,327
0273014.jpg,859,166,1081,388,911,326
0273015.jpg,859,165,1081,387,912,326
0273016.jpg,859,165,1081,387,910,325
0273017.jpg,860,164,1082,386,907,324
0273018.jpg,862,166,1080,384,905,325
0273019.jpg,862,165,1080,383,907,325
0273020.jpg,863,165,1081,383,907,324
0273021.jpg,863,163,1081,381,906,325
0273022.jpg,864,164,1080,380,907,326
0273023.jpg,865,164,1081,380,904,325
0273024.jpg,865,164,1081,380,902,327
0273025.jpg,865,164,1081,380,902,325
0273026.jpg,865,164,1081,380,901,326
0273027.jpg,867,166,1079,378,899,326
0273028.jpg,867,166,1079,378,903,325
0273029.jpg,866,166,1078,378,905,324
0273030.jpg,866,168,1078,380,906,325
0273031.jpg,865,168,1077,380,906,324
0273032.jpg,865,170,1077,382,905,324
0273033.jpg,865,170,1077,382,902,324
0273034.jpg,865,171,1077,383,905,325
0273035.jpg,866,171,1078,383,909,324
0273036.jpg,866,172,1078,384,910,325
0273037.jpg,868,174,1076,382,907,324
0273038.jpg,868,174,1076,382,904,324
0273039.jpg,868,174,1076,382,906,323
0273040.jpg,866,172,1078,384,908,323
0273041.jpg,866,172,1078,384,903,322
0273042.jpg,865,172,1077,384,898,322
0273043.jpg,865,172,1077,384,890,322
0273044.jpg,867,174,1075,382,888,321
0273045.jpg,867,174,1075,382,887,319
0273046.jpg,867,174,1075,382,883,279
0273047.jpg,868,174,1076,382,883,282
0273048.jpg,868,174,1076,382,881,283
0273049.jpg,866,172,1078,384,880,285
0273050.jpg,864,169,1080,385,929,249
0273051.jpg,863,169,1079,385,948,248
0273052.jpg,863,169,1079,385,948,246
0273053.jpg,863,169,1079,385,948,244
0273054.jpg,863,169,1079,385,947,243
0273055.jpg,862,168,1080,386,945,242
0273056.jpg,862,168,1080,386,945,241
0273057.jpg,862,168,1080,386,945,241
0273058.jpg,862,168,1080,386,935,244
0273059.jpg,861,168,1079,386,942,247
0273060.jpg,861,168,1079,386,942,246
0273061.jpg,859,166,1081,388,942,246
0273062.jpg,859,166,1081,388,942,246
0273063.jpg,859,165,1081,387,943,246
0273064.jpg,860,165,1082,387,941,247
0273065.jpg,862,167,1080,385,960,281
0273066.jpg,862,167,1080,385,986,680
0273067.jpg,862,167,1080,385,988,680
0273068.jpg,862,167,1080,385,989,681
0273069.jpg,862,167,1080,385,990,681
0273070.jpg,862,167,1080,385,993,682
0273071.jpg,863,168,1079,384,994,682
0273072.jpg,863,168,1079,384,995,683
0273073.jpg,869,179,1073,383,993,682
0273074.jpg,869,181,1073,385,1093,696
0273075.jpg,870,183,1074,387,1094,696
0273076.jpg,871,183,1075,387,1092,696
0273077.jpg,871,183,1075,387,1093,696
0273078.jpg,869,181,1077,389,1052,667
0273079.jpg,869,181,1077,389,1048,667
0273080.jpg,862,171,1080,389,1049,667
0273081.jpg,861,171,1079,389,1048,667
0273082.jpg,859,167,1081,389,1048,667
0273083.jpg,859,167,1081,389,1049,668
0273084.jpg,859,167,1081,389,1031,619
0273085.jpg,859,166,1081,388,1036,619
0273086.jpg,858,165,1080,387,1036,619
0273087.jpg,846,144,1090,388,1036,619
0273088.jpg,845,144,1089,388,1035,620
0273089.jpg,843,144,1087,388,1035,619
0273090.jpg,845,148,1081,384,973,631
0273091.jpg,844,148,1080,384,831,660
0273092.jpg,844,149,1078,383,818,661
0273093.jpg,842,149,1076,383,820,664
0273094.jpg,843,164,1059,380,819,664
0273095.jpg,843,164,1059,380,792,650
0273096.jpg,844,166,1056,378,803,650
0273097.jpg,844,166,1056,378,803,651
0273098.jpg,846,165,1054,373,797,672
0273099.jpg,846,164,1054,372,936,254
0273100.jpg,847,163,1055,371,942,252
0273101.jpg,847,162,1055,370,941,247
0273102.jpg,848,162,1056,370,941,245
0273103.jpg,848,162,1056,370,941,242
0273104.jpg,849,162,1057,370,941,241
0273105.jpg,849,162,1057,370,940,240
0273106.jpg,850,162,1058,370,941,241
0273107.jpg,857,162,1065,370,941,239
0273108.jpg,858,162,1066,370,940,238
0273109.jpg,858,162,1066,370,941,237
0273110.jpg,859,162,1067,370,941,237
0273111.jpg,858,161,1070,373,942,236
0273112.jpg,858,162,1070,374,943,235
0273113.jpg,858,163,1070,375,942,235
0273114.jpg,858,164,1070,376,943,235
0273115.jpg,856,162,1072,378,943,234
0273116.jpg,855,162,1071,378,944,234
0273117.jpg,855,162,1071,378,944,235
0273118.jpg,854,161,1072,379,944,235
0273119.jpg,843,152,1083,392,924,240
0273120.jpg,844,152,1084,392,920,261
0273121.jpg,845,154,1085,394,388,708
0273122.jpg,861,179,1073,391,610,685
0273123.jpg,863,182,1071,390,612,689
0273124.jpg,863,183,1071,391,613,689
0273125.jpg,863,185,1071,393,612,689
0273126.jpg,863,185,1071,393,612,690
0273127.jpg,863,185,1071,393,613,690
0273128.jpg,863,186,1071,394,612,690
0273129.jpg,863,186,1071,394,613,690
0273130.jpg,863,186,1071,394,613,689
0273131.jpg,864,186,1072,394,612,689
0273132.jpg,864,186,1072,394,613,690
0273133.jpg,864,186,1072,394,613,690
0273134.jpg,864,185,1072,393,612,690
0273135.jpg,862,183,1074,395,613,690
0273136.jpg,863,183,1075,395,614,689
0273137.jpg,863,183,1075,395,613,689
0273138.jpg,863,181,1075,393,612,690
0273139.jpg,859,178,1075,394,612,690
0273140.jpg,847,157,1087,397,613,690
0273141.jpg,841,153,1085,397,613,690
0273142.jpg,841,153,1085,397,613,690
0273143.jpg,841,151,1081,391,588,686
0273144.jpg,841,153,1077,389,935,245
0273145.jpg,840,153,1076,389,948,246
0273146.jpg,840,152,1076,388,948,245
0273147.jpg,839,149,1075,385,949,245
0273148.jpg,839,149,1075,385,949,246
0273149.jpg,839,149,1075,385,949,246
0273150.jpg,839,149,1075,385,950,244
0273151.jpg,839,148,1075,384,951,246
0273152.jpg,839,149,1075,385,950,244
0273153.jpg,839,149,1075,385,948,244
0273154.jpg,844,164,1060,380,949,243
0273155.jpg,846,166,1058,378,949,243
0273156.jpg,846,166,1058,378,949,243
0273157.jpg,846,166,1058,378,949,244
0273158.jpg,846,166,1058,378,948,243
0273159.jpg,846,166,1058,378,947,243
0273160.jpg,848,167,1056,375,947,244
0273161.jpg,848,167,1056,375,947,246
0273162.jpg,848,167,1056,375,946,246
0273163.jpg,848,165,1056,373,945,248
0273164.jpg,848,165,1056,373,1062,645
0273165.jpg,848,164,1056,372,1072,648
0273166.jpg,848,164,1056,372,1077,648
0273167.jpg,848,164,1056,372,1088,645
0273168.jpg,848,163,1056,371,1104,641
0273169.jpg,846,161,1058,373,1105,640
0273170.jpg,846,161,1058,373,956,260
0273171.jpg,846,161,1058,373,956,262
0273172.jpg,846,161,1058,373,956,260
0273173.jpg,846,160,1058,372,956,260
0273174.jpg,846,160,1058,372,956,258
0273175.jpg,846,160,1058,372,956,258
0273176.jpg,846,160,1058,372,956,257
0273177.jpg,846,160,1058,372,954,256
0273178.jpg,847,160,1059,372,954,257
0273179.jpg,847,160,1059,372,952,255
0273180.jpg,847,160,1059,372,941,244
0273181.jpg,850,160,1062,372,947,245
0273182.jpg,849,159,1065,375,947,244
0273183.jpg,856,159,1072,375,941,244
0273184.jpg,858,159,1074,375,940,244
0273185.jpg,863,161,1075,373,941,242
0273186.jpg,863,161,1075,373,946,242
0273187.jpg,863,161,1075,373,948,241
0273188.jpg,863,162,1075,374,897,245
0273189.jpg,863,162,1075,374,921,247
0273190.jpg,863,162,1075,374,924,246
0273191.jpg,865,165,1073,373,924,245
0273192.jpg,865,165,1073,373,924,244
0273193.jpg,865,168,1069,372,925,244
0273194.jpg,864,168,1068,372,928,241
0273195.jpg,862,166,1070,374,927,241
0273196.jpg,863,169,1067,373,931,240
0273197.jpg,865,171,1065,371,931,242
0273198.jpg,864,179,1064,379,933,242
0273199.jpg,863,181,1063,381,934,245
0273200.jpg,863,182,1063,382,969,270
0273201.jpg,863,184,1063,384,959,270
0273202.jpg,864,185,1062,383,959,271
0273203.jpg,865,188,1059,382,958,271
0273204.jpg,865,189,1059,383,959,273
0273205.jpg,864,191,1058,385,958,273
0273206.jpg,864,192,1058,386,958,272
0273207.jpg,864,192,1058,386,959,273
0273208.jpg,864,193,1058,387,958,276
0273209.jpg,865,197,1055,387,959,278
0273210.jpg,857,195,1051,389,1028,700
0273211.jpg,857,195,1051,389,1020,656
0273212.jpg,857,195,1051,389,1054,620
0273213.jpg,857,194,1051,388,1076,617
0273214.jpg,857,194,1051,388,1073,618
0273215.jpg,858,190,1052,384,1074,617
0273216.jpg,864,188,1058,382,1074,617
0273217.jpg,864,187,1058,381,1075,618
0273218.jpg,864,186,1058,380,1074,617
0273219.jpg,864,184,1058,378,1075,618
0273220.jpg,862,181,1060,379,1074,617
0273221.jpg,861,176,1061,376,1074,618
0273222.jpg,862,174,1062,374,1075,617
0273223.jpg,840,151,1080,391,1074,617
0273224.jpg,861,166,1065,370,1075,617
0273225.jpg,861,169,1065,373,1024,638
0273226.jpg,859,167,1067,375,978,676
0273227.jpg,859,167,1067,375,884,701
0273228.jpg,859,167,1067,375,813,706
0273229.jpg,857,165,1069,377,659,706
0273231.jpg,858,165,1070,377,909,309
0273232.jpg,857,164,1069,376,916,310
0273233.jpg,857,163,1069,375,915,311
0273234.jpg,837,136,1085,384,912,309
0273235.jpg,837,136,1085,384,910,309
0273236.jpg,837,134,1085,382,898,278
0273237.jpg,838,134,1086,382,875,254
0273238.jpg,838,133,1086,381,882,256
0273239.jpg,838,132,1086,380,906,255
0273240.jpg,838,132,1086,380,927,255
0273241.jpg,838,132,1086,380,926,253
0273242.jpg,838,131,1086,379,927,250
0273243.jpg,837,131,1085,379,927,249
0273244.jpg,838,133,1082,377,929,248
0273245.jpg,837,132,1081,376,928,246
0273246.jpg,838,133,1078,373,896,233
0273247.jpg,840,134,1076,370,907,233
0273249.jpg,839,134,1075,370,908,260
0273250.jpg,839,134,1075,370,923,260
0273251.jpg,839,134,1075,370,926,258
0273252.jpg,839,134,1075,370,926,258
0273253.jpg,840,134,1076,370,926,259
0273254.jpg,840,134,1076,370,925,259
0273255.jpg,840,134,1076,370,926,258
0273256.jpg,840,134,1076,370,910,235
0273257.jpg,840,134,1076,370,923,235
0273258.jpg,841,133,1077,369,923,236
0273259.jpg,841,133,1077,369,923,236
0273260.jpg,841,133,1077,369,921,237
0273261.jpg,841,132,1077,368,921,236
0273262.jpg,841,132,1077,368,921,236
0273263.jpg,841,132,1077,368,921,236
0273264.jpg,841,133,1077,369,921,236
0273265.jpg,841,133,1077,369,920,237
0273266.jpg,842,133,1078,369,921,236
0273267.jpg,842,134,1078,370,922,235
0273268.jpg,842,135,1078,371,921,236
0273269.jpg,842,135,1078,371,922,236
0273270.jpg,842,135,1078,371,922,235
0273271.jpg,842,135,1078,371,948,268
0273272.jpg,841,134,1081,374,952,269
0273273.jpg,841,135,1081,375,989,265
0273274.jpg,839,133,1083,377,982,267
0273275.jpg,839,133,1083,377,986,269
0273276.jpg,839,133,1083,377,983,269
0273277.jpg,839,133,1083,377,977,270
0273278.jpg,856,160,1068,372,981,272
0273279.jpg,858,162,1066,370,980,268
0273280.jpg,861,165,1065,369,982,267
0273281.jpg,861,165,1065,369,983,267
0273282.jpg,860,165,1064,369,1233,672
0273283.jpg,858,164,1066,372,1233,674
0273284.jpg,856,164,1064,372,1233,676
0273285.jpg,841,144,1077,380,1233,677
0273286.jpg,838,142,1078,382,1233,679
0273287.jpg,836,140,1080,384,1233,679
0273288.jpg,832,137,1084,389,1233,677
0273289.jpg,833,137,1085,389,1233,678
0273290.jpg,833,137,1085,389,1100,636
0273291.jpg,834,137,1086,389,1100,637
0273292.jpg,835,138,1087,390,1099,637
0273293.jpg,835,138,1087,390,1098,638
0273294.jpg,863,182,1063,382,1110,585
0273295.jpg,864,183,1064,383,1112,584
0273296.jpg,865,184,1063,382,1115,584
0273297.jpg,867,184,1065,382,1115,585
0273298.jpg,867,185,1065,383,1114,584
0273299.jpg,868,187,1066,385,1114,583
0273300.jpg,869,188,1067,386,1114,584
0273301.jpg,869,187,1069,387,1114,583
0273302.jpg,870,189,1070,389,1115,583
0273303.jpg,869,189,1073,393,1113,584
0273304.jpg,869,187,1077,395,1115,585
0273305.jpg,871,188,1079,396,1124,609
0273306.jpg,873,188,1081,396,1037,288
0273307.jpg,878,192,1078,392,1042,290
0273308.jpg,878,192,1078,392,1042,296
0273309.jpg,878,191,1078,391,1048,270
0273310.jpg,878,191,1078,391,1050,271
0273311.jpg,877,189,1081,393,1058,270
0273312.jpg,877,189,1081,393,1067,276
0273313.jpg,877,188,1081,392,1010,272
0273314.jpg,878,188,1082,392,1004,271
0273315.jpg,878,187,1082,391,998,290
0273316.jpg,878,187,1082,391,974,265
0273317.jpg,878,187,1082,391,962,265
0273318.jpg,878,189,1078,389,961,264
0273319.jpg,878,188,1078,388,961,264
0273320.jpg,874,187,1074,387,959,264
0273321.jpg,871,185,1071,385,959,262
0273322.jpg,870,182,1070,382,959,263
0273323.jpg,846,145,1090,389,939,255
0273324.jpg,841,143,1089,391,953,258
0273325.jpg,836,138,1088,390,954,258
0273326.jpg,836,138,1088,390,956,256
0273327.jpg,835,138,1087,390,955,255
0273328.jpg,835,138,1087,390,956,255
0273329.jpg,835,138,1087,390,956,254
0273330.jpg,836,138,1088,390,957,255
0273331.jpg,836,138,1088,390,955,254
0273332.jpg,837,138,1089,390,955,254
0273333.jpg,838,136,1090,388,955,253
0273334.jpg,839,136,1091,388,957,252
0273335.jpg,841,131,1095,385,954,252
0273336.jpg,841,129,1095,383,953,253
0273337.jpg,841,128,1095,382,950,252
0273338.jpg,841,127,1095,381,949,250
0273339.jpg,842,127,1094,379,950,250
0273340.jpg,842,126,1094,378,951,249
0273341.jpg,841,126,1093,378,950,249
0273342.jpg,841,125,1093,377,946,250
0273343.jpg,840,124,1092,376,944,250
0273345.jpg,841,126,1089,374,933,236
0273346.jpg,841,126,1089,374,938,241
0273347.jpg,841,126,1089,374,939,242
0273349.jpg,842,127,1090,375,937,237
0273350.jpg,843,127,1091,375,977,242
0273351.jpg,844,127,1092,375,988,242
0273352.jpg,844,128,1092,376,970,246
0273353.jpg,844,128,1092,376,967,246
0273354.jpg,866,160,1074,368,967,246
0273355.jpg,867,161,1075,369,965,245
0273356.jpg,870,163,1074,367,965,246
0273357.jpg,870,163,1074,367,966,247
0273358.jpg,870,163,1074,367,964,248
0273359.jpg,868,162,1076,370,964,249
0273360.jpg,868,162,1076,370,964,249
0273361.jpg,868,163,1076,371,963,248
0273362.jpg,868,163,1076,371,962,250
0273363.jpg,866,161,1078,373,963,249
0273364.jpg,866,161,1078,373,963,251
0273365.jpg,865,161,1077,373,978,247
0273366.jpg,865,161,1077,373,968,251
0273367.jpg,865,161,1077,373,966,251
0273368.jpg,865,161,1077,373,950,251
0273369.jpg,865,162,1077,374,913,701
0273370.jpg,865,162,1077,374,909,700
0273371.jpg,865,162,1077,374,903,673
0273372.jpg,868,164,1076,372,863,665
0273373.jpg,868,163,1076,371,858,666
0273374.jpg,868,162,1076,370,855,668
0273375.jpg,866,158,1078,370,857,666
0273376.jpg,845,125,1097,377,857,665
0273377.jpg,845,123,1097,375,858,664
0273378.jpg,845,123,1097,375,858,664
0273379.jpg,845,123,1097,375,860,664
0273380.jpg,846,124,1094,372,860,663
0273381.jpg,846,123,1094,371,860,663
0273382.jpg,845,122,1093,370,861,662
0273383.jpg,845,122,1093,370,861,663
0273384.jpg,845,122,1093,370,1021,645
0273385.jpg,845,123,1093,371,1032,648
0273386.jpg,858,142,1080,364,1085,617
0273387.jpg,858,142,1080,364,1131,625
0273388.jpg,858,142,1080,364,1134,620
0273389.jpg,858,142,1080,364,1205,639
0273390.jpg,847,120,1091,364,1202,636
0273391.jpg,845,116,1093,364,1203,636
0273392.jpg,845,116,1093,364,1202,636
0273393.jpg,845,115,1093,363,1195,637
0273394.jpg,845,115,1093,363,1202,638
0273395.jpg,845,115,1093,363,1201,638
0273396.jpg,845,115,1093,363,1202,637
0273397.jpg,845,115,1093,363,1201,637
0273398.jpg,845,115,1093,363,1201,638
0273399.jpg,845,115,1093,363,1199,638
0273400.jpg,845,115,1093,363,1200,638
0273401.jpg,844,115,1092,363,1201,638
