0281000.jpg,261,39,441,219,875,132
0281001.jpg,261,40,441,220,882,134
0281002.jpg,261,42,441,222,881,134
0281003.jpg,261,42,441,222,880,135
0281004.jpg,261,42,441,222,880,135
0281005.jpg,262,42,442,222,879,136
0281006.jpg,262,42,442,222,878,136
0281007.jpg,262,42,442,222,878,138
0281008.jpg,261,42,441,222,878,139
0281009.jpg,261,43,441,223,878,139
0281010.jpg,261,44,441,224,877,139
0281011.jpg,261,45,441,225,878,140
0281012.jpg,261,45,441,225,881,134
0281013.jpg,261,45,441,225,879,133
0281014.jpg,264,46,440,222,883,132
0281015.jpg,265,46,441,222,883,147
0281016.jpg,265,46,441,222,886,143
0281017.jpg,265,46,441,222,892,159
0281018.jpg,265,46,441,222,894,160
0281019.jpg,265,46,441,222,896,165
0281020.jpg,265,47,441,223,885,139
0281021.jpg,265,47,441,223,884,135
0281022.jpg,265,47,441,223,885,134
0281023.jpg,264,47,440,223,888,134
0281024.jpg,264,46,440,222,891,134
0281025.jpg,263,46,439,222,894,134
0281026.jpg,261,44,441,224,894,133
0281027.jpg,262,46,438,222,896,135
0281028.jpg,260,45,440,225,897,135
0281029.jpg,260,47,440,227,897,137
0281030.jpg,261,46,443,228,898,139
0281031.jpg,261,46,443,228,897,136
0281032.jpg,261,46,443,228,897,139
0281033.jpg,262,47,442,227,897,140
0281034.jpg,261,46,441,226,897,142
0281035.jpg,263,48,439,224,898,140
0281036.jpg,263,48,439,224,897,140
0281037.jpg,264,48,440,224,898,141
0281038.jpg,262,46,442,226,897,140
0281039.jpg,262,46,442,226,897,139
0281040.jpg,262,46,442,226,896,138
0281041.jpg,261,46,441,226,897,139
0281042.jpg,261,46,441,226,896,140
0281043.jpg,261,46,441,226,896,137
0281044.jpg,261,45,441,225,895,136
0281045.jpg,262,45,442,225,895,136
0281046.jpg,262,45,442,225,894,137
0281047.jpg,265,47,441,223,894,137
0281048.jpg,265,47,441,223,895,137
0281049.jpg,265,47,441,223,892,139
0281050.jpg,265,47,441,223,890,141
0281051.jpg,266,47,442,223,890,144
0281052.jpg,266,46,442,222,890,145
0281053.jpg,266,43,442,219,889,145
0281054.jpg,266,43,442,219,887,145
0281055.jpg,266,42,442,218,888,146
0281056.jpg,266,42,442,218,887,144
0281057.jpg,267,41,443,217,886,144
0281058.jpg,268,43,444,219,885,145
0281059.jpg,271,41,451,221,884,145
0281060.jpg,271,41,451,221,882,143
0281061.jpg,270,40,452,222,883,143
0281062.jpg,271,40,453,222,881,144
0281063.jpg,271,40,453,222,881,144
0281064.jpg,271,40,453,222,881,143
0281065.jpg,271,40,453,222,879,143
0281066.jpg,267,41,443,217,880,146
0281067.jpg,267,41,443,217,879,139
0281068.jpg,267,41,443,217,880,142
0281069.jpg,267,41,443,217,881,144
0281070.jpg,267,41,443,217,881,143
0281071.jpg,267,40,443,216,880,142
0281072.jpg,267,40,443,216,880,140
0281073.jpg,267,40,443,216,880,141
0281074.jpg,267,40,443,216,878,140
0281075.jpg,267,40,443,216,878,141
0281076.jpg,267,40,443,216,878,142
0281077.jpg,267,40,443,216,879,143
0281078.jpg,266,40,442,216,878,143
0281079.jpg,266,40,442,216,878,144
0281080.jpg,266,40,442,216,878,143
0281081.jpg,266,40,442,216,880,143
0281082.jpg,266,40,442,216,880,143
0281083.jpg,266,40,442,216,882,143
0281084.jpg,267,42,439,214,882,144
0281085.jpg,267,42,439,214,884,144
0281086.jpg,267,42,439,214,883,143
0281087.jpg,267,42,439,214,884,144
0281088.jpg,267,42,439,214,887,144
0281089.jpg,267,43,439,215,888,144
0281090.jpg,265,41,441,217,889,144
0281091.jpg,265,42,441,218,889,144
0281092.jpg,265,42,441,218,889,143
0281093.jpg,265,42,441,218,889,143
0281094.jpg,265,42,441,218,890,143
0281095.jpg,265,42,441,218,890,144
0281096.jpg,265,42,441,218,889,144
0281097.jpg,265,42,441,218,888,145
0281098.jpg,265,43,441,219,888,144
0281099.jpg,265,43,441,219,887,145
0281100.jpg,263,41,443,221,887,146
0281101.jpg,263,41,443,221,885,145
0281102.jpg,264,41,444,221,886,146
0281103.jpg,264,41,444,221,885,146
0281104.jpg,264,41,444,221,884,147
0281105.jpg,264,41,444,221,883,146
0281106.jpg,264,41,444,221,882,147
0281107.jpg,264,41,444,221,882,147
0281108.jpg,263,41,443,221,881,148
0281109.jpg,263,41,443,221,882,147
0281110.jpg,263,41,443,221,883,148
0281111.jpg,265,43,441,219,884,147
0281112.jpg,265,43,441,219,883,147
0281113.jpg,265,43,441,219,885,148
0281114.jpg,265,44,441,220,885,148
0281115.jpg,266,44,442,220,885,149
0281116.jpg,266,44,442,220,887,149
0281117.jpg,266,45,442,221,886,147
0281118.jpg,266,45,442,221,887,148
0281119.jpg,268,42,454,228,887,149
0281120.jpg,269,43,455,229,888,148
0281121.jpg,269,43,455,229,888,148
0281122.jpg,269,43,455,229,889,148
0281123.jpg,269,43,455,229,889,146
0281124.jpg,267,41,457,231,888,146
0281125.jpg,267,41,457,231,890,146
0281126.jpg,268,41,458,231,890,143
0281127.jpg,268,41,458,231,889,143
0281128.jpg,270,40,460,230,888,143
0281129.jpg,272,40,462,230,889,144
0281130.jpg,270,39,464,233,888,143
0281131.jpg,270,39,464,233,886,143
0281132.jpg,268,38,466,236,883,143
0281133.jpg,268,40,466,238,882,143
0281134.jpg,267,39,467,239,880,142
0281135.jpg,267,39,467,239,878,140
0281136.jpg,268,40,466,238,876,141
0281137.jpg,268,40,466,238,876,141
0281138.jpg,268,39,466,237,875,143
0281139.jpg,268,39,466,237,874,144
0281140.jpg,268,39,466,237,875,142
0281141.jpg,268,38,466,236,876,142
0281142.jpg,270,39,464,233,876,143
0281143.jpg,270,37,464,231,876,142
0281144.jpg,273,39,463,229,875,141
0281145.jpg,273,39,463,229,876,141
0281146.jpg,273,39,463,229,877,144
0281147.jpg,273,39,463,229,878,144
0281148.jpg,273,39,463,229,878,145
0281149.jpg,273,39,463,229,880,145
0281150.jpg,273,39,463,229,880,145
0281151.jpg,274,40,460,226,881,147
0281152.jpg,274,40,460,226,880,147
0281153.jpg,274,40,460,226,882,147
0281154.jpg,274,40,460,226,882,146
0281155.jpg,274,41,460,227,882,145
0281156.jpg,272,39,462,229,884,147
0281157.jpg,272,39,462,229,885,149
0281158.jpg,272,39,462,229,884,148
0281159.jpg,272,39,462,229,885,148
0281160.jpg,272,39,462,229,887,149
0281161.jpg,272,39,462,229,888,151
0281162.jpg,271,39,461,229,888,151
0281163.jpg,271,39,461,229,888,152
0281164.jpg,271,39,461,229,888,152
0281165.jpg,272,39,462,229,888,151
0281166.jpg,272,39,462,229,888,151
0281167.jpg,272,39,462,229,887,149
0281168.jpg,272,39,462,229,886,149
0281169.jpg,272,39,462,229,886,149
0281170.jpg,272,39,462,229,886,149
0281171.jpg,272,39,462,229,887,149
0281172.jpg,272,39,462,229,886,149
0281173.jpg,272,39,462,229,886,149
0281174.jpg,269,37,463,231,886,147
0281175.jpg,268,37,462,231,887,145
0281176.jpg,268,37,462,231,888,145
0281177.jpg,267,38,461,232,889,144
0281178.jpg,269,40,459,230,889,143
0281179.jpg,269,40,459,230,890,144
0281180.jpg,269,39,459,229,891,144
0281181.jpg,272,41,458,227,891,144
0281182.jpg,272,41,458,227,893,143
0281183.jpg,271,41,457,227,893,143
0281184.jpg,271,41,457,227,895,143
0281185.jpg,271,41,457,227,894,142
0281186.jpg,271,41,457,227,895,141
0281187.jpg,273,43,455,225,895,141
0281188.jpg,274,43,456,225,895,141
0281189.jpg,274,42,456,224,895,140
0281190.jpg,274,42,456,224,894,139
0281191.jpg,274,42,456,224,895,141
0281192.jpg,273,42,455,224,895,142
0281193.jpg,273,42,455,224,895,141
0281194.jpg,273,42,455,224,896,141
0281195.jpg,273,42,455,224,896,141
0281196.jpg,272,42,454,224,896,143
0281197.jpg,272,42,454,224,894,139
0281198.jpg,272,42,454,224,893,140
0281199.jpg,272,42,454,224,892,140
0281200.jpg,272,42,454,224,890,139
0281201.jpg,272,42,454,224,889,141
0281202.jpg,272,42,454,224,889,141
0281203.jpg,272,42,454,224,889,141
0281204.jpg,268,44,440,216,887,140
0281205.jpg,268,44,440,216,886,141
0281206.jpg,268,44,440,216,886,141
0281207.jpg,268,44,440,216,884,141
0281208.jpg,268,44,440,216,883,142
0281209.jpg,268,44,440,216,884,142
0281210.jpg,268,44,440,216,883,140
0281211.jpg,268,44,440,216,881,141
0281212.jpg,268,44,440,216,882,139
0281213.jpg,268,44,440,216,881,140
0281214.jpg,268,44,440,216,881,140
0281215.jpg,268,44,440,216,882,140
0281216.jpg,268,44,440,216,882,141
0281217.jpg,268,44,440,216,881,139
0281218.jpg,268,44,440,216,881,140
0281219.jpg,267,43,439,215,881,139
0281220.jpg,267,43,439,215,881,140
0281221.jpg,267,44,439,216,880,139
0281222.jpg,267,44,439,216,878,140
0281223.jpg,267,44,439,216,878,142
0281224.jpg,265,42,441,218,878,143
0281225.jpg,265,42,441,218,878,144
0281226.jpg,265,43,441,219,878,142
0281227.jpg,265,43,441,219,879,142
0281228.jpg,264,43,440,219,878,142
0281229.jpg,264,44,440,220,879,141
0281230.jpg,264,44,440,220,880,142
0281231.jpg,262,42,442,222,879,142
0281232.jpg,262,42,442,222,879,141
0281233.jpg,263,42,443,222,881,142
0281234.jpg,263,42,443,222,880,143
0281235.jpg,263,42,443,222,881,144
0281236.jpg,263,42,443,222,881,144
0281237.jpg,263,42,443,222,880,143
0281238.jpg,264,44,440,220,880,144
0281239.jpg,264,44,440,220,880,144
0281240.jpg,264,44,440,220,880,143
0281241.jpg,264,44,440,220,880,144
0281242.jpg,265,44,441,220,880,144
0281243.jpg,267,45,439,217,880,143
0281244.jpg,267,45,439,217,880,144
0281245.jpg,267,45,439,217,882,144
0281246.jpg,267,45,439,217,882,144
0281247.jpg,269,47,437,215,882,144
0281248.jpg,269,46,437,214,882,143
0281249.jpg,269,46,437,214,881,144
0281250.jpg,269,46,437,214,882,143
0281251.jpg,269,46,437,214,881,143
0281252.jpg,267,45,439,217,882,144
0281253.jpg,267,45,439,217,881,143
0281254.jpg,267,45,439,217,882,143
0281255.jpg,267,45,439,217,882,143
0281256.jpg,267,45,439,217,882,142
0281257.jpg,267,45,439,217,882,144
0281258.jpg,267,46,439,218,882,143
0281259.jpg,267,46,439,218,883,143
0281260.jpg,267,46,439,218,881,143
0281261.jpg,267,46,439,218,881,142
0281262.jpg,265,44,441,220,882,143
0281263.jpg,265,44,441,220,883,144
0281264.jpg,265,44,441,220,883,143
0281265.jpg,265,44,441,220,883,143
0281266.jpg,265,44,441,220,884,143
0281267.jpg,266,45,442,221,885,145
0281268.jpg,266,47,442,223,884,143
0281269.jpg,264,47,444,227,884,142
0281270.jpg,264,47,444,227,884,142
0281271.jpg,264,47,444,227,884,142
0281272.jpg,263,47,443,227,884,141
0281273.jpg,263,47,443,227,884,143
0281274.jpg,263,47,443,227,883,143
0281275.jpg,263,47,443,227,883,143
0281276.jpg,263,47,443,227,884,142
0281277.jpg,264,47,444,227,884,142
0281278.jpg,264,46,444,226,884,141
0281279.jpg,264,46,444,226,885,142
0281280.jpg,264,46,444,226,885,143
0281281.jpg,264,46,444,226,885,142
0281282.jpg,264,45,444,225,886,141
0281283.jpg,264,45,444,225,885,141
0281284.jpg,266,47,442,223,885,141
0281285.jpg,266,47,442,223,886,142
0281286.jpg,266,46,442,222,886,142
0281287.jpg,268,48,440,220,887,143
0281288.jpg,267,48,439,220,886,142
0281289.jpg,267,48,439,220,887,143
0281290.jpg,267,48,439,220,887,143
0281291.jpg,267,48,439,220,888,144
0281292.jpg,267,48,439,220,889,143
0281293.jpg,267,48,439,220,889,144
0281294.jpg,267,48,439,220,888,143
0281295.jpg,264,48,440,224,886,142
0281296.jpg,263,48,439,224,886,143
0281297.jpg,263,48,439,224,886,144
0281298.jpg,262,48,438,224,886,144
0281299.jpg,264,49,436,221,886,143
0281300.jpg,263,48,435,220,887,143
0281301.jpg,263,48,435,220,887,142
0281302.jpg,254,42,436,224,888,142
0281303.jpg,251,38,437,224,887,142
0281304.jpg,249,38,435,224,888,141
0281305.jpg,244,34,438,228,888,142
0281306.jpg,241,32,439,230,888,142
0281307.jpg,237,33,437,233,888,142
0281308.jpg,233,36,433,236,887,141
0281309.jpg,234,40,432,238,887,143
0281310.jpg,233,43,431,241,887,142
0281311.jpg,234,45,428,239,888,142
0281312.jpg,230,45,424,239,888,141
0281313.jpg,228,45,422,239,887,141
0281314.jpg,227,45,421,239,888,142
0281315.jpg,227,45,421,239,887,143
0281316.jpg,227,45,421,239,888,143
0281317.jpg,226,45,420,239,886,143
0281318.jpg,226,44,420,238,886,144
0281319.jpg,227,45,417,235,886,143
0281320.jpg,227,46,413,232,884,144
0281321.jpg,227,46,413,232,884,143
0281322.jpg,227,45,413,231,882,144
0281323.jpg,225,42,415,232,882,144
0281324.jpg,228,42,418,232,882,145
0281325.jpg,228,40,422,234,882,146
0281326.jpg,231,38,425,232,881,145
0281327.jpg,238,36,428,226,880,145
0281328.jpg,243,36,425,218,881,146
0281329.jpg,247,32,427,212,883,146
0281330.jpg,255,34,431,210,883,147
0281331.jpg,262,36,434,208,884,147
0281332.jpg,266,36,438,208,884,147
0281333.jpg,267,36,439,208,884,148
0281334.jpg,283,43,451,211,884,148
0281335.jpg,281,41,453,213,883,148
0281336.jpg,281,42,453,214,884,148
0281337.jpg,283,44,451,212,883,146
0281338.jpg,283,44,451,212,883,147
0281339.jpg,283,43,451,211,885,147
0281340.jpg,283,43,451,211,885,148
0281341.jpg,271,37,439,205,887,148
0281342.jpg,270,36,438,204,887,147
0281343.jpg,262,30,438,206,888,148
0281344.jpg,259,27,441,209,886,146
0281345.jpg,255,25,441,211,886,145
0281346.jpg,253,25,439,211,886,145
0281347.jpg,252,25,438,211,886,144
0281348.jpg,251,25,437,211,886,143
0281349.jpg,251,25,437,211,886,144
0281350.jpg,247,23,437,213,888,145
0281351.jpg,244,24,434,214,887,145
0281352.jpg,244,26,434,216,887,146
0281353.jpg,244,30,434,220,888,147
0281354.jpg,242,30,432,220,888,145
0281355.jpg,242,31,432,221,889,146
0281356.jpg,240,30,434,224,888,143
0281357.jpg,238,30,432,224,852,178
0281358.jpg,235,31,429,225,840,240
0281359.jpg,233,31,427,225,765,272
0281360.jpg,230,31,424,225,707,325
0281361.jpg,230,31,424,225,629,371
0281362.jpg,228,29,426,227,464,169
0281363.jpg,228,29,426,227,384,122
0281364.jpg,229,26,427,224,356,117
0281365.jpg,234,24,432,222,344,121
0281366.jpg,248,31,424,207,342,120
0281367.jpg,259,33,431,205,445,323
0281368.jpg,262,35,430,203,436,355
0281369.jpg,265,38,427,200,448,358
0281370.jpg,265,38,427,200,453,361
0281371.jpg,268,39,430,201,454,361
0281372.jpg,269,39,431,201,455,361
0281373.jpg,270,39,432,201,455,359
0281374.jpg,271,39,433,201,453,358
0281375.jpg,272,40,434,202,453,356
0281376.jpg,272,40,434,202,452,356
0281377.jpg,273,40,435,202,452,355
0281378.jpg,277,42,435,200,451,354
0281379.jpg,277,43,435,201,451,355
0281380.jpg,277,44,435,202,450,355
0281381.jpg,284,42,448,206,451,355
0281382.jpg,285,42,449,206,451,355
0281383.jpg,286,42,450,206,450,356
0281384.jpg,287,42,451,206,450,357
0281385.jpg,287,42,451,206,448,357
0281386.jpg,287,43,451,207,449,358
0281387.jpg,288,43,452,207,448,360
0281388.jpg,289,43,453,207,454,166
0281389.jpg,290,44,452,206,467,164
0281390.jpg,290,44,452,206,808,225
0281391.jpg,290,44,452,206,813,229
0281392.jpg,289,44,451,206,883,142
0281393.jpg,287,45,449,207,887,144
0281394.jpg,287,45,449,207,887,146
0281395.jpg,285,44,449,208,887,146
0281396.jpg,284,45,448,209,888,146
0281397.jpg,283,46,447,210,887,147
0281398.jpg,281,44,449,212,887,147
0281399.jpg,281,44,449,212,886,146
0281400.jpg,281,42,453,214,887,146
0281401.jpg,281,42,453,214,886,146
0281402.jpg,281,42,453,214,886,146
0281403.jpg,283,41,451,209,887,147
0281404.jpg,283,41,447,205,885,147
0281405.jpg,271,37,435,201,886,147
0281406.jpg,269,34,437,202,885,148
0281407.jpg,264,32,436,204,884,147
0281408.jpg,260,28,440,208,839,200
0281409.jpg,259,27,441,209,819,242
0281410.jpg,259,30,441,212,391,120
0281411.jpg,259,33,441,215,382,120
0281412.jpg,259,33,441,215,368,119
0281413.jpg,266,40,438,212,363,116
0281414.jpg,268,44,436,212,359,115
0281415.jpg,268,44,436,212,358,112
0281416.jpg,268,44,436,212,356,112
0281417.jpg,265,42,437,214,353,113
0281418.jpg,264,42,436,214,352,113
0281419.jpg,261,40,437,216,347,116
0281420.jpg,260,40,436,216,335,117
0281421.jpg,260,40,436,216,333,121
0281422.jpg,260,40,436,216,333,123
0281423.jpg,261,42,433,214,356,137
0281424.jpg,259,42,431,214,468,312
0281425.jpg,259,42,431,214,470,314
0281426.jpg,259,42,431,214,470,313
0281427.jpg,258,43,430,215,469,312
0281428.jpg,257,43,429,215,466,309
0281429.jpg,257,43,429,215,463,308
0281430.jpg,257,44,429,216,463,307
0281431.jpg,257,44,429,216,465,309
0281432.jpg,254,40,434,220,463,308
0281433.jpg,256,39,436,219,461,312
0281434.jpg,257,39,437,219,800,341
0281435.jpg,257,38,437,218,866,151
0281436.jpg,257,38,437,218,875,150
0281437.jpg,258,38,438,218,876,152
0281438.jpg,260,40,436,216,875,151
0281439.jpg,260,40,436,216,875,152
0281440.jpg,260,40,436,216,876,151
0281441.jpg,258,38,438,218,876,151
0281442.jpg,259,38,439,218,875,151
0281443.jpg,259,38,439,218,876,151
0281444.jpg,259,38,439,218,876,149
0281445.jpg,261,39,437,215,875,150
0281446.jpg,262,39,438,215,877,151
0281447.jpg,262,38,438,214,876,151
0281448.jpg,262,38,438,214,876,151
0281449.jpg,261,38,437,214,877,151
0281450.jpg,260,37,436,213,877,151
0281451.jpg,259,37,435,213,875,150
0281452.jpg,259,37,435,213,875,150
0281453.jpg,259,37,435,213,876,151
0281454.jpg,259,37,435,213,875,152
0281455.jpg,260,36,436,212,875,153
0281456.jpg,260,35,436,211,876,153
0281457.jpg,261,35,437,211,876,152
0281458.jpg,265,38,437,210,875,153
0281459.jpg,267,40,435,208,875,152
0281460.jpg,268,40,436,208,874,152
0281461.jpg,268,39,436,207,874,152
0281462.jpg,269,39,437,207,874,153
0281463.jpg,269,40,437,208,874,153
0281464.jpg,269,38,441,210,874,151
0281465.jpg,277,38,449,210,874,151
0281466.jpg,278,38,450,210,873,150
0281467.jpg,279,39,451,211,873,151
0281468.jpg,285,41,453,209,875,154
0281469.jpg,286,41,454,209,876,155
0281470.jpg,286,41,454,209,876,155
0281471.jpg,285,42,457,214,876,154
0281472.jpg,286,44,458,216,877,156
0281473.jpg,285,42,461,218,876,155
0281474.jpg,283,40,463,220,876,154
0281475.jpg,285,40,465,220,876,155
0281476.jpg,285,41,465,221,876,155
0281477.jpg,285,41,465,221,877,154
0281478.jpg,285,41,465,221,876,155
0281479.jpg,286,42,462,218,877,155
0281480.jpg,286,41,462,217,876,154
0281481.jpg,290,43,462,215,877,154
0281482.jpg,290,42,462,214,877,154
0281483.jpg,290,39,462,211,877,155
0281484.jpg,290,39,462,211,876,155
0281485.jpg,292,41,460,209,878,155
0281486.jpg,289,39,461,211,877,155
0281487.jpg,289,39,461,211,877,155
0281488.jpg,290,41,458,209,877,154
0281489.jpg,289,41,457,209,877,155
0281490.jpg,289,41,457,209,878,155
0281491.jpg,289,41,457,209,877,154
0281492.jpg,288,41,456,209,877,156
0281493.jpg,287,41,455,209,877,155
0281494.jpg,287,41,455,209,876,155
0282000.jpg,790,48,954,212,802,106
0282002.jpg,788,48,956,216,389,89
0282003.jpg,784,47,956,219,374,141
0282004.jpg,784,47,956,219,373,141
0282005.jpg,783,48,955,220,373,142
0282006.jpg,783,49,955,221,373,140
0282007.jpg,784,51,952,219,372,140
0282008.jpg,783,51,951,219,371,140
0282009.jpg,783,50,951,218,371,141
0282010.jpg,786,53,948,215,373,143
0282011.jpg,788,54,950,216,373,142
0282012.jpg,789,52,951,214,373,141
0282013.jpg,786,48,954,216,373,140
0282014.jpg,787,46,955,214,373,141
0282015.jpg,787,46,955,214,372,142
0282016.jpg,789,48,953,212,371,145
0282017.jpg,792,50,950,208,371,144
0282018.jpg,795,52,949,206,374,143
0282019.jpg,796,52,950,206,373,140
0282020.jpg,798,52,952,206,374,139
0282021.jpg,807,48,969,210,372,140
0282022.jpg,809,48,971,210,371,141
0282023.jpg,809,47,973,211,370,145
0282024.jpg,809,47,973,211,372,149
0282025.jpg,811,47,973,209,373,151
0282026.jpg,812,47,974,209,374,150
0282027.jpg,811,46,975,210,374,149
0282028.jpg,811,46,975,210,374,147
0282029.jpg,810,46,974,210,373,144
0282030.jpg,806,44,974,212,875,117
0282031.jpg,806,44,974,212,879,117
0282032.jpg,805,44,973,212,879,117
0282033.jpg,805,44,973,212,878,118
0282034.jpg,805,44,973,212,879,117
0282035.jpg,804,45,972,213,879,117
0282036.jpg,804,46,972,214,879,118
0282037.jpg,803,46,971,214,880,118
0282038.jpg,804,48,968,212,879,117
0282039.jpg,803,48,967,212,879,118
0282040.jpg,800,51,958,209,880,119
0282041.jpg,798,51,956,209,880,118
0282042.jpg,798,52,956,210,879,119
0282043.jpg,793,50,957,214,370,136
0282044.jpg,791,48,959,216,366,137
0282045.jpg,790,49,958,217,365,136
0282046.jpg,789,49,957,217,366,136
0282047.jpg,789,49,957,217,366,135
0282048.jpg,789,49,957,217,365,133
0282049.jpg,790,51,954,215,365,134
0282050.jpg,791,52,953,214,364,133
0282051.jpg,790,52,952,214,366,135
0282052.jpg,789,51,953,215,366,137
0282053.jpg,789,52,951,214,366,138
0282054.jpg,789,52,951,214,366,135
0282055.jpg,789,52,951,214,366,135
0282056.jpg,789,52,951,214,367,136
0282057.jpg,789,52,951,214,367,136
0282058.jpg,789,52,951,214,367,135
0282059.jpg,788,54,952,218,367,136
0282060.jpg,785,52,953,220,368,138
0282061.jpg,787,54,951,218,367,135
0282062.jpg,787,54,951,218,369,135
0282063.jpg,787,54,951,218,368,132
0282064.jpg,786,54,950,218,367,134
0282065.jpg,786,55,950,219,367,135
0282066.jpg,785,55,949,219,366,134
0282067.jpg,785,55,949,219,368,134
0282068.jpg,786,56,948,218,368,133
0282069.jpg,786,56,948,218,368,132
0282070.jpg,787,56,949,218,367,131
0282071.jpg,788,53,952,217,367,131
0282072.jpg,788,53,952,217,368,132
0282073.jpg,790,53,954,217,367,131
0282074.jpg,788,51,956,219,367,131
0282075.jpg,789,51,957,219,369,131
0282076.jpg,787,49,959,221,369,127
0282077.jpg,787,49,959,221,369,128
0282078.jpg,787,49,959,221,367,132
0282079.jpg,785,48,961,224,369,131
0282080.jpg,785,48,961,224,368,129
0282081.jpg,784,48,960,224,368,129
0282082.jpg,784,48,960,224,369,130
0282083.jpg,784,48,960,224,369,130
0282084.jpg,784,49,960,225,369,129
0282085.jpg,784,49,960,225,369,129
0282086.jpg,783,50,959,226,369,130
0282087.jpg,787,54,955,222,369,129
0282088.jpg,786,55,954,223,369,130
0282089.jpg,787,57,951,221,369,130
0282090.jpg,785,57,949,221,368,131
0282091.jpg,785,57,949,221,367,129
0282092.jpg,785,57,949,221,367,129
0282093.jpg,785,57,949,221,367,130
0282094.jpg,784,55,952,223,366,130
0282095.jpg,783,53,955,225,366,130
0282096.jpg,783,50,959,226,367,130
0282097.jpg,784,50,960,226,367,130
0282098.jpg,784,50,960,226,366,130
0282099.jpg,784,50,960,226,366,130
0282100.jpg,784,50,960,226,367,129
0282101.jpg,784,49,960,225,366,129
0282102.jpg,784,49,960,225,367,129
0282103.jpg,786,51,958,223,367,130
0282104.jpg,786,50,958,222,366,129
0282105.jpg,786,50,958,222,365,129
0282106.jpg,787,50,959,222,365,131
0282107.jpg,787,49,959,221,366,131
0282108.jpg,787,49,959,221,367,132
0282109.jpg,787,48,959,220,367,133
0282110.jpg,787,47,959,219,367,134
0282111.jpg,786,44,958,216,367,133
0282112.jpg,787,46,955,214,366,133
0282113.jpg,785,46,953,214,366,133
0282114.jpg,783,46,951,214,366,132
0282115.jpg,782,46,950,214,367,134
0282116.jpg,781,46,949,214,366,133
0282117.jpg,783,48,947,212,366,134
0282118.jpg,786,52,944,210,367,134
0282119.jpg,786,51,944,209,367,135
0282120.jpg,788,53,942,207,367,133
0282121.jpg,790,53,944,207,367,133
0282122.jpg,788,51,946,209,367,133
0282123.jpg,789,52,947,210,367,133
0282124.jpg,789,54,947,212,366,133
0282125.jpg,787,52,949,214,366,134
0282126.jpg,784,50,952,218,366,133
0282127.jpg,784,50,952,218,366,133
0282128.jpg,784,50,952,218,365,133
0282129.jpg,785,50,953,218,365,133
0282130.jpg,785,50,953,218,365,134
0282131.jpg,787,50,955,218,366,133
0282132.jpg,785,48,957,220,366,133
0282133.jpg,783,48,959,224,366,134
0282134.jpg,784,48,960,224,366,133
0282135.jpg,784,51,960,227,366,134
0282136.jpg,789,57,957,225,366,134
0282137.jpg,789,57,957,225,365,134
0282138.jpg,789,57,957,225,365,136
0282139.jpg,789,57,957,225,365,136
0282140.jpg,789,57,957,225,367,138
0282141.jpg,783,50,959,226,368,137
0282142.jpg,782,50,958,226,368,137
0282143.jpg,780,48,960,228,367,137
0282144.jpg,780,48,960,228,367,137
0282145.jpg,780,48,960,228,367,138
0282146.jpg,782,50,958,226,367,137
0282147.jpg,782,50,958,226,368,137
0282148.jpg,786,52,958,224,369,138
0282149.jpg,786,51,958,223,369,138
0282150.jpg,787,51,959,223,368,138
0282151.jpg,788,51,960,223,369,138
0282152.jpg,789,51,961,223,370,137
0282153.jpg,790,51,962,223,371,137
0282154.jpg,790,51,962,223,371,138
0282155.jpg,797,50,969,222,371,137
0282156.jpg,797,50,969,222,371,137
0282157.jpg,797,48,973,224,371,139
0282158.jpg,797,48,973,224,371,139
0282159.jpg,798,48,974,224,371,142
0282160.jpg,798,48,974,224,372,141
0282161.jpg,799,48,975,224,374,140
0282162.jpg,799,48,975,224,373,138
0282163.jpg,798,48,974,224,374,138
0282164.jpg,798,48,974,224,373,139
0282165.jpg,797,48,973,224,373,139
0282166.jpg,793,48,969,224,372,140
0282167.jpg,793,48,969,224,372,139
0282168.jpg,791,48,967,224,372,139
0282169.jpg,791,48,967,224,372,140
0282170.jpg,791,50,963,222,403,150
0282171.jpg,789,51,961,223,705,238
0282172.jpg,786,49,962,225,706,249
0282173.jpg,785,50,961,226,707,252
0282174.jpg,784,51,960,227,891,291
0282175.jpg,784,51,960,227,885,305
0282176.jpg,788,56,956,224,877,132
0282177.jpg,789,57,957,225,882,135
0282178.jpg,791,59,955,223,887,136
0282179.jpg,791,59,955,223,885,134
0282180.jpg,790,59,954,223,888,136
0282181.jpg,790,59,954,223,891,136
0282182.jpg,790,59,954,223,891,135
0282183.jpg,790,59,954,223,892,134
0282184.jpg,790,58,954,222,900,152
0282185.jpg,790,58,954,222,855,160
0282186.jpg,791,58,955,222,856,163
0282187.jpg,791,58,955,222,857,163
0282188.jpg,790,58,954,222,863,157
0282189.jpg,787,58,955,226,864,160
0282190.jpg,787,58,955,226,864,160
0282191.jpg,787,58,955,226,864,159
0282192.jpg,787,58,955,226,859,160
0282193.jpg,787,59,955,227,868,158
0282194.jpg,787,59,955,227,872,158
0282195.jpg,787,59,955,227,875,156
0282196.jpg,787,58,955,226,874,154
0282197.jpg,787,58,955,226,845,168
0282198.jpg,787,58,955,226,845,168
0282199.jpg,787,58,955,226,844,166
0282200.jpg,787,58,955,226,845,167
0282201.jpg,787,58,955,226,844,165
0282202.jpg,789,60,953,224,817,247
0282203.jpg,790,60,954,224,824,250
0282204.jpg,790,60,954,224,823,251
0282205.jpg,790,59,954,223,823,253
0282206.jpg,789,59,953,223,823,252
0282207.jpg,789,60,951,222,823,253
0282208.jpg,789,60,951,222,821,253
0282209.jpg,789,60,951,222,819,253
0282210.jpg,789,60,951,222,820,250
0282211.jpg,789,60,951,222,822,250
0282212.jpg,790,59,952,221,823,250
0282213.jpg,790,59,952,221,823,251
0282214.jpg,790,59,952,221,824,251
0282215.jpg,790,59,952,221,824,250
0282216.jpg,789,58,953,222,823,251
0282217.jpg,789,57,953,221,823,251
0282218.jpg,785,53,957,225,823,250
0282219.jpg,785,53,957,225,822,251
0282220.jpg,785,53,957,225,822,251
0282221.jpg,783,51,959,227,822,251
0282222.jpg,781,49,961,229,823,251
0282223.jpg,782,49,962,229,822,250
0282224.jpg,782,49,962,229,653,260
0282225.jpg,784,50,960,226,380,147
0282226.jpg,786,50,958,222,374,144
0282227.jpg,786,50,958,222,369,143
0282228.jpg,787,51,955,219,368,143
0282229.jpg,787,51,955,219,368,145
0282230.jpg,787,51,955,219,368,145
0282231.jpg,787,51,955,219,367,145
0282232.jpg,787,51,955,219,366,144
0282233.jpg,785,49,957,221,367,144
0282234.jpg,787,51,955,219,367,144
0282235.jpg,787,51,955,219,366,144
0282236.jpg,785,49,957,221,366,145
0282237.jpg,788,51,956,219,366,145
0282238.jpg,788,51,956,219,367,144
0282239.jpg,786,49,958,221,367,143
0282240.jpg,787,49,959,221,367,143
0282241.jpg,787,49,959,221,367,144
0282242.jpg,787,49,959,221,366,143
0282243.jpg,787,49,959,221,367,144
0282244.jpg,784,48,960,224,367,144
0282245.jpg,784,49,960,225,368,144
0282246.jpg,784,50,960,226,367,144
0282247.jpg,784,51,960,227,368,143
0282248.jpg,783,51,959,227,368,143
0282249.jpg,783,52,959,228,367,144
0282250.jpg,786,54,958,226,367,143
0282251.jpg,791,57,959,225,368,142
0282252.jpg,793,59,957,223,368,142
0282253.jpg,794,59,958,223,367,142
0282254.jpg,794,59,958,223,368,142
0282255.jpg,794,59,958,223,368,142
0282256.jpg,794,59,958,223,368,142
0282257.jpg,795,59,959,223,368,143
0282258.jpg,795,59,959,223,368,142
0282259.jpg,796,60,958,222,367,142
0282260.jpg,796,60,958,222,368,142
0282261.jpg,796,60,958,222,367,143
0282262.jpg,796,60,958,222,367,142
0282263.jpg,796,60,958,222,366,142
0282264.jpg,796,60,958,222,367,143
0282265.jpg,796,59,958,221,366,142
0282266.jpg,795,59,957,221,366,143
0282267.jpg,794,58,956,220,365,142
0282268.jpg,794,58,956,220,366,142
0282269.jpg,793,58,955,220,365,142
0282270.jpg,793,58,955,220,364,142
0282271.jpg,793,59,955,221,364,142
0282272.jpg,790,59,952,221,365,142
0282273.jpg,790,59,952,221,363,142
0282274.jpg,790,59,952,221,363,141
0282275.jpg,790,59,952,221,365,142
0282276.jpg,792,59,954,221,364,142
0282277.jpg,793,59,955,221,364,141
0282278.jpg,793,59,955,221,364,142
0282279.jpg,794,59,956,221,460,213
0282280.jpg,794,59,956,221,460,217
0282281.jpg,794,59,956,221,849,134
0282282.jpg,794,59,956,221,864,138
0282283.jpg,794,59,956,221,865,138
0282284.jpg,794,59,956,221,868,137
0282285.jpg,794,59,956,221,870,138
0282286.jpg,796,61,954,219,869,138
0282287.jpg,796,61,954,219,869,137
0282288.jpg,795,60,953,218,869,137
0282289.jpg,795,60,953,218,869,137
0282290.jpg,787,52,959,224,871,137
0282291.jpg,785,50,961,226,870,136
0282292.jpg,785,50,961,226,870,136
0282293.jpg,787,52,959,224,869,136
0282294.jpg,792,57,956,221,871,137
0282295.jpg,792,57,956,221,870,138
0282296.jpg,792,57,956,221,869,139
0282297.jpg,781,48,963,230,870,140
0282298.jpg,781,48,963,230,870,142
0282299.jpg,781,48,963,230,871,141
0282300.jpg,782,49,962,229,871,141
0282301.jpg,782,48,962,228,872,141
0282302.jpg,783,48,963,228,873,142
0282303.jpg,783,48,963,228,874,141
0282304.jpg,784,47,964,227,873,140
0282305.jpg,784,47,964,227,873,141
0282306.jpg,788,49,964,225,874,142
0282307.jpg,789,49,965,225,874,142
0282308.jpg,789,49,965,225,875,141
0282309.jpg,789,49,965,225,874,142
0282310.jpg,789,49,965,225,877,141
0282311.jpg,788,49,964,225,877,140
0282312.jpg,784,47,964,227,876,142
0282313.jpg,786,49,962,225,876,142
0282314.jpg,786,49,962,225,875,141
0282315.jpg,794,56,958,220,875,141
0282316.jpg,795,57,957,219,876,143
0282317.jpg,795,59,957,221,875,143
0282318.jpg,795,59,957,221,875,143
0282319.jpg,795,59,957,221,873,143
0282320.jpg,794,59,956,221,374,143
0282321.jpg,795,61,953,219,364,145
0282322.jpg,795,63,953,221,363,145
0282323.jpg,795,64,953,222,363,145
0282324.jpg,796,64,954,222,364,145
0282325.jpg,796,64,954,222,363,145
0282326.jpg,794,62,956,224,364,145
0282327.jpg,796,64,954,222,364,144
0282328.jpg,796,64,954,222,363,144
0282329.jpg,794,62,956,224,364,145
0282330.jpg,794,63,956,225,364,145
0282331.jpg,794,64,956,226,363,145
0282332.jpg,793,64,955,226,363,144
0282333.jpg,793,64,955,226,364,144
0282334.jpg,793,64,955,226,364,144
0282335.jpg,792,62,956,226,364,144
0282336.jpg,792,62,956,226,364,145
0282337.jpg,792,62,956,226,364,145
0282338.jpg,791,62,955,226,364,145
0282339.jpg,791,62,955,226,363,144
0282340.jpg,791,62,955,226,364,145
0282341.jpg,790,62,954,226,363,144
0282342.jpg,790,62,954,226,365,143
0282343.jpg,790,61,954,225,363,144
0282344.jpg,790,61,954,225,362,142
0282345.jpg,790,61,954,225,363,143
0282346.jpg,791,61,955,225,362,143
0282347.jpg,791,61,955,225,364,142
0282348.jpg,791,61,955,225,364,142
0282349.jpg,791,61,955,225,362,143
0282350.jpg,791,61,955,225,363,142
0282351.jpg,793,62,955,224,364,142
0282352.jpg,793,62,955,224,363,143
0282353.jpg,793,62,955,224,361,142
0282354.jpg,793,62,955,224,362,142
0282355.jpg,792,61,956,225,360,141
0282356.jpg,792,61,956,225,360,141
0282357.jpg,792,61,956,225,358,138
0282358.jpg,792,61,956,225,357,136
0282359.jpg,792,61,956,225,354,134
0282360.jpg,792,61,956,225,354,131
0282361.jpg,792,61,956,225,350,130
0282362.jpg,792,62,956,226,347,128
0282363.jpg,793,62,957,226,345,126
0282364.jpg,793,62,957,226,343,124
0282365.jpg,793,63,957,227,342,125
0282366.jpg,792,63,956,227,339,125
0282367.jpg,792,63,956,227,338,128
0282368.jpg,792,63,956,227,339,133
0282369.jpg,790,61,958,229,340,138
0282370.jpg,789,60,957,228,341,140
0282371.jpg,791,61,955,225,339,143
0282372.jpg,791,61,955,225,337,140
0282373.jpg,791,61,955,225,335,140
0282374.jpg,791,61,955,225,333,141
0282375.jpg,791,61,955,225,331,140
0282376.jpg,791,61,955,225,333,139
0282377.jpg,791,61,955,225,334,138
0282378.jpg,792,62,954,224,335,138
0282379.jpg,792,62,954,224,334,136
0282380.jpg,792,62,954,224,333,134
0282381.jpg,791,61,953,223,330,135
0282382.jpg,791,61,953,223,327,135
0282383.jpg,791,61,953,223,324,137
0282384.jpg,791,62,953,224,324,136
0282385.jpg,792,61,954,223,328,136
0282386.jpg,792,61,954,223,329,134
0282387.jpg,792,61,954,223,331,133
0282388.jpg,791,61,953,223,333,132
0282389.jpg,791,61,953,223,335,129
0282390.jpg,791,61,953,223,337,127
0282391.jpg,791,61,953,223,340,128
0282392.jpg,791,61,953,223,343,129
0282393.jpg,790,61,952,223,347,130
0282394.jpg,790,61,952,223,351,130
0282395.jpg,791,61,953,223,355,129
0282396.jpg,791,61,953,223,356,133
0282397.jpg,791,61,953,223,358,135
0282398.jpg,791,61,953,223,360,136
0282399.jpg,790,60,954,224,362,135
0282400.jpg,790,60,954,224,362,137
0282401.jpg,790,60,954,224,363,136
0282402.jpg,790,60,954,224,363,136
0282403.jpg,790,60,954,224,363,138
0282404.jpg,790,60,954,224,362,138
0282405.jpg,790,60,954,224,362,136
0282406.jpg,790,60,954,224,361,136
0282407.jpg,791,60,955,224,360,134
0282408.jpg,791,60,955,224,357,131
0282409.jpg,791,60,955,224,358,125
0282410.jpg,791,60,955,224,356,129
0282411.jpg,791,60,955,224,355,119
0282412.jpg,790,60,954,224,352,118
0282413.jpg,790,60,954,224,350,123
0282414.jpg,790,60,954,224,349,120
0282415.jpg,790,60,954,224,346,120
0282416.jpg,790,60,954,224,344,121
0282417.jpg,790,60,954,224,343,120
0282418.jpg,790,60,954,224,341,118
0282419.jpg,788,60,952,224,341,116
0282420.jpg,788,60,952,224,339,124
0282421.jpg,788,60,952,224,337,124
0282422.jpg,789,60,953,224,336,119
0282423.jpg,790,61,952,223,337,120
0282424.jpg,790,62,952,224,336,121
0282425.jpg,790,62,952,224,336,124
0282426.jpg,789,63,951,225,335,124
0282427.jpg,791,65,949,223,335,124
0282428.jpg,791,65,949,223,334,124
0282429.jpg,791,65,949,223,333,124
0282430.jpg,791,65,949,223,331,126
0282431.jpg,791,65,949,223,331,126
0282432.jpg,791,65,949,223,330,126
0282433.jpg,791,64,949,222,331,127
0282434.jpg,791,64,949,222,332,128
0282435.jpg,791,64,949,222,335,126
0282436.jpg,791,64,949,222,338,128
0282437.jpg,792,64,950,222,344,129
0282438.jpg,792,64,950,222,345,131
0282439.jpg,792,63,950,221,348,132
0282440.jpg,792,63,950,221,349,132
0282441.jpg,792,63,950,221,351,133
0282442.jpg,792,63,950,221,352,132
0282443.jpg,789,61,951,223,351,133
0282444.jpg,788,61,950,223,352,135
0282445.jpg,787,60,951,224,354,135
0282446.jpg,787,60,951,224,356,135
0282447.jpg,788,61,950,223,357,134
0282448.jpg,789,61,951,223,357,135
0282449.jpg,789,61,951,223,359,134
0282450.jpg,789,61,951,223,359,135
0282451.jpg,789,61,951,223,359,134
0282452.jpg,789,61,951,223,359,136
0282453.jpg,790,61,952,223,359,135
0282454.jpg,790,61,952,223,361,137
0282455.jpg,790,60,954,224,360,139
0282456.jpg,790,60,954,224,359,141
0282457.jpg,789,60,953,224,359,141
0282458.jpg,789,60,953,224,359,141
0282459.jpg,789,60,953,224,361,138
0282460.jpg,788,60,952,224,362,139
0282461.jpg,788,60,952,224,363,138
0282462.jpg,786,58,954,226,364,139
0282463.jpg,786,59,954,227,363,138
0282464.jpg,786,59,954,227,363,141
0282465.jpg,785,59,953,227,365,139
0282466.jpg,785,59,953,227,365,140
0282467.jpg,785,59,953,227,363,139
0282468.jpg,785,59,953,227,361,139
0282469.jpg,785,59,953,227,362,140
0282470.jpg,785,59,953,227,360,141
0282471.jpg,787,61,951,225,360,139
0282472.jpg,788,60,952,224,359,141
0282473.jpg,789,61,951,223,359,141
0282474.jpg,789,61,951,223,359,140
0282475.jpg,789,61,951,223,359,142
0282476.jpg,790,62,952,224,359,141
0282477.jpg,790,62,952,224,358,142
0282478.jpg,789,62,953,226,356,143
0282479.jpg,789,62,953,226,357,143
0282480.jpg,789,62,953,226,357,142
0282481.jpg,789,62,953,226,354,142
0282482.jpg,789,62,953,226,354,139
0282483.jpg,790,62,954,226,353,138
0282484.jpg,790,62,954,226,353,134
0282485.jpg,790,62,954,226,353,129
0282486.jpg,790,62,954,226,352,123
0282487.jpg,789,62,953,226,349,123
0282488.jpg,790,63,952,225,350,123
0282489.jpg,790,63,952,225,349,123
0282490.jpg,790,62,952,224,350,122
0282491.jpg,790,62,952,224,350,124
0282492.jpg,791,63,953,225,351,126
0282493.jpg,791,63,953,225,352,127
0282494.jpg,792,63,954,225,353,130
