0351000.jpg,752,125,964,337,859,219
0351001.jpg,753,125,965,337,862,223
0351002.jpg,753,125,965,337,864,223
0351003.jpg,754,125,966,337,863,222
0351004.jpg,757,124,965,332,865,221
0351005.jpg,759,123,963,327,865,218
0351006.jpg,760,120,964,324,864,218
0351007.jpg,760,120,964,324,865,218
0351008.jpg,760,120,964,324,864,218
0351009.jpg,761,120,965,324,865,218
0351010.jpg,761,120,965,324,865,218
0351011.jpg,761,120,965,324,865,217
0351012.jpg,761,120,965,324,865,218
0351013.jpg,761,120,965,324,865,217
0351014.jpg,761,120,965,324,864,217
0351015.jpg,761,120,965,324,863,218
0351016.jpg,760,120,964,324,864,218
0351017.jpg,758,118,966,326,862,218
0351018.jpg,757,119,965,327,853,229
0351019.jpg,756,120,964,328,823,337
0351020.jpg,753,118,965,330,790,339
0351021.jpg,753,118,965,330,773,358
0351022.jpg,753,118,965,330,794,369
0351023.jpg,753,118,965,330,796,370
0351024.jpg,753,117,965,329,797,369
0351025.jpg,752,116,964,328,797,369
0351026.jpg,752,115,964,327,797,370
0351027.jpg,752,115,964,327,454,213
0351028.jpg,752,115,964,327,450,213
0351029.jpg,752,114,960,322,467,213
0351030.jpg,752,114,960,322,471,240
0351031.jpg,752,114,960,322,471,242
0351032.jpg,752,114,960,322,472,242
0351033.jpg,752,114,960,322,519,261
0351034.jpg,752,114,960,322,774,367
0351035.jpg,752,114,960,322,780,367
0351036.jpg,752,114,960,322,849,220
0351037.jpg,752,114,960,322,853,219
0351038.jpg,753,114,961,322,855,219
0351039.jpg,753,114,961,322,855,220
0351040.jpg,753,114,961,322,856,220
0351041.jpg,753,114,961,322,855,219
0351042.jpg,753,114,961,322,856,220
0351043.jpg,753,114,961,322,854,220
0351044.jpg,753,114,961,322,854,217
0351045.jpg,753,114,961,322,854,218
0351046.jpg,753,114,961,322,854,217
0351047.jpg,754,116,958,320,855,217
0351048.jpg,754,116,958,320,853,219
0351049.jpg,754,116,958,320,853,219
0351050.jpg,754,116,958,320,853,219
0351051.jpg,753,116,957,320,854,219
0351052.jpg,751,114,959,322,854,220
0351053.jpg,751,114,959,322,853,220
0351054.jpg,750,114,958,322,852,219
0351055.jpg,750,114,958,322,853,219
0351056.jpg,753,116,957,320,853,218
0351057.jpg,753,116,957,320,851,219
0351058.jpg,753,116,957,320,851,219
0351059.jpg,751,114,959,322,852,220
0351060.jpg,751,114,959,322,851,220
0351061.jpg,751,114,959,322,851,221
0351062.jpg,751,114,959,322,852,219
0351063.jpg,752,114,960,322,852,221
0351064.jpg,752,114,960,322,854,219
0351065.jpg,752,114,960,322,854,218
0351066.jpg,752,114,960,322,849,222
0351067.jpg,752,114,960,322,854,221
0351068.jpg,752,114,960,322,855,220
0351069.jpg,754,116,958,320,847,237
0351070.jpg,754,116,958,320,841,232
0351071.jpg,754,116,958,320,849,231
0351072.jpg,755,116,959,320,849,230
0351073.jpg,756,116,960,320,845,428
0351074.jpg,756,116,960,320,848,428
0351075.jpg,756,115,960,319,849,427
0351076.jpg,756,115,960,319,851,429
0351077.jpg,756,115,960,319,851,431
0351078.jpg,756,115,960,319,849,433
0351079.jpg,756,115,960,319,849,429
0351080.jpg,756,115,960,319,811,421
0351081.jpg,756,115,960,319,822,418
0351082.jpg,756,116,960,320,823,418
0351083.jpg,756,116,960,320,823,417
0351084.jpg,756,116,960,320,825,418
0351085.jpg,756,116,960,320,824,417
0351086.jpg,756,116,960,320,825,416
0351087.jpg,756,116,960,320,825,416
0351088.jpg,756,115,960,319,825,417
0351089.jpg,754,113,962,321,827,416
0351090.jpg,754,113,962,321,827,414
0351091.jpg,754,113,962,321,830,412
0351092.jpg,754,113,962,321,830,412
0351093.jpg,756,116,960,320,830,412
0351094.jpg,756,116,960,320,830,412
0351095.jpg,758,116,962,320,831,412
0351096.jpg,758,116,962,320,830,411
0351097.jpg,758,116,962,320,831,411
0351098.jpg,757,115,961,319,833,411
0351099.jpg,757,115,961,319,833,410
0351100.jpg,757,115,961,319,833,409
0351101.jpg,757,115,961,319,833,408
0351102.jpg,757,115,961,319,834,408
0351103.jpg,757,115,961,319,835,407
0351104.jpg,757,115,961,319,835,408
0351105.jpg,757,115,961,319,835,407
0351106.jpg,757,115,961,319,835,407
0351107.jpg,757,115,961,319,836,406
0351108.jpg,757,115,961,319,837,407
0351109.jpg,757,115,961,319,837,407
0351110.jpg,757,115,961,319,836,407
0351111.jpg,757,115,961,319,837,406
0351112.jpg,757,115,961,319,837,407
0351113.jpg,757,115,961,319,838,406
0351114.jpg,757,115,961,319,837,407
0351115.jpg,760,117,964,321,838,406
0351116.jpg,760,118,964,322,839,407
0351117.jpg,760,118,964,322,838,406
0351118.jpg,760,118,964,322,839,406
0351119.jpg,760,118,964,322,839,406
0351120.jpg,755,114,963,322,839,408
0351121.jpg,755,114,963,322,838,409
0351122.jpg,754,114,962,322,838,409
0351123.jpg,752,112,964,324,838,408
0351124.jpg,752,112,964,324,838,437
0351125.jpg,752,112,964,324,829,357
0351126.jpg,758,117,962,321,840,222
0351127.jpg,758,117,962,321,850,222
0351128.jpg,759,117,963,321,851,221
0351129.jpg,759,117,963,321,851,221
0351130.jpg,759,117,963,321,853,222
0351131.jpg,759,117,963,321,853,222
0351132.jpg,760,117,964,321,854,222
0351133.jpg,760,117,964,321,854,221
0351134.jpg,760,117,964,321,852,221
0351135.jpg,760,118,964,322,853,220
0351136.jpg,760,118,964,322,852,219
0351137.jpg,760,118,964,322,852,219
0351138.jpg,760,118,964,322,852,219
0351139.jpg,760,117,964,321,852,220
0351140.jpg,760,117,964,321,851,219
0351141.jpg,760,117,964,321,852,218
0351142.jpg,760,117,964,321,851,217
0351143.jpg,760,117,964,321,852,218
0351144.jpg,759,117,963,321,851,217
0351145.jpg,757,115,965,323,852,217
0351146.jpg,753,114,965,326,852,218
0351147.jpg,756,116,964,324,852,217
0351148.jpg,756,116,964,324,851,219
0351149.jpg,755,116,963,324,850,220
0351150.jpg,753,114,965,326,850,217
0351151.jpg,755,114,963,322,849,218
0351152.jpg,751,112,963,324,848,218
0351153.jpg,750,112,962,324,847,217
0351154.jpg,749,111,961,323,845,216
0351155.jpg,749,111,961,323,846,217
0351156.jpg,748,111,960,323,845,217
0351157.jpg,748,111,960,323,845,216
0351158.jpg,747,111,959,323,847,217
0351159.jpg,747,111,959,323,845,217
0351160.jpg,747,111,959,323,846,216
0351161.jpg,747,111,959,323,846,217
0351162.jpg,747,111,959,323,846,215
0351163.jpg,747,111,959,323,846,215
0351164.jpg,747,111,959,323,845,217
0351165.jpg,747,111,959,323,845,216
0351166.jpg,747,111,959,323,845,215
0351167.jpg,747,111,959,323,845,216
0351168.jpg,747,111,959,323,845,216
0351169.jpg,747,111,959,323,846,216
0351170.jpg,747,111,959,323,846,215
0351171.jpg,749,113,957,321,847,217
0351172.jpg,749,113,957,321,846,218
0351173.jpg,749,113,957,321,845,216
0351174.jpg,749,113,957,321,845,216
0351175.jpg,749,113,957,321,845,215
0351176.jpg,749,113,957,321,845,215
0351177.jpg,749,113,957,321,845,216
0351178.jpg,749,115,953,319,845,215
0351179.jpg,751,117,951,317,845,215
0351180.jpg,751,117,951,317,845,219
0351181.jpg,750,115,954,319,844,220
0351182.jpg,748,117,956,325,844,217
0351183.jpg,748,117,956,325,844,217
0351184.jpg,746,117,954,325,843,217
0351185.jpg,746,117,954,325,842,216
0351186.jpg,745,117,953,325,842,216
0351187.jpg,746,114,950,318,841,215
0351188.jpg,745,114,949,318,840,216
0351189.jpg,747,116,947,316,839,217
0351190.jpg,747,116,947,316,838,218
0351191.jpg,746,121,946,321,837,219
0351192.jpg,746,122,946,322,837,218
0351193.jpg,746,125,946,325,835,220
0351194.jpg,745,128,945,328,832,221
0351195.jpg,734,126,938,330,832,224
0351196.jpg,733,129,937,333,830,226
0351197.jpg,735,132,935,332,830,227
0351198.jpg,733,131,937,335,830,227
0351199.jpg,735,134,935,334,831,229
0351200.jpg,735,135,935,335,831,230
0351201.jpg,734,133,938,337,831,229
0351202.jpg,739,131,947,339,832,230
0351203.jpg,738,131,950,343,833,228
0351204.jpg,738,131,950,343,834,230
0351205.jpg,736,130,952,346,835,231
0351206.jpg,736,130,952,346,835,235
0351207.jpg,737,130,955,348,834,234
0351208.jpg,739,131,957,349,834,234
0351209.jpg,739,131,957,349,836,235
0351210.jpg,739,131,957,349,838,235
0351211.jpg,742,131,960,349,840,237
0351212.jpg,744,131,962,349,840,238
0351213.jpg,745,131,963,349,841,235
0351214.jpg,746,131,964,349,842,237
0351215.jpg,747,131,965,349,842,237
0351216.jpg,748,131,966,349,841,237
0351217.jpg,748,131,966,349,841,237
0351218.jpg,748,130,966,348,841,237
0351219.jpg,748,129,966,347,842,236
0351220.jpg,747,129,965,347,840,235
0351221.jpg,745,129,963,347,839,235
0351222.jpg,743,127,961,345,839,234
0351223.jpg,742,128,958,344,838,234
0351224.jpg,741,128,957,344,836,231
0351225.jpg,739,127,957,345,835,230
0351226.jpg,737,127,955,345,835,231
0351227.jpg,737,127,955,345,834,232
0351228.jpg,736,127,954,345,832,232
0351229.jpg,736,128,952,344,832,232
0351230.jpg,736,128,952,344,832,232
0351231.jpg,736,128,952,344,833,232
0351232.jpg,737,129,953,345,834,234
0351233.jpg,736,129,954,347,835,235
0351234.jpg,738,129,956,347,836,235
0351235.jpg,739,129,957,347,838,233
0351236.jpg,740,129,958,347,839,234
0351237.jpg,742,128,960,346,841,231
0351238.jpg,744,128,962,346,841,231
0351239.jpg,745,127,963,345,843,228
0351240.jpg,746,125,964,343,846,227
0351241.jpg,747,123,965,341,846,225
0351242.jpg,749,122,967,340,847,225
0351243.jpg,750,122,968,340,848,221
0351244.jpg,750,122,968,340,848,221
0351245.jpg,750,122,968,340,848,221
0351246.jpg,750,122,968,340,848,224
0351247.jpg,748,120,970,342,849,223
0351248.jpg,748,122,970,344,849,227
0351249.jpg,748,123,970,345,849,229
0351250.jpg,749,125,971,347,849,233
0351251.jpg,752,130,968,346,851,237
0351252.jpg,756,133,968,345,853,242
0351253.jpg,758,139,966,347,855,248
0351254.jpg,760,147,964,351,856,253
0351255.jpg,760,148,964,352,857,256
0351256.jpg,760,150,964,354,855,258
0351257.jpg,758,149,966,357,855,258
0351258.jpg,756,151,968,363,853,261
0351259.jpg,754,149,970,365,853,263
0351260.jpg,753,149,969,365,852,264
0351261.jpg,751,149,967,365,853,265
0351262.jpg,752,152,964,364,852,267
0351263.jpg,750,152,962,364,851,265
0351264.jpg,750,151,962,363,849,264
0351265.jpg,748,149,964,365,847,264
0351266.jpg,747,149,963,365,846,259
0351267.jpg,747,149,963,365,845,258
0351268.jpg,748,151,960,363,845,262
0351269.jpg,747,150,959,362,844,264
0351270.jpg,746,150,958,362,843,266
0351271.jpg,750,154,954,358,842,265
0351272.jpg,749,154,953,358,840,266
0351273.jpg,746,156,946,356,838,265
0351274.jpg,746,157,944,355,838,265
0351275.jpg,750,159,940,349,837,265
0351276.jpg,750,159,940,349,838,265
0351277.jpg,752,159,942,349,839,265
0351278.jpg,754,161,940,347,839,265
0351279.jpg,754,159,944,349,840,266
0351280.jpg,752,158,946,352,841,266
0351281.jpg,749,157,949,357,840,266
0351282.jpg,746,154,954,362,841,266
0351283.jpg,744,152,956,364,841,265
0351284.jpg,745,152,957,364,843,266
0351285.jpg,745,152,957,364,843,266
0351286.jpg,746,152,954,360,842,265
0351287.jpg,746,150,954,358,841,264
0351288.jpg,745,150,953,358,839,260
0351289.jpg,743,146,955,358,840,257
0351290.jpg,743,143,955,355,841,252
0351291.jpg,742,139,958,355,841,250
0351292.jpg,745,132,961,348,842,246
0351293.jpg,747,132,963,348,845,245
0351294.jpg,748,131,966,349,847,243
0351295.jpg,746,129,968,351,849,240
0351296.jpg,747,129,969,351,851,239
0351297.jpg,748,129,970,351,850,236
0351298.jpg,750,129,972,351,852,234
0351299.jpg,750,128,972,350,852,235
0351300.jpg,750,128,972,350,853,236
0351301.jpg,750,129,972,351,856,235
0351302.jpg,753,131,971,349,856,239
0351303.jpg,754,132,970,348,858,240
0351304.jpg,756,134,968,346,860,242
0351305.jpg,761,140,969,348,861,243
0351306.jpg,761,141,969,349,862,242
0351307.jpg,761,141,969,349,860,243
0351308.jpg,761,141,969,349,859,244
0351309.jpg,761,141,969,349,858,244
0351310.jpg,761,141,969,349,857,243
0351311.jpg,760,141,968,349,857,243
0351312.jpg,760,141,968,349,857,244
0351313.jpg,760,139,968,347,856,243
0351314.jpg,755,134,967,346,855,240
0351315.jpg,752,132,968,348,855,240
0351316.jpg,749,131,967,349,853,237
0351317.jpg,749,131,967,349,853,236
0351318.jpg,748,131,966,349,853,236
0351319.jpg,747,131,965,349,851,235
0351320.jpg,748,132,964,348,850,235
0351321.jpg,748,132,964,348,851,236
0351322.jpg,748,132,964,348,851,238
0351323.jpg,747,131,965,349,851,238
0351324.jpg,746,131,964,349,851,236
0351325.jpg,746,131,964,349,851,237
0351326.jpg,746,131,962,347,848,235
0351327.jpg,745,131,961,347,847,235
0351328.jpg,745,131,961,347,847,235
0351329.jpg,744,131,960,347,846,235
0351330.jpg,744,132,960,348,844,235
0351331.jpg,744,132,960,348,844,237
0351332.jpg,744,132,960,348,844,238
0351333.jpg,744,133,960,349,844,239
0351334.jpg,745,133,961,349,845,240
0351335.jpg,745,133,961,349,845,240
0351336.jpg,745,133,961,349,845,239
0351337.jpg,745,133,961,349,845,240
0351338.jpg,745,133,961,349,843,239
0351339.jpg,744,133,960,349,843,238
0351340.jpg,742,133,958,349,842,238
0351341.jpg,742,132,958,348,842,237
0351342.jpg,743,133,955,345,842,236
0351343.jpg,742,132,954,344,841,233
0351344.jpg,743,133,951,341,841,231
0351345.jpg,745,133,949,337,840,231
0351346.jpg,744,132,948,336,840,231
0351347.jpg,744,132,948,336,839,232
0351348.jpg,745,133,945,333,839,234
0351349.jpg,746,134,944,332,838,233
0351350.jpg,745,134,943,332,837,234
0351351.jpg,745,134,943,332,837,234
0351352.jpg,736,135,934,333,836,234
0351353.jpg,735,136,933,334,837,234
0351354.jpg,734,136,934,336,835,235
0351355.jpg,734,136,934,336,834,235
0351356.jpg,733,136,933,336,835,236
0351357.jpg,733,136,933,336,834,235
0351358.jpg,733,136,933,336,834,237
0351359.jpg,733,136,933,336,834,238
0351360.jpg,733,136,933,336,834,237
0351361.jpg,733,136,933,336,836,238
0351362.jpg,745,136,945,336,835,237
0351363.jpg,743,136,947,340,837,239
0351364.jpg,742,135,950,343,836,240
0351365.jpg,742,135,950,343,837,239
0351366.jpg,738,131,954,347,838,238
0351367.jpg,738,131,954,347,838,239
0351368.jpg,739,132,955,348,838,238
0351369.jpg,740,132,956,348,838,235
0351370.jpg,741,132,957,348,839,235
0351371.jpg,741,132,957,348,839,235
0351372.jpg,741,133,957,349,842,236
0351373.jpg,742,133,958,349,842,237
0351374.jpg,743,133,959,349,843,238
0351375.jpg,742,132,960,350,843,237
0351376.jpg,742,132,960,350,844,237
0351377.jpg,742,133,960,351,844,236
0351378.jpg,743,133,961,351,845,237
0351379.jpg,743,133,961,351,845,237
0351380.jpg,744,133,962,351,846,238
0351381.jpg,745,132,963,350,846,237
0351382.jpg,746,133,962,349,847,236
0351383.jpg,747,133,963,349,847,237
0351384.jpg,747,133,963,349,849,238
0351385.jpg,747,132,965,350,848,238
0351386.jpg,747,132,965,350,848,237
0351387.jpg,747,132,965,350,848,236
0351388.jpg,748,133,964,349,848,234
0351389.jpg,748,133,964,349,848,232
0351390.jpg,747,133,963,349,849,232
0351391.jpg,747,133,963,349,849,233
0351392.jpg,747,132,963,348,851,231
0351393.jpg,746,131,964,349,849,232
0351394.jpg,743,129,965,351,849,234
0351395.jpg,743,129,965,351,847,232
0351396.jpg,741,129,963,351,846,235
0351397.jpg,743,131,961,349,845,236
0351398.jpg,744,132,960,348,845,237
0351399.jpg,743,133,959,349,846,238
0351400.jpg,742,137,958,353,846,241
0351401.jpg,742,137,958,353,846,242
0351402.jpg,744,139,956,351,847,242
0351403.jpg,745,140,957,352,846,241
0351404.jpg,745,140,957,352,846,241
0351405.jpg,745,140,957,352,847,242
0351406.jpg,745,140,957,352,846,241
0351407.jpg,745,140,957,352,846,243
0351408.jpg,745,140,957,352,846,243
0351409.jpg,747,140,959,352,848,244
0351410.jpg,749,140,961,352,848,244
0351411.jpg,749,140,961,352,848,243
0351412.jpg,750,139,962,351,847,242
0351413.jpg,748,136,964,352,849,241
0351414.jpg,748,136,964,352,849,241
0351415.jpg,748,134,964,350,850,240
0351416.jpg,747,133,965,351,850,240
0351417.jpg,747,133,965,351,849,238
0351418.jpg,746,132,964,350,850,236
0351419.jpg,746,132,964,350,850,234
0351420.jpg,747,133,963,349,849,234
0351421.jpg,747,133,963,349,850,235
0351422.jpg,747,133,963,349,849,235
0351423.jpg,747,133,963,349,849,235
0351424.jpg,746,132,964,350,849,237
0351425.jpg,746,132,964,350,848,237
0351426.jpg,746,132,964,350,849,237
0351427.jpg,746,132,964,350,848,237
0351428.jpg,746,132,964,350,848,236
0351429.jpg,744,132,962,350,847,235
0351430.jpg,742,132,960,350,845,232
0351431.jpg,741,131,959,349,843,231
0351432.jpg,740,132,956,348,842,233
0351433.jpg,742,134,954,346,840,234
0351434.jpg,741,134,953,346,839,236
0351435.jpg,741,136,953,348,840,237
0351436.jpg,741,138,953,350,839,239
0351437.jpg,740,139,952,351,839,240
0351438.jpg,740,139,952,351,838,240
0351439.jpg,742,141,950,349,838,241
0351440.jpg,742,141,950,349,839,241
0351441.jpg,742,139,950,347,839,239
0351442.jpg,740,134,952,346,837,238
0351443.jpg,740,133,952,345,837,235
0351444.jpg,739,133,951,345,837,231
0351445.jpg,739,133,951,345,838,230
0351446.jpg,739,132,951,344,836,231
0351447.jpg,743,133,947,337,836,233
0351448.jpg,743,133,947,337,837,231
0351449.jpg,743,132,947,336,836,231
0351450.jpg,743,132,947,336,836,231
0351451.jpg,743,132,947,336,835,230
0351452.jpg,743,131,947,335,836,232
0351453.jpg,743,131,947,335,836,231
0351454.jpg,743,131,947,335,837,230
0351455.jpg,742,129,950,337,838,230
0351456.jpg,742,127,950,335,839,230
0351457.jpg,743,126,951,334,841,228
0351458.jpg,743,126,951,334,842,226
0351459.jpg,742,124,954,336,842,224
0352000.jpg,382,134,590,342,538,355
0352001.jpg,384,134,592,342,540,356
0352002.jpg,382,132,594,344,541,355
0352003.jpg,383,133,595,345,540,357
0352004.jpg,384,133,596,345,539,357
0352005.jpg,384,133,596,345,539,359
0352006.jpg,385,133,597,345,541,358
0352007.jpg,385,133,597,345,544,358
0352008.jpg,385,133,597,345,544,358
0352009.jpg,385,133,597,345,544,359
0352010.jpg,385,133,597,345,544,359
0352011.jpg,385,133,597,345,544,359
0352012.jpg,385,133,597,345,544,360
0352013.jpg,385,133,597,345,544,362
0352014.jpg,385,133,597,345,544,363
0352015.jpg,385,132,597,344,542,363
0352016.jpg,384,132,596,344,542,362
0352017.jpg,384,132,596,344,541,364
0352018.jpg,382,132,594,344,540,365
0352019.jpg,380,132,592,344,541,366
0352020.jpg,371,134,593,356,540,366
0352021.jpg,368,132,594,358,525,371
0352022.jpg,368,132,594,358,530,370
0352023.jpg,367,132,593,358,530,371
0352024.jpg,365,132,591,358,491,254
0352025.jpg,365,131,591,357,487,253
0352026.jpg,364,129,590,355,487,254
0352027.jpg,352,129,578,355,485,256
0352028.jpg,350,127,576,353,481,255
0352029.jpg,348,127,574,353,479,257
0352030.jpg,348,127,574,353,481,255
0352031.jpg,348,127,574,353,483,254
0352032.jpg,350,127,576,353,483,255
0352033.jpg,351,127,577,353,488,255
0352034.jpg,357,129,579,351,489,255
0352035.jpg,368,127,594,353,492,252
0352036.jpg,373,126,599,352,493,247
0352037.jpg,374,125,600,351,494,247
0352038.jpg,374,125,600,351,494,246
0352039.jpg,374,125,600,351,494,245
0352040.jpg,374,126,596,348,493,245
0352041.jpg,372,126,594,348,492,246
0352042.jpg,372,126,594,348,492,246
0352043.jpg,371,126,593,348,492,245
0352044.jpg,371,126,593,348,493,243
0352045.jpg,371,126,593,348,493,244
0352046.jpg,371,126,593,348,493,244
0352047.jpg,373,125,595,347,493,244
0352048.jpg,374,125,596,347,494,244
0352049.jpg,376,125,598,347,495,245
0352050.jpg,379,126,597,344,498,245
0352051.jpg,380,126,598,344,499,245
0352052.jpg,380,126,598,344,498,244
0352053.jpg,381,126,599,344,498,244
0352054.jpg,382,127,598,343,496,245
0352055.jpg,382,127,598,343,498,245
0352056.jpg,382,127,598,343,499,245
0352057.jpg,382,127,598,343,498,243
0352058.jpg,381,127,597,343,497,242
0352059.jpg,379,127,595,343,496,243
0352060.jpg,379,127,595,343,494,245
0352061.jpg,381,131,593,343,494,248
0352062.jpg,381,131,593,343,496,250
0352063.jpg,381,131,593,343,496,249
0352064.jpg,381,131,593,343,496,248
0352065.jpg,377,128,593,344,494,245
0352066.jpg,377,128,593,344,493,246
0352067.jpg,377,128,593,344,495,246
0352068.jpg,378,128,594,344,495,247
0352069.jpg,378,130,594,346,496,249
0352070.jpg,378,131,594,347,494,249
0352071.jpg,375,131,591,347,493,248
0352072.jpg,373,131,589,347,491,252
0352073.jpg,371,131,589,349,489,248
0352074.jpg,360,131,578,349,484,249
0352075.jpg,354,140,580,366,481,254
0352076.jpg,350,144,576,370,479,239
0352077.jpg,346,142,576,372,476,240
0352078.jpg,341,143,571,373,474,241
0352079.jpg,340,143,570,373,472,239
0352080.jpg,336,141,570,375,473,238
0352081.jpg,335,141,571,377,471,239
0352082.jpg,334,143,570,379,471,240
0352083.jpg,334,144,570,380,474,241
0352084.jpg,334,144,570,380,476,245
0352085.jpg,335,144,571,380,476,248
0352086.jpg,336,144,572,380,476,244
0352087.jpg,337,140,571,374,474,237
0352088.jpg,337,125,571,359,472,235
0352089.jpg,341,129,567,355,472,250
0352090.jpg,341,129,567,355,471,249
0352091.jpg,339,127,569,357,471,253
0352092.jpg,338,137,572,371,473,258
0352093.jpg,341,141,575,375,475,257
0352094.jpg,346,141,580,375,478,266
0352095.jpg,349,141,583,375,479,266
0352096.jpg,355,145,581,371,480,266
0352097.jpg,355,143,581,369,481,262
0352098.jpg,357,140,579,362,483,261
0352099.jpg,355,132,577,354,480,259
0352100.jpg,355,132,577,354,480,260
0352101.jpg,355,132,577,354,480,259
0352102.jpg,354,126,584,356,480,259
0352103.jpg,354,126,584,356,479,259
0352104.jpg,354,126,584,356,479,259
0352105.jpg,355,132,577,354,481,260
0352106.jpg,354,132,576,354,480,258
0352107.jpg,353,132,575,354,479,260
0352108.jpg,351,143,577,369,479,260
0352109.jpg,349,148,575,374,479,258
0352110.jpg,348,150,574,376,482,253
0352111.jpg,348,150,574,376,482,256
0352112.jpg,345,150,571,376,476,263
0352113.jpg,340,148,570,378,469,254
0352114.jpg,338,141,572,375,465,246
0352115.jpg,338,141,572,375,812,211
0352116.jpg,338,141,572,375,804,212
0352117.jpg,339,141,573,375,801,212
0352118.jpg,341,143,575,377,799,212
0352119.jpg,344,143,578,377,799,212
0352120.jpg,346,143,580,377,795,211
0352121.jpg,346,143,580,377,796,211
0352122.jpg,347,128,581,362,796,212
0352123.jpg,351,129,577,355,797,213
0352124.jpg,354,130,576,352,797,213
0352125.jpg,354,130,576,352,794,212
0352126.jpg,356,132,574,350,794,212
0352127.jpg,358,134,574,350,793,212
0352128.jpg,361,140,577,356,794,211
0352129.jpg,361,142,577,358,791,210
0352130.jpg,361,142,577,358,789,210
0352131.jpg,361,142,577,358,789,211
0352132.jpg,363,144,575,356,788,211
0352133.jpg,365,146,573,354,788,211
0352134.jpg,365,146,573,354,786,209
0352135.jpg,366,146,574,354,788,210
0352136.jpg,366,146,574,354,788,210
0352137.jpg,366,146,574,354,785,208
0352138.jpg,366,146,574,354,785,209
0352139.jpg,365,146,573,354,785,209
0352140.jpg,365,145,573,353,783,208
0352141.jpg,365,145,573,353,785,208
0352142.jpg,365,143,573,351,785,209
0352143.jpg,368,144,572,348,785,208
0352144.jpg,369,144,573,348,785,208
0352145.jpg,369,144,573,348,786,208
0352146.jpg,371,143,575,347,785,208
0352147.jpg,373,141,581,349,785,207
0352148.jpg,375,140,583,348,783,208
0352149.jpg,376,133,584,341,784,207
0352150.jpg,376,133,584,341,784,207
0352151.jpg,377,133,585,341,500,326
0352152.jpg,377,133,585,341,488,248
0352153.jpg,377,141,585,349,489,246
0352154.jpg,378,142,586,350,491,246
0352155.jpg,376,141,588,353,491,248
0352156.jpg,377,142,589,354,492,248
0352157.jpg,375,140,591,356,493,247
0352158.jpg,376,140,592,356,493,247
0352159.jpg,377,140,593,356,495,248
0352160.jpg,383,143,591,351,495,246
0352161.jpg,383,143,591,351,497,247
0352162.jpg,384,143,592,351,496,246
0352163.jpg,382,141,594,353,498,247
0352164.jpg,381,139,597,355,499,248
0352165.jpg,381,139,597,355,500,248
0352166.jpg,382,139,598,355,501,246
0352167.jpg,382,139,598,355,500,247
0352168.jpg,383,139,599,355,502,247
0352169.jpg,384,140,600,356,503,247
0352170.jpg,386,140,602,356,502,247
0352171.jpg,387,140,603,356,503,248
0352172.jpg,388,140,604,356,505,249
0352173.jpg,390,143,602,355,505,249
0352174.jpg,393,143,605,355,507,250
0352175.jpg,393,143,605,355,507,250
0352176.jpg,393,143,605,355,507,250
0352177.jpg,396,145,604,353,512,252
0352178.jpg,397,145,605,353,511,250
0352179.jpg,400,146,604,350,511,251
0352180.jpg,400,146,604,350,512,250
0352181.jpg,400,144,604,348,512,250
0352182.jpg,403,145,603,345,513,249
0352183.jpg,403,144,603,344,512,248
0352184.jpg,402,143,602,343,512,246
0352185.jpg,401,143,601,343,511,246
0352186.jpg,398,141,602,345,510,245
0352187.jpg,398,141,602,345,690,315
0352188.jpg,397,141,601,345,718,320
0352189.jpg,397,140,601,344,739,321
0352190.jpg,396,138,600,342,760,321
0352191.jpg,396,137,600,341,777,324
0352192.jpg,398,139,598,339,775,312
0352193.jpg,398,139,598,339,800,235
0352194.jpg,398,139,598,339,793,235
0352195.jpg,399,140,599,340,797,238
0352196.jpg,400,140,600,340,794,238
0352197.jpg,400,140,600,340,794,238
0352198.jpg,401,141,599,339,794,239
0352199.jpg,402,142,600,340,801,241
0352200.jpg,402,142,600,340,799,240
0352201.jpg,403,142,601,340,803,241
0352202.jpg,403,143,601,341,803,242
0352203.jpg,403,145,601,343,803,242
0352204.jpg,403,145,601,343,809,243
0352205.jpg,403,145,603,345,809,242
0352206.jpg,403,146,603,346,811,244
0352207.jpg,403,146,603,346,813,243
0352208.jpg,404,147,604,347,807,243
0352209.jpg,402,146,606,350,815,244
0352210.jpg,403,147,607,351,819,246
0352211.jpg,402,146,610,354,819,246
0352212.jpg,403,148,611,356,819,245
0352213.jpg,403,148,611,356,820,245
0352214.jpg,405,150,609,354,822,245
0352215.jpg,406,150,610,354,822,245
0352216.jpg,406,151,610,355,820,244
0352217.jpg,407,151,611,355,821,246
0352218.jpg,407,151,611,355,824,246
0352219.jpg,407,151,611,355,820,244
0352220.jpg,407,151,611,355,818,243
0352221.jpg,408,151,612,355,817,243
0352222.jpg,410,153,610,353,817,243
0352223.jpg,410,152,610,352,816,243
0352224.jpg,410,152,610,352,814,243
0352225.jpg,410,152,610,352,814,243
0352226.jpg,410,151,610,351,812,242
0352227.jpg,408,149,612,353,812,242
0352228.jpg,408,149,612,353,812,242
0352229.jpg,408,149,612,353,813,243
0352230.jpg,408,149,612,353,811,241
0352231.jpg,408,148,612,352,811,242
0352232.jpg,408,148,612,352,813,242
0352233.jpg,410,149,610,349,813,243
0352234.jpg,410,149,610,349,814,243
0352235.jpg,409,148,609,348,815,242
0352236.jpg,409,148,609,348,816,243
0352237.jpg,408,148,608,348,816,242
0352238.jpg,408,148,608,348,817,243
0352239.jpg,408,148,608,348,815,243
0352240.jpg,409,149,607,347,815,242
0352241.jpg,409,149,607,347,814,241
0352242.jpg,409,149,607,347,813,239
0352243.jpg,409,149,607,347,812,239
0352244.jpg,409,149,607,347,812,239
0352245.jpg,409,149,607,347,812,239
0352246.jpg,409,149,607,347,814,240
0352247.jpg,407,148,607,348,816,240
0352248.jpg,407,148,607,348,816,240
0352249.jpg,407,149,607,349,816,241
0352250.jpg,407,149,607,349,819,242
0352251.jpg,407,149,607,349,821,242
0352252.jpg,407,149,607,349,825,245
0352253.jpg,407,149,607,349,829,247
0352254.jpg,407,149,607,349,832,248
0352255.jpg,407,149,607,349,832,249
0352256.jpg,407,149,607,349,834,250
0352257.jpg,407,149,607,349,834,252
0352258.jpg,405,148,609,352,834,252
0352259.jpg,405,148,609,352,832,253
0352260.jpg,405,148,609,352,835,255
0352261.jpg,405,149,609,353,833,255
0352262.jpg,405,149,609,353,834,256
0352263.jpg,405,149,609,353,834,257
0352264.jpg,405,150,609,354,833,256
0352265.jpg,407,152,607,352,832,257
0352266.jpg,407,152,607,352,808,248
0352267.jpg,408,152,608,352,805,246
0352268.jpg,408,153,608,353,804,247
0352269.jpg,408,153,608,353,801,246
0352270.jpg,406,151,610,355,796,245
0352271.jpg,406,151,610,355,796,246
0352272.jpg,406,151,610,355,794,245
0352273.jpg,407,151,611,355,805,250
0352274.jpg,409,153,609,353,795,247
0352275.jpg,409,152,609,352,805,250
0352276.jpg,409,152,609,352,814,253
0352277.jpg,409,152,609,352,818,255
0352278.jpg,409,152,609,352,819,255
0352279.jpg,409,151,609,351,816,254
0352280.jpg,410,151,610,351,812,253
0352281.jpg,410,151,610,351,806,250
0352282.jpg,410,152,610,352,813,252
0352283.jpg,410,152,610,352,824,255
0352284.jpg,410,151,610,351,826,256
0352285.jpg,410,150,610,350,826,256
0352286.jpg,410,150,610,350,826,254
0352287.jpg,410,149,610,349,827,253
0352288.jpg,410,149,610,349,825,251
0352289.jpg,410,149,610,349,825,250
0352290.jpg,410,149,610,349,825,249
0352291.jpg,410,148,610,348,825,246
0352292.jpg,410,149,610,349,824,246
0352293.jpg,410,148,610,348,825,245
0352294.jpg,410,148,610,348,826,244
0352295.jpg,410,148,610,348,827,243
0352296.jpg,410,148,610,348,826,243
0352297.jpg,408,146,612,350,826,244
0352298.jpg,410,148,610,348,827,243
0352299.jpg,410,148,610,348,827,245
0352300.jpg,408,147,612,351,829,244
0352301.jpg,407,147,611,351,831,246
0352302.jpg,407,147,611,351,833,246
0352303.jpg,407,147,611,351,834,248
0352304.jpg,407,148,611,352,833,248
0352305.jpg,407,148,611,352,833,247
0352306.jpg,406,149,610,353,833,249
0352307.jpg,404,146,612,354,833,248
0352308.jpg,404,146,612,354,826,239
0352309.jpg,404,147,612,355,524,251
0352310.jpg,404,147,612,355,520,246
0352311.jpg,404,148,612,356,520,246
0352312.jpg,406,150,610,354,520,247
0352313.jpg,406,150,610,354,522,248
0352314.jpg,409,152,609,352,521,248
0352315.jpg,409,152,609,352,521,246
0352316.jpg,410,153,608,351,522,247
0352317.jpg,410,153,608,351,522,249
0352318.jpg,412,155,606,349,523,249
0352319.jpg,413,155,607,349,523,248
0352320.jpg,413,153,607,347,523,247
0352321.jpg,411,151,609,349,523,246
0352322.jpg,411,150,609,348,523,245
0352323.jpg,411,150,609,348,522,245
0352324.jpg,411,150,609,348,521,246
0352325.jpg,411,150,609,348,522,245
0352326.jpg,411,150,609,348,521,245
0352327.jpg,411,150,609,348,521,244
0352328.jpg,411,150,609,348,520,244
0352329.jpg,410,150,608,348,521,243
0352330.jpg,409,150,607,348,520,245
0352331.jpg,408,150,606,348,520,247
0352332.jpg,408,150,606,348,520,246
0352333.jpg,407,149,607,349,519,247
0352334.jpg,407,149,607,349,520,245
0352335.jpg,407,149,607,349,518,244
0352336.jpg,404,147,608,351,517,243
0352337.jpg,403,147,607,351,518,244
0352338.jpg,403,147,607,351,517,244
0352339.jpg,403,148,607,352,516,244
0352340.jpg,403,149,607,353,517,245
0352341.jpg,404,151,604,351,516,246
0352342.jpg,404,151,604,351,518,247
0352343.jpg,404,151,604,351,517,249
0352344.jpg,406,152,604,350,518,246
0352345.jpg,406,150,604,348,517,245
0352346.jpg,406,147,604,345,518,242
0352347.jpg,405,147,603,345,517,242
0352348.jpg,404,146,602,344,516,243
0352349.jpg,404,146,602,344,516,242
0352350.jpg,404,146,602,344,516,241
0352351.jpg,403,144,601,342,514,240
0352352.jpg,403,142,601,340,516,250
0352353.jpg,403,142,601,340,782,223
0352354.jpg,403,142,601,340,772,223
0352355.jpg,405,144,599,338,771,223
0352356.jpg,405,144,599,338,770,223
0352357.jpg,403,142,601,340,770,223
0352358.jpg,403,143,601,341,771,223
0352359.jpg,403,143,601,341,787,225
0352360.jpg,403,144,601,342,784,256
0352361.jpg,403,145,601,343,778,255
0352362.jpg,403,145,601,343,779,256
0352363.jpg,403,145,601,343,781,256
0352364.jpg,403,145,601,343,778,255
0352365.jpg,403,145,601,343,777,255
0352366.jpg,404,145,602,343,778,255
0352367.jpg,403,145,601,343,778,256
0352368.jpg,403,145,601,343,778,255
0352369.jpg,403,145,601,343,778,255
0352370.jpg,402,145,602,345,777,256
0352371.jpg,402,145,602,345,778,256
0352372.jpg,402,145,602,345,778,256
0352373.jpg,402,145,602,345,778,256
0352374.jpg,403,146,603,346,777,257
0352375.jpg,404,147,602,345,780,257
0352376.jpg,404,147,602,345,780,257
0352377.jpg,404,147,602,345,780,257
0352378.jpg,404,147,602,345,780,257
0352379.jpg,404,148,602,346,781,257
0352380.jpg,404,148,602,346,782,258
0352381.jpg,404,148,602,346,781,258
0352382.jpg,404,148,602,346,782,259
0352383.jpg,404,148,602,346,782,258
0352384.jpg,404,148,602,346,781,258
0352385.jpg,403,147,603,347,779,258
0352386.jpg,403,147,603,347,781,258
0352387.jpg,403,147,603,347,780,258
0352388.jpg,403,146,603,346,781,257
0352389.jpg,403,146,603,346,781,257
0352390.jpg,401,143,605,347,781,258
0352391.jpg,401,143,605,347,780,258
0352392.jpg,400,143,604,347,780,257
0352393.jpg,400,143,604,347,781,257
0352394.jpg,400,143,604,347,781,257
0352395.jpg,399,143,603,347,789,260
0352396.jpg,399,143,603,347,782,258
0352397.jpg,399,143,603,347,781,257
0352398.jpg,400,143,604,347,793,262
0352399.jpg,400,144,604,348,523,251
0352400.jpg,403,147,603,347,518,244
0352401.jpg,404,149,602,347,518,245
0352402.jpg,404,150,602,348,519,246
0352403.jpg,404,150,602,348,520,247
0352404.jpg,404,150,602,348,519,247
0352405.jpg,404,150,602,348,519,247
0352406.jpg,404,146,602,344,790,238
0352407.jpg,404,145,602,343,783,239
0352408.jpg,404,145,602,343,784,240
0352409.jpg,403,145,601,343,784,240
0352410.jpg,402,145,600,343,784,239
0352411.jpg,399,142,603,346,783,239
0352412.jpg,399,142,603,346,782,239
0352413.jpg,399,142,603,346,782,238
0352414.jpg,399,142,603,346,781,239
0352415.jpg,399,140,603,344,782,238
0352416.jpg,397,140,601,344,779,237
0352417.jpg,394,138,602,346,778,235
0352418.jpg,393,138,601,346,776,235
0352419.jpg,395,140,599,344,778,235
0352420.jpg,395,140,599,344,774,235
0352421.jpg,394,140,598,344,776,234
0352422.jpg,394,140,598,344,774,235
0352423.jpg,394,140,598,344,777,235
0352424.jpg,393,140,597,344,777,236
0352425.jpg,393,140,597,344,775,234
0352426.jpg,392,140,596,344,773,234
0352427.jpg,392,141,596,345,772,233
0352428.jpg,392,142,596,346,771,234
0352429.jpg,391,140,599,348,770,233
0352430.jpg,392,140,600,348,768,233
0352431.jpg,392,140,600,348,768,232
0352432.jpg,392,140,600,348,768,234
0352433.jpg,392,140,600,348,767,233
0352434.jpg,392,141,600,349,766,232
0352435.jpg,392,141,600,349,766,233
0352436.jpg,392,141,600,349,766,232
0352437.jpg,392,141,600,349,766,232
0352438.jpg,393,141,601,349,765,232
0352439.jpg,393,141,601,349,764,232
0352440.jpg,394,141,602,349,765,232
0352441.jpg,394,141,602,349,765,232
0352442.jpg,394,141,602,349,766,232
0352443.jpg,394,142,602,350,765,233
0352444.jpg,393,143,601,351,766,233
0352445.jpg,393,143,601,351,765,232
0352446.jpg,391,141,603,353,765,232
0352447.jpg,391,141,603,353,765,233
0352448.jpg,391,141,603,353,766,232
0352449.jpg,391,141,603,353,765,233
0352450.jpg,391,141,603,353,765,232
0352451.jpg,392,141,604,353,781,224
0352452.jpg,394,143,602,351,502,239
0352453.jpg,394,143,602,351,505,240
0352454.jpg,394,143,602,351,505,239
0352455.jpg,394,143,602,351,506,239
0352456.jpg,395,143,603,351,507,239
0352457.jpg,395,143,603,351,507,240
0352458.jpg,396,142,604,350,507,240
0352459.jpg,396,142,604,350,507,241
