0441000.jpg,281,104,481,304,398,189
0441001.jpg,281,104,481,304,391,191
0441002.jpg,279,103,483,307,390,190
0441003.jpg,279,103,483,307,391,190
0441004.jpg,279,105,483,309,421,192
0441005.jpg,276,105,488,317,530,310
0441006.jpg,273,104,491,322,530,333
0441007.jpg,273,108,491,326,541,357
0441008.jpg,274,108,492,326,550,371
0441009.jpg,277,114,493,330,555,390
0441010.jpg,278,114,494,330,561,400
0441011.jpg,281,116,493,328,571,409
0441012.jpg,279,114,495,330,579,416
0441013.jpg,279,114,495,330,576,420
0441014.jpg,279,114,495,330,591,423
0441015.jpg,283,116,495,328,613,424
0441016.jpg,283,117,495,329,630,425
0441017.jpg,285,119,497,331,644,427
0441018.jpg,286,121,498,333,652,427
0441019.jpg,288,121,500,333,653,428
0441020.jpg,296,123,508,335,629,427
0441021.jpg,299,123,511,335,632,433
0441022.jpg,303,123,515,335,626,438
0441023.jpg,305,123,517,335,616,442
0441024.jpg,305,123,517,335,611,448
0441025.jpg,305,122,517,334,611,447
0441026.jpg,304,122,516,334,617,445
0441027.jpg,303,122,515,334,632,441
0441028.jpg,302,122,514,334,651,436
0441029.jpg,300,124,512,336,669,431
0441030.jpg,297,123,513,339,682,423
0441031.jpg,297,123,513,339,679,418
0441032.jpg,296,123,512,339,670,417
0441033.jpg,300,127,508,335,659,422
0441034.jpg,300,123,508,331,645,432
0441035.jpg,299,121,507,329,619,430
0441036.jpg,291,120,499,328,622,440
0441037.jpg,289,114,497,322,601,625
0441038.jpg,286,113,494,321,411,354
0441039.jpg,286,107,494,315,318,227
0441040.jpg,286,100,494,308,322,226
0441042.jpg,287,91,495,299,369,182
0441043.jpg,287,90,495,298,384,185
0441044.jpg,279,86,495,302,384,182
0441045.jpg,279,86,495,302,384,182
0441046.jpg,279,86,495,302,385,183
0441047.jpg,283,86,499,302,385,184
0441048.jpg,285,89,497,301,386,186
0441049.jpg,286,89,498,301,387,187
0441050.jpg,286,89,498,301,387,187
0441051.jpg,286,89,498,301,387,187
0441052.jpg,284,87,500,303,387,186
0441053.jpg,279,87,495,303,386,185
0441054.jpg,278,86,494,302,385,185
0441055.jpg,277,85,493,301,382,183
0441056.jpg,276,85,492,301,382,183
0441057.jpg,276,85,492,301,380,184
0441058.jpg,276,85,492,301,380,186
0441059.jpg,280,90,488,298,378,185
0441060.jpg,282,93,486,297,378,187
0441061.jpg,282,95,486,299,378,184
0441062.jpg,282,95,486,299,382,185
0441063.jpg,282,95,486,299,381,186
0441064.jpg,282,95,486,299,382,187
0441065.jpg,282,95,486,299,382,188
0441066.jpg,284,97,484,297,383,188
0441067.jpg,284,97,484,297,380,188
0441068.jpg,284,97,484,297,382,189
0441069.jpg,282,93,486,297,383,187
0441070.jpg,280,89,488,297,383,186
0441071.jpg,282,88,490,296,386,182
0441072.jpg,282,86,490,294,351,171
0441073.jpg,280,84,492,296,375,173
0441074.jpg,281,84,493,296,379,173
0441075.jpg,283,86,491,294,380,174
0441076.jpg,283,86,491,294,382,178
0441077.jpg,281,88,493,300,378,181
0441078.jpg,281,93,493,305,382,189
0441079.jpg,278,99,494,315,377,197
0441080.jpg,277,99,493,315,373,197
0441081.jpg,277,99,493,315,370,204
0441082.jpg,276,98,494,316,370,198
0441083.jpg,275,93,491,309,372,190
0441084.jpg,273,87,489,303,371,183
0441085.jpg,272,86,484,298,370,178
0441086.jpg,268,81,484,297,367,175
0441087.jpg,268,81,484,297,365,174
0441088.jpg,266,81,482,297,363,173
0441089.jpg,265,80,481,296,360,173
0441090.jpg,262,80,478,296,360,174
0441091.jpg,262,80,478,296,358,173
0441092.jpg,262,82,474,294,355,173
0441093.jpg,261,82,473,294,353,174
0441094.jpg,261,84,469,292,351,172
0441095.jpg,259,84,467,292,351,173
0441096.jpg,258,84,466,292,355,172
0441097.jpg,251,86,455,290,350,173
0441098.jpg,250,87,454,291,348,173
0441099.jpg,249,87,453,291,350,173
0441100.jpg,249,87,453,291,348,172
0441101.jpg,249,87,453,291,350,172
0441102.jpg,249,87,453,291,350,171
0441103.jpg,249,87,453,291,351,174
0441104.jpg,250,87,454,291,348,174
0441105.jpg,252,88,452,288,350,174
0441106.jpg,253,88,453,288,350,174
0441107.jpg,255,87,455,287,353,174
0441108.jpg,260,85,464,289,355,173
0441109.jpg,262,85,466,289,356,173
0441110.jpg,261,83,469,291,353,173
0441111.jpg,262,84,470,292,357,174
0441112.jpg,261,82,473,294,358,173
0441113.jpg,261,82,473,294,360,173
0441114.jpg,262,82,474,294,362,173
0441115.jpg,262,82,474,294,363,174
0441116.jpg,262,82,474,294,364,174
0441117.jpg,262,82,474,294,363,174
0441118.jpg,265,84,473,292,363,172
0441119.jpg,265,83,473,291,368,166
0441120.jpg,267,82,471,286,372,165
0441121.jpg,271,81,471,281,374,164
0441122.jpg,273,78,471,276,376,161
0441123.jpg,276,78,474,276,414,158
0441124.jpg,279,78,477,276,400,160
0441125.jpg,281,78,479,276,403,161
0441126.jpg,282,84,482,284,403,165
0441127.jpg,283,90,487,294,405,170
0441128.jpg,286,95,494,303,405,176
0441129.jpg,284,106,496,318,404,187
0441130.jpg,287,106,499,318,409,194
0441131.jpg,293,104,509,320,413,197
0441132.jpg,295,104,511,320,419,195
0441133.jpg,296,104,512,320,423,188
0441134.jpg,296,96,514,314,421,180
0441135.jpg,296,92,514,310,422,177
0441136.jpg,296,88,514,306,420,174
0441137.jpg,296,87,514,305,420,172
0441138.jpg,297,87,513,303,425,172
0441139.jpg,296,87,512,303,421,173
0441140.jpg,296,87,512,303,418,172
0441141.jpg,297,89,509,301,422,172
0441142.jpg,296,89,508,301,417,173
0441143.jpg,296,89,508,301,419,172
0441144.jpg,297,91,505,299,416,172
0441145.jpg,292,91,500,299,464,177
0441146.jpg,291,91,499,299,459,178
0441147.jpg,291,91,499,299,460,179
0441148.jpg,291,91,499,299,460,179
0441149.jpg,297,91,505,299,461,180
0441150.jpg,300,91,508,299,463,182
0441151.jpg,301,92,513,304,466,195
0441152.jpg,304,94,516,306,910,308
0441153.jpg,310,99,522,311,908,308
0441154.jpg,312,97,528,313,908,308
0441155.jpg,315,100,531,316,908,308
0441156.jpg,317,101,533,317,908,308
0441157.jpg,316,100,534,318,908,308
0441158.jpg,316,100,534,318,908,309
0441159.jpg,316,100,534,318,907,308
0441160.jpg,317,98,533,314,907,309
0441161.jpg,319,95,531,307,908,308
0441162.jpg,318,92,530,304,907,310
0441163.jpg,317,91,529,303,908,309
0441164.jpg,314,89,530,305,908,309
0441165.jpg,311,89,527,305,907,309
0441166.jpg,310,89,526,305,907,309
0441167.jpg,308,89,524,305,906,309
0441168.jpg,305,91,521,307,907,309
0441169.jpg,304,91,520,307,906,309
0441170.jpg,302,91,518,307,907,309
0441171.jpg,300,91,516,307,478,190
0441172.jpg,297,92,509,304,391,186
0441173.jpg,290,94,498,302,393,191
0441174.jpg,288,94,496,302,391,191
0441175.jpg,287,94,495,302,388,193
0441176.jpg,280,96,488,304,384,196
0441177.jpg,274,96,482,304,380,199
0441178.jpg,271,96,479,304,377,200
0441179.jpg,271,96,479,304,349,181
0441180.jpg,271,90,479,298,370,178
0441181.jpg,269,86,481,298,370,174
0441182.jpg,269,86,481,298,375,172
0441183.jpg,267,83,483,299,378,171
0441184.jpg,268,83,484,299,378,170
0441185.jpg,267,83,483,299,378,170
0441186.jpg,267,83,483,299,379,170
0441187.jpg,267,83,483,299,378,171
0441188.jpg,267,83,483,299,377,171
0441189.jpg,267,83,483,299,377,171
0441190.jpg,267,83,483,299,377,170
0441191.jpg,267,84,483,300,373,169
0441192.jpg,266,83,484,301,373,170
0441193.jpg,266,83,484,301,374,170
0441194.jpg,266,83,484,301,375,170
0441195.jpg,266,83,484,301,377,170
0441196.jpg,267,83,485,301,378,169
0441197.jpg,268,84,484,300,378,170
0441198.jpg,268,84,484,300,379,170
0441199.jpg,269,84,485,300,378,170
0441200.jpg,270,84,486,300,378,172
0441201.jpg,270,84,486,300,377,171
0441202.jpg,270,84,486,300,378,172
0441203.jpg,271,84,487,300,376,172
0441204.jpg,272,84,488,300,376,171
0441205.jpg,272,84,488,300,376,171
0441206.jpg,273,84,489,300,377,172
0441207.jpg,273,84,489,300,378,171
0441208.jpg,274,84,490,300,378,172
0441209.jpg,274,84,490,300,379,172
0441210.jpg,273,83,491,301,379,171
0441211.jpg,274,83,492,301,380,171
0441212.jpg,274,83,492,301,380,172
0441213.jpg,274,83,492,301,379,171
0441214.jpg,274,84,492,302,379,171
0441215.jpg,274,84,492,302,379,171
0441216.jpg,274,84,492,302,380,172
0441217.jpg,271,83,493,305,379,173
0441218.jpg,271,83,493,305,380,172
0441219.jpg,271,83,493,305,381,173
0441220.jpg,271,83,493,305,380,174
0441221.jpg,271,83,493,305,380,174
0441222.jpg,273,85,491,303,380,174
0441223.jpg,273,85,491,303,380,175
0441224.jpg,273,85,491,303,380,177
0441225.jpg,272,85,490,303,379,177
0441226.jpg,272,85,490,303,378,176
0441227.jpg,272,85,490,303,384,175
0441228.jpg,272,85,490,303,382,180
0441229.jpg,272,85,490,303,453,185
0441230.jpg,272,85,490,303,448,185
0441231.jpg,272,85,490,303,449,187
0441232.jpg,272,85,490,303,450,187
0441233.jpg,272,85,490,303,451,187
0441234.jpg,273,85,491,303,450,187
0441235.jpg,273,85,491,303,450,187
0441236.jpg,273,85,491,303,451,186
0441237.jpg,273,85,491,303,451,185
0441238.jpg,273,85,491,303,450,185
0441239.jpg,273,84,491,302,451,185
0441240.jpg,274,85,490,301,450,185
0441241.jpg,274,85,490,301,452,185
0441242.jpg,274,84,490,300,452,185
0441243.jpg,274,84,490,300,426,176
0441244.jpg,273,84,489,300,384,175
0441245.jpg,273,84,489,300,385,178
0441246.jpg,275,86,487,298,385,177
0441247.jpg,275,86,487,298,385,177
0441248.jpg,275,85,487,297,384,178
0441249.jpg,274,85,486,297,385,177
0441250.jpg,274,85,486,297,385,178
0441251.jpg,274,85,486,297,386,177
0441252.jpg,275,85,487,297,385,177
0441253.jpg,275,85,487,297,384,176
0441254.jpg,275,85,487,297,386,177
0441255.jpg,275,85,487,297,385,178
0441256.jpg,275,85,487,297,385,177
0441257.jpg,275,85,487,297,386,180
0441258.jpg,275,85,487,297,385,180
0441259.jpg,275,84,487,296,385,180
0441260.jpg,275,84,487,296,387,180
0441261.jpg,275,84,487,296,386,179
0441262.jpg,275,84,487,296,387,180
0441263.jpg,275,85,487,297,386,180
0441264.jpg,273,83,489,299,387,180
0441265.jpg,273,83,489,299,386,180
0441266.jpg,273,83,489,299,387,180
0441267.jpg,274,83,490,299,387,180
0441268.jpg,274,83,490,299,386,181
0441269.jpg,274,83,490,299,387,181
0441270.jpg,274,83,490,299,387,181
0441271.jpg,274,83,490,299,387,181
0441272.jpg,274,83,490,299,386,181
0441273.jpg,274,83,490,299,386,182
0441274.jpg,274,83,490,299,386,182
0441275.jpg,274,83,490,299,386,181
0441276.jpg,277,85,489,297,386,181
0441277.jpg,277,85,489,297,387,181
0441278.jpg,277,85,489,297,386,181
0441279.jpg,277,84,489,296,386,180
0441280.jpg,277,84,489,296,386,180
0441281.jpg,277,84,489,296,386,180
0441282.jpg,277,84,489,296,386,180
0441283.jpg,277,84,489,296,386,179
0441284.jpg,275,82,491,298,386,180
0441285.jpg,275,82,491,298,386,180
0441286.jpg,275,82,491,298,386,180
0441287.jpg,275,82,491,298,387,180
0441288.jpg,277,85,489,297,386,179
0441289.jpg,277,85,489,297,385,177
0441290.jpg,277,85,489,297,384,178
0441291.jpg,275,85,487,297,383,179
0441292.jpg,277,89,485,297,377,184
0441293.jpg,276,89,484,297,374,185
0441294.jpg,275,90,483,298,431,184
0441295.jpg,270,90,478,298,907,300
0441296.jpg,264,88,476,300,907,296
0441297.jpg,259,88,471,300,912,299
0441298.jpg,255,88,467,300,913,298
0441299.jpg,257,89,465,297,913,299
0441300.jpg,257,88,465,296,913,298
0441301.jpg,259,88,467,296,913,299
0441302.jpg,261,85,473,297,912,298
0441303.jpg,265,85,477,297,914,298
0441304.jpg,271,85,483,297,914,298
0441305.jpg,278,85,490,297,914,298
0441306.jpg,282,85,494,297,912,298
0441307.jpg,288,85,500,297,912,298
0441308.jpg,301,85,513,297,912,299
0441309.jpg,308,84,520,296,493,182
0441310.jpg,312,84,524,296,519,188
0441312.jpg,321,86,533,298,426,170
0441313.jpg,323,86,535,298,432,172
0441314.jpg,325,89,533,297,436,172
0441315.jpg,330,90,538,298,440,176
0441316.jpg,331,91,539,299,443,177
0441318.jpg,337,91,545,299,383,179
0441319.jpg,338,91,546,299,396,179
0441320.jpg,338,91,546,299,393,177
0441321.jpg,338,90,546,298,393,176
0441322.jpg,334,92,538,296,393,177
0441323.jpg,333,92,537,296,393,177
0441324.jpg,332,92,536,296,396,177
0441325.jpg,332,92,536,296,400,177
0441326.jpg,331,92,535,296,405,176
0441327.jpg,330,92,534,296,403,176
0441328.jpg,330,92,534,296,404,178
0441329.jpg,330,96,534,300,405,179
0441330.jpg,330,98,534,302,403,182
0441331.jpg,329,102,533,306,405,183
0441332.jpg,326,102,534,310,407,185
0441333.jpg,326,102,534,310,407,187
0441334.jpg,326,102,534,310,410,188
0441335.jpg,327,102,535,310,408,185
0441336.jpg,327,98,535,306,410,181
0441337.jpg,329,90,537,298,410,178
0441338.jpg,329,87,537,295,411,171
0441339.jpg,337,85,545,293,413,168
0441340.jpg,337,85,545,293,416,166
0441341.jpg,337,85,545,293,419,165
0441342.jpg,327,83,539,295,418,164
0441343.jpg,323,83,539,299,412,165
0441344.jpg,320,82,538,300,411,166
0441345.jpg,319,83,537,301,409,167
0441346.jpg,318,83,536,301,408,166
0441348.jpg,315,84,531,300,469,175
0441349.jpg,311,84,527,300,450,175
0441350.jpg,309,84,525,300,447,177
0441351.jpg,309,85,525,301,446,178
0441352.jpg,308,86,524,302,443,179
0441353.jpg,308,86,524,302,441,180
0441354.jpg,308,87,524,303,441,183
0441355.jpg,308,91,524,307,440,185
0441356.jpg,308,91,524,307,436,184
0441357.jpg,308,91,524,307,437,186
0441359.jpg,313,92,525,304,493,182
0441360.jpg,314,91,526,303,498,183
0441361.jpg,314,90,526,302,496,182
0441362.jpg,315,89,527,301,498,182
0441363.jpg,316,89,528,301,514,186
0441364.jpg,316,89,528,301,491,181
0441365.jpg,316,89,528,301,496,186
0441366.jpg,317,89,529,301,497,184
0441367.jpg,317,89,529,301,497,185
0441368.jpg,317,89,529,301,495,185
0441369.jpg,317,90,529,302,498,186
0441370.jpg,318,91,530,303,498,187
0441371.jpg,319,92,531,304,498,188
0441372.jpg,321,94,529,302,497,191
0441373.jpg,321,94,529,302,498,190
0441374.jpg,322,94,530,302,499,191
0441375.jpg,322,92,530,300,499,190
0441376.jpg,322,91,530,299,498,190
0441377.jpg,321,90,529,298,499,187
0441378.jpg,321,90,529,298,501,187
0441379.jpg,321,90,529,298,499,186
0441380.jpg,320,90,528,298,503,187
0441381.jpg,320,90,528,298,508,191
0441382.jpg,320,90,528,298,510,195
0441383.jpg,320,90,528,298,516,197
0441384.jpg,319,90,527,298,514,198
0441385.jpg,309,83,531,305,513,204
0441386.jpg,308,83,530,305,494,175
0441387.jpg,307,83,529,305,502,178
0441388.jpg,308,85,526,303,506,182
0441389.jpg,307,85,525,303,511,185
0441390.jpg,306,85,524,303,512,187
0441391.jpg,305,85,523,303,511,191
0441392.jpg,305,86,521,302,509,195
0441393.jpg,303,87,519,303,509,198
0441394.jpg,301,95,517,311,509,203
0441396.jpg,300,100,512,312,459,195
0441397.jpg,299,100,511,312,454,195
0441398.jpg,299,100,511,312,452,192
0441399.jpg,299,98,511,310,453,189
0441400.jpg,298,96,514,312,453,186
0441401.jpg,299,96,515,312,454,184
0441402.jpg,299,96,515,312,452,187
0441403.jpg,301,96,517,312,451,190
0441404.jpg,307,105,515,313,449,194
0441405.jpg,310,111,518,319,449,202
0441406.jpg,314,111,522,319,447,206
0441407.jpg,315,111,523,319,448,209
0441408.jpg,315,111,523,319,447,207
0441409.jpg,316,110,524,318,450,202
0441410.jpg,315,102,523,310,448,194
0441411.jpg,311,91,527,307,449,187
0441412.jpg,308,86,526,304,448,182
0441413.jpg,307,83,525,301,448,177
0441414.jpg,306,82,524,300,383,168
0441415.jpg,306,81,522,297,401,167
0441416.jpg,306,81,522,297,405,166
0441417.jpg,307,83,519,295,402,166
0441418.jpg,307,82,519,294,400,166
0441419.jpg,304,81,516,293,399,166
0441420.jpg,304,82,512,290,399,166
0441421.jpg,303,82,511,290,396,167
0441422.jpg,304,84,508,288,396,167
0441423.jpg,302,84,506,288,394,168
0441424.jpg,301,85,505,289,391,168
0441425.jpg,294,91,494,291,390,170
0441426.jpg,291,92,495,296,388,176
0441427.jpg,289,97,497,305,385,182
0441428.jpg,288,99,492,303,383,185
0441429.jpg,288,99,492,303,381,187
0441430.jpg,288,99,492,303,379,185
0441431.jpg,287,98,491,302,378,180
0441432.jpg,287,94,491,298,377,177
0441433.jpg,286,92,490,296,376,175
0441434.jpg,283,90,491,298,374,174
0441435.jpg,282,90,490,298,373,175
0441436.jpg,281,90,489,298,373,177
0441437.jpg,280,94,488,302,373,180
0441438.jpg,280,100,488,308,373,186
0441439.jpg,278,101,490,313,371,190
0441440.jpg,277,101,489,313,368,194
0441441.jpg,277,101,489,313,369,191
0441442.jpg,274,99,490,315,369,185
0441443.jpg,274,92,490,308,367,180
0441444.jpg,274,87,490,303,367,177
0441445.jpg,276,85,488,297,371,173
0441446.jpg,276,81,488,293,371,168
0441447.jpg,279,82,487,290,371,168
0441448.jpg,281,82,489,290,374,167
0441449.jpg,284,82,492,290,345,164
0441450.jpg,286,82,494,290,364,164
0441451.jpg,286,82,494,290,373,165
0441452.jpg,287,83,495,291,376,163
0441453.jpg,287,83,495,291,379,165
0441454.jpg,289,83,497,291,384,165
0441455.jpg,297,83,505,291,388,166
0441456.jpg,298,85,506,293,386,170
0441457.jpg,297,88,509,300,391,171
0441458.jpg,297,90,509,302,392,175
0441459.jpg,297,96,509,308,442,179
0441460.jpg,296,100,508,312,427,184
0441461.jpg,296,100,508,312,425,188
0441462.jpg,294,100,506,312,424,188
0441463.jpg,292,102,500,310,422,185
0441464.jpg,292,101,500,309,423,182
0441465.jpg,292,95,500,303,423,179
0441466.jpg,295,91,507,303,423,176
0441467.jpg,296,88,508,300,426,172
0441468.jpg,297,86,509,298,426,170
0441469.jpg,298,85,510,297,429,170
0441470.jpg,297,83,513,299,430,169
0441471.jpg,298,83,514,299,432,170
0441472.jpg,298,83,514,299,431,170
0441473.jpg,298,83,514,299,433,171
0441474.jpg,298,84,514,300,431,171
0441475.jpg,298,86,514,302,431,174
0441476.jpg,300,87,516,303,430,175
0441477.jpg,300,87,516,303,428,176
0441478.jpg,300,87,516,303,470,182
0441479.jpg,300,87,516,303,458,181
0441480.jpg,300,87,516,303,460,180
0441481.jpg,299,86,517,304,460,180
0441482.jpg,299,87,517,305,460,179
0441483.jpg,298,88,516,306,457,181
0441484.jpg,296,90,514,308,455,183
0441485.jpg,293,97,511,315,396,191
0441486.jpg,284,97,502,315,399,196
0441487.jpg,282,97,500,315,398,200
0441488.jpg,285,100,497,312,397,197
0441489.jpg,287,97,495,305,394,191
0441490.jpg,287,93,495,301,396,187
0441491.jpg,287,91,495,299,394,183
0441492.jpg,283,89,495,301,394,180
0442000.jpg,835,110,1025,300,388,202
0442001.jpg,835,111,1025,301,387,204
0442002.jpg,835,111,1025,301,387,204
0442003.jpg,835,111,1025,301,386,204
0442004.jpg,835,110,1025,300,386,205
0442005.jpg,835,110,1025,300,387,208
0442006.jpg,835,110,1025,300,388,212
0442007.jpg,835,110,1025,300,389,215
0442008.jpg,834,110,1024,300,391,219
0442009.jpg,834,110,1024,300,388,219
0442010.jpg,834,110,1024,300,387,220
0442011.jpg,834,110,1024,300,383,220
0442012.jpg,836,114,1018,296,383,220
0442013.jpg,836,115,1018,297,382,220
0442014.jpg,836,115,1018,297,382,218
0442015.jpg,836,115,1018,297,382,220
0442016.jpg,836,115,1018,297,382,219
0442017.jpg,836,115,1018,297,384,219
0442018.jpg,836,115,1018,297,385,220
0442019.jpg,837,115,1019,297,388,221
0442020.jpg,837,115,1019,297,389,222
0442021.jpg,837,115,1019,297,392,222
0442022.jpg,837,115,1019,297,395,221
0442023.jpg,837,115,1019,297,396,221
0442024.jpg,835,113,1021,299,396,220
0442025.jpg,835,113,1021,299,395,220
0442026.jpg,835,113,1021,299,394,219
0442027.jpg,835,114,1021,300,392,218
0442028.jpg,835,114,1021,300,391,219
0442029.jpg,835,114,1021,300,388,221
0442030.jpg,835,114,1021,300,386,223
0442031.jpg,835,114,1021,300,386,224
0442032.jpg,837,116,1019,298,387,222
0442033.jpg,835,114,1021,300,385,221
0442034.jpg,835,115,1021,301,385,220
0442035.jpg,835,115,1021,301,385,216
0442036.jpg,836,114,1022,300,384,214
0442037.jpg,836,114,1022,300,384,213
0442038.jpg,836,114,1022,300,387,210
0442039.jpg,836,114,1022,300,390,205
0442040.jpg,837,114,1023,300,393,202
0442041.jpg,837,114,1023,300,393,198
0442042.jpg,837,114,1023,300,393,195
0442043.jpg,837,114,1023,300,393,193
0442044.jpg,837,114,1023,300,395,191
0442045.jpg,837,114,1023,300,394,191
0442046.jpg,839,116,1021,298,395,192
0442047.jpg,839,116,1021,298,395,193
0442048.jpg,839,116,1021,298,398,195
0442049.jpg,839,116,1021,298,399,195
0442050.jpg,839,116,1021,298,397,195
0442051.jpg,837,114,1023,300,397,196
0442052.jpg,837,114,1023,300,396,194
0442053.jpg,837,114,1023,300,397,194
0442054.jpg,837,114,1023,300,395,192
0442055.jpg,837,115,1023,301,393,192
0442056.jpg,837,115,1023,301,392,191
0442057.jpg,837,115,1023,301,392,191
0442058.jpg,837,115,1023,301,391,193
0442059.jpg,837,115,1023,301,391,194
0442060.jpg,837,115,1023,301,392,194
0442061.jpg,837,115,1023,301,392,196
0442062.jpg,835,113,1025,303,393,196
0442063.jpg,835,113,1025,303,392,197
0442064.jpg,835,113,1025,303,392,198
0442065.jpg,835,113,1025,303,392,198
0442066.jpg,835,113,1025,303,390,199
0442067.jpg,835,113,1025,303,389,198
0442068.jpg,835,113,1025,303,391,198
0442069.jpg,835,113,1025,303,391,198
0442070.jpg,837,115,1023,301,392,195
0442071.jpg,837,115,1023,301,393,193
0442072.jpg,837,115,1023,301,395,190
0442073.jpg,837,115,1023,301,396,188
0442074.jpg,837,115,1023,301,397,188
0442075.jpg,837,115,1023,301,395,188
0442076.jpg,837,116,1023,302,396,191
0442077.jpg,837,116,1023,302,394,194
0442078.jpg,836,116,1022,302,392,200
0442079.jpg,836,116,1022,302,389,206
0442080.jpg,836,116,1022,302,386,211
0442081.jpg,836,115,1022,301,388,209
0442082.jpg,837,115,1023,301,394,205
0442083.jpg,837,115,1023,301,394,199
0442084.jpg,838,115,1024,301,393,194
0442085.jpg,838,115,1024,301,391,190
0442086.jpg,838,115,1024,301,387,187
0442087.jpg,838,115,1024,301,385,188
0442088.jpg,838,115,1024,301,384,187
0442089.jpg,838,114,1024,300,384,187
0442090.jpg,838,114,1024,300,382,188
0442091.jpg,838,114,1024,300,380,189
0442092.jpg,838,114,1024,300,379,188
0442093.jpg,838,114,1024,300,378,188
0442094.jpg,838,114,1024,300,374,187
0442095.jpg,838,114,1024,300,374,187
0442096.jpg,838,114,1024,300,373,187
0442097.jpg,838,114,1024,300,370,186
0442098.jpg,838,114,1024,300,370,186
0442099.jpg,838,114,1024,300,368,186
0442100.jpg,835,112,1025,302,369,188
0442101.jpg,835,113,1025,303,368,188
0442102.jpg,835,113,1025,303,368,188
0442103.jpg,834,113,1024,303,367,188
0442104.jpg,834,113,1024,303,368,188
0442105.jpg,836,114,1022,300,368,187
0442106.jpg,836,115,1022,301,368,188
0442107.jpg,836,115,1022,301,370,187
0442108.jpg,836,115,1022,301,370,188
0442109.jpg,834,112,1024,302,372,188
0442110.jpg,835,113,1025,303,364,185
0442111.jpg,835,113,1025,303,375,230
0442112.jpg,837,113,1027,303,406,303
0442113.jpg,839,113,1029,303,431,342
0442114.jpg,841,112,1031,302,420,323
0442115.jpg,841,112,1031,302,420,323
0442116.jpg,841,112,1031,302,421,325
0442117.jpg,841,112,1031,302,419,325
0442118.jpg,841,112,1031,302,417,326
0442119.jpg,841,112,1031,302,420,325
0442120.jpg,841,112,1031,302,419,327
0442121.jpg,841,112,1031,302,419,326
0442122.jpg,841,112,1031,302,420,322
0442123.jpg,841,112,1031,302,421,321
0442124.jpg,839,111,1029,301,383,185
0442125.jpg,836,109,1030,303,387,185
0442126.jpg,836,108,1030,302,388,191
0442127.jpg,835,108,1029,302,388,197
0442128.jpg,837,110,1027,300,390,206
0442129.jpg,837,110,1027,300,393,216
0442130.jpg,837,110,1027,300,392,225
0442131.jpg,834,109,1028,303,394,225
0442132.jpg,833,111,1027,305,397,221
0442133.jpg,833,111,1027,305,398,215
0442134.jpg,832,111,1026,305,400,209
0442135.jpg,832,111,1026,305,397,202
0442136.jpg,832,110,1026,304,396,198
0442137.jpg,831,110,1025,304,396,198
0442138.jpg,831,110,1025,304,395,197
0442139.jpg,831,110,1025,304,396,197
0442140.jpg,832,110,1026,304,395,198
0442141.jpg,832,110,1026,304,396,197
0442142.jpg,832,110,1026,304,395,197
0442143.jpg,832,110,1026,304,395,199
0442144.jpg,832,110,1026,304,395,197
0442145.jpg,832,110,1026,304,393,198
0442146.jpg,832,111,1026,305,394,198
0442147.jpg,832,111,1026,305,393,199
0442148.jpg,832,111,1026,305,395,199
0442149.jpg,832,111,1026,305,395,199
0442150.jpg,832,111,1026,305,397,200
0442151.jpg,832,111,1026,305,400,198
0442152.jpg,832,111,1026,305,401,202
0442153.jpg,832,111,1026,305,407,204
0442154.jpg,832,111,1026,305,414,204
0442155.jpg,832,111,1026,305,417,206
0442156.jpg,834,113,1024,303,615,375
0442157.jpg,831,115,1021,305,680,402
0442158.jpg,833,119,1019,305,714,409
0442159.jpg,833,120,1019,306,743,426
0442160.jpg,835,125,1017,307,756,444
0442161.jpg,836,130,1016,310,726,454
0442162.jpg,836,133,1016,313,684,465
0442163.jpg,836,133,1016,313,852,579
0442164.jpg,835,132,1017,314,850,600
0442165.jpg,834,132,1016,314,829,613
0442166.jpg,833,129,1015,311,706,620
0442167.jpg,832,127,1014,309,428,498
0442168.jpg,830,123,1016,309,416,210
0442169.jpg,830,122,1016,308,415,212
0442170.jpg,829,119,1019,309,413,212
0442171.jpg,829,118,1019,308,412,211
0442172.jpg,829,117,1019,307,412,211
0442173.jpg,829,117,1019,307,410,210
0442174.jpg,830,116,1020,306,405,209
0442175.jpg,829,112,1023,306,399,211
0442176.jpg,829,111,1023,305,391,214
0442177.jpg,829,111,1023,305,389,215
0442178.jpg,831,113,1021,303,386,216
0442179.jpg,831,112,1021,302,389,212
0442180.jpg,831,112,1021,302,391,209
0442181.jpg,831,112,1021,302,392,207
0442182.jpg,831,112,1021,302,392,206
0442183.jpg,831,112,1021,302,391,210
0442184.jpg,831,112,1021,302,391,209
0442185.jpg,831,112,1021,302,390,208
0442186.jpg,832,112,1022,302,389,203
0442187.jpg,832,112,1022,302,388,202
0442188.jpg,832,112,1022,302,388,202
0442189.jpg,832,112,1022,302,387,203
0442190.jpg,833,112,1023,302,387,203
0442191.jpg,833,112,1023,302,387,205
0442192.jpg,833,113,1023,303,387,205
0442193.jpg,833,113,1023,303,387,204
0442194.jpg,831,111,1025,305,388,206
0442195.jpg,831,111,1025,305,389,206
0442196.jpg,831,111,1025,305,388,205
0442197.jpg,831,111,1025,305,390,205
0442198.jpg,831,111,1025,305,389,205
0442199.jpg,831,111,1025,305,390,205
0442200.jpg,831,111,1025,305,391,207
0442201.jpg,831,111,1025,305,390,206
0442202.jpg,831,111,1025,305,391,207
0442203.jpg,831,111,1025,305,392,207
0442204.jpg,831,110,1025,304,392,206
0442205.jpg,831,110,1025,304,393,206
0442206.jpg,831,110,1025,304,393,207
0442207.jpg,831,110,1025,304,394,205
0442208.jpg,831,110,1025,304,396,205
0442209.jpg,831,110,1025,304,395,205
0442210.jpg,831,110,1025,304,395,205
0442211.jpg,830,110,1024,304,396,205
0442212.jpg,830,110,1024,304,397,206
0442213.jpg,830,110,1024,304,396,205
0442214.jpg,830,110,1024,304,395,206
0442215.jpg,831,110,1025,304,395,206
0442216.jpg,831,110,1025,304,396,207
0442217.jpg,831,110,1025,304,394,209
0442218.jpg,831,110,1025,304,395,207
0442219.jpg,831,110,1025,304,394,210
0442220.jpg,831,110,1025,304,394,209
0442221.jpg,831,110,1025,304,396,209
0442222.jpg,831,110,1025,304,411,303
0442224.jpg,836,112,1026,302,860,204
0442226.jpg,837,112,1027,302,914,198
0442227.jpg,839,112,1029,302,932,201
0442228.jpg,841,114,1031,304,933,200
0442229.jpg,840,112,1034,306,936,200
0442230.jpg,840,112,1034,306,937,200
0442231.jpg,843,115,1033,305,977,198
0442232.jpg,844,115,1034,305,958,198
0442233.jpg,844,115,1034,305,955,198
0442234.jpg,846,115,1036,305,958,198
0442235.jpg,847,115,1037,305,957,197
0442236.jpg,849,116,1035,302,938,195
0442237.jpg,849,115,1035,301,943,199
0442238.jpg,849,115,1035,301,944,198
0442239.jpg,848,115,1034,301,943,197
0442240.jpg,847,115,1033,301,943,199
0442241.jpg,846,115,1032,301,942,198
0442242.jpg,844,113,1034,303,942,198
0442243.jpg,842,113,1032,303,942,198
0442244.jpg,841,113,1031,303,941,200
0442245.jpg,838,111,1032,305,939,199
0442246.jpg,837,111,1031,305,872,196
0442247.jpg,835,111,1029,305,862,204
0442248.jpg,834,111,1028,305,857,207
0442249.jpg,832,111,1026,305,855,208
0442250.jpg,830,111,1024,305,854,208
0442251.jpg,833,115,1019,301,855,209
0442252.jpg,831,115,1017,301,854,209
0442253.jpg,830,115,1016,301,852,211
0442254.jpg,830,115,1016,301,851,212
0442255.jpg,830,115,1016,301,850,211
0442256.jpg,831,115,1017,301,852,209
0442257.jpg,831,116,1017,302,851,210
0442258.jpg,831,116,1017,302,850,210
0442259.jpg,829,118,1019,308,871,209
0442260.jpg,830,119,1020,309,861,213
0442261.jpg,830,119,1020,309,862,212
0442262.jpg,830,120,1020,310,860,214
0442263.jpg,830,123,1020,313,859,214
0442264.jpg,829,123,1019,313,858,214
0442265.jpg,829,125,1019,315,859,216
0442266.jpg,827,123,1021,317,856,215
0442267.jpg,826,121,1024,319,858,216
0442268.jpg,827,121,1025,319,859,215
0442269.jpg,829,119,1027,317,858,213
0442270.jpg,829,118,1027,316,858,213
0442271.jpg,833,120,1027,314,858,214
0442272.jpg,833,119,1027,313,858,213
0442273.jpg,834,119,1028,313,858,215
0442274.jpg,835,119,1029,313,857,215
0442275.jpg,836,119,1030,313,857,215
0442276.jpg,838,122,1028,312,858,214
0442277.jpg,838,122,1028,312,857,215
0442278.jpg,838,122,1028,312,857,216
0442279.jpg,836,123,1026,313,380,191
0442280.jpg,835,126,1025,316,381,191
0442281.jpg,834,126,1024,316,379,190
0442282.jpg,832,125,1026,319,379,191
0442283.jpg,831,125,1025,319,378,190
0442284.jpg,830,125,1024,319,379,192
0442285.jpg,830,126,1024,320,378,191
0442286.jpg,830,126,1024,320,378,190
0442287.jpg,829,126,1023,320,380,190
0442288.jpg,829,126,1023,320,381,189
0442289.jpg,829,124,1023,318,382,187
0442290.jpg,829,124,1023,318,382,188
0442291.jpg,829,123,1023,317,381,189
0442292.jpg,832,125,1022,315,382,194
0442293.jpg,832,125,1022,315,382,196
0442294.jpg,832,124,1022,314,381,197
0442295.jpg,832,124,1022,314,378,196
0442296.jpg,832,124,1022,314,373,195
0442297.jpg,832,124,1022,314,369,194
0442298.jpg,832,124,1022,314,365,193
0442299.jpg,832,124,1022,314,364,193
0442300.jpg,832,124,1022,314,365,191
0442301.jpg,831,124,1021,314,367,191
0442302.jpg,831,123,1021,313,371,189
0442303.jpg,831,123,1021,313,374,189
0442304.jpg,831,123,1021,313,378,189
0442305.jpg,831,123,1021,313,386,190
0442306.jpg,830,123,1020,313,393,189
0442307.jpg,832,125,1018,311,398,189
0442308.jpg,832,125,1018,311,403,188
0442309.jpg,832,125,1018,311,408,190
0442310.jpg,830,123,1020,313,413,189
0442311.jpg,832,125,1018,311,422,189
0442312.jpg,832,125,1018,311,425,189
0442313.jpg,832,125,1018,311,428,189
0442314.jpg,831,125,1017,311,431,191
0442315.jpg,831,125,1017,311,433,195
0442316.jpg,831,125,1017,311,433,196
0442317.jpg,829,123,1019,313,432,197
0442318.jpg,828,123,1018,313,433,197
0442319.jpg,828,123,1018,313,432,196
0442320.jpg,823,128,1009,314,431,194
0442321.jpg,823,128,1009,314,431,193
0442322.jpg,823,128,1009,314,430,194
0442323.jpg,822,128,1008,314,430,193
0442324.jpg,822,128,1008,314,429,194
0442325.jpg,822,127,1008,313,429,192
0442326.jpg,824,129,1006,311,429,191
0442327.jpg,824,128,1006,310,429,192
0442328.jpg,823,128,1005,310,428,194
0442329.jpg,824,128,1006,310,427,196
0442330.jpg,824,127,1006,309,428,197
0442331.jpg,822,125,1008,311,427,199
0442332.jpg,822,125,1008,311,431,199
0442333.jpg,822,124,1008,310,430,201
0442334.jpg,822,124,1008,310,430,201
0442335.jpg,822,124,1008,310,433,200
0442336.jpg,822,124,1008,310,434,195
0442337.jpg,822,123,1008,309,433,192
0442338.jpg,822,123,1008,309,435,188
0442339.jpg,821,123,1007,309,435,186
0442340.jpg,821,123,1007,309,434,186
0442341.jpg,823,125,1005,307,434,185
0442342.jpg,823,125,1005,307,433,183
0442343.jpg,823,125,1005,307,431,182
0442344.jpg,823,125,1005,307,427,184
0442345.jpg,823,125,1005,307,424,183
0442346.jpg,823,125,1005,307,421,184
0442347.jpg,822,125,1004,307,420,186
0442348.jpg,822,125,1004,307,416,186
0442349.jpg,822,125,1004,307,414,186
0442350.jpg,822,125,1004,307,413,188
0442351.jpg,822,125,1004,307,412,189
0442352.jpg,820,123,1006,309,410,191
0442353.jpg,820,123,1006,309,410,190
0442354.jpg,820,123,1006,309,409,192
0442355.jpg,820,123,1006,309,409,192
0442356.jpg,820,123,1006,309,408,193
0442357.jpg,820,123,1006,309,410,194
0442358.jpg,820,123,1006,309,410,194
0442359.jpg,820,123,1006,309,411,193
0442360.jpg,820,123,1006,309,413,193
0442361.jpg,821,123,1007,309,413,193
0442362.jpg,821,123,1007,309,414,192
0442363.jpg,821,123,1007,309,415,192
0442364.jpg,821,123,1007,309,414,191
0442365.jpg,823,125,1005,307,413,189
0442366.jpg,823,125,1005,307,414,190
0442367.jpg,823,125,1005,307,414,189
0442368.jpg,824,125,1006,307,416,190
0442369.jpg,828,120,1014,306,415,190
0442370.jpg,829,119,1015,305,416,191
0442371.jpg,830,119,1016,305,417,193
0442372.jpg,830,119,1016,305,418,194
0442373.jpg,830,119,1016,305,417,194
0442374.jpg,830,119,1016,305,417,195
0442375.jpg,830,119,1016,305,417,194
0442376.jpg,830,119,1016,305,418,194
0442377.jpg,830,119,1016,305,419,193
0442378.jpg,831,119,1017,305,418,192
0442379.jpg,831,119,1017,305,418,191
0442380.jpg,831,119,1017,305,417,191
0442381.jpg,830,119,1016,305,417,190
0442382.jpg,830,119,1016,305,416,192
0442383.jpg,830,119,1016,305,417,193
0442384.jpg,831,119,1017,305,416,192
0442385.jpg,831,119,1017,305,416,192
0442386.jpg,831,119,1017,305,413,192
0442387.jpg,831,119,1017,305,413,190
0442388.jpg,831,119,1017,305,412,191
0442389.jpg,831,119,1017,305,410,191
0442390.jpg,831,119,1017,305,410,192
0442391.jpg,831,119,1017,305,411,192
0442392.jpg,831,119,1017,305,408,192
0442393.jpg,831,119,1017,305,408,196
0442394.jpg,831,119,1017,305,407,202
0442395.jpg,831,119,1017,305,406,204
0442396.jpg,831,119,1017,305,402,207
0442397.jpg,831,119,1017,305,402,205
0442398.jpg,831,119,1017,305,402,202
0442399.jpg,831,119,1017,305,402,199
0442400.jpg,831,119,1017,305,404,196
0442401.jpg,831,119,1017,305,404,196
0442402.jpg,831,119,1017,305,405,196
0442403.jpg,831,119,1017,305,405,198
0442404.jpg,831,119,1017,305,406,202
0442405.jpg,831,119,1017,305,406,208
0442406.jpg,831,119,1017,305,405,213
0442407.jpg,831,118,1017,304,406,216
0442408.jpg,831,118,1017,304,408,213
0442409.jpg,833,120,1015,302,408,207
0442410.jpg,833,120,1015,302,408,202
0442411.jpg,833,120,1015,302,409,196
0442412.jpg,833,120,1015,302,410,193
0442413.jpg,832,118,1018,304,411,192
0442414.jpg,832,118,1018,304,411,188
0442416.jpg,833,118,1019,304,414,329
0442417.jpg,831,116,1021,306,412,314
0442418.jpg,832,116,1022,306,848,199
0442419.jpg,833,116,1023,306,848,208
0442420.jpg,831,115,1025,309,847,210
0442421.jpg,833,116,1027,310,847,209
0442422.jpg,836,116,1030,310,907,203
0442423.jpg,839,119,1029,309,927,208
0442424.jpg,840,119,1030,309,928,208
0442425.jpg,842,119,1032,309,929,208
0442426.jpg,843,119,1033,309,931,207
0442427.jpg,843,119,1033,309,930,207
0442428.jpg,843,119,1033,309,931,208
0442429.jpg,843,119,1033,309,931,208
0442430.jpg,843,119,1033,309,931,206
0442431.jpg,843,118,1033,308,930,207
0442432.jpg,843,117,1033,307,931,206
0442433.jpg,842,117,1032,307,929,207
0442434.jpg,841,117,1031,307,928,207
0442435.jpg,840,116,1030,306,925,208
0442436.jpg,839,115,1029,305,923,207
0442437.jpg,836,115,1026,305,404,312
0442438.jpg,835,114,1025,304,401,308
0442439.jpg,834,114,1024,304,392,217
0442440.jpg,834,114,1024,304,390,218
0442441.jpg,831,112,1025,306,392,214
0442442.jpg,831,112,1025,306,392,210
0442443.jpg,832,115,1022,305,392,207
0442444.jpg,831,115,1021,305,394,203
0442445.jpg,830,115,1020,305,396,199
0442446.jpg,832,117,1018,303,397,196
0442447.jpg,832,117,1018,303,400,196
0442448.jpg,832,117,1018,303,403,195
0442449.jpg,832,117,1018,303,404,194
0442450.jpg,832,117,1018,303,408,196
0442451.jpg,832,117,1018,303,409,196
0442452.jpg,832,117,1018,303,410,201
0442453.jpg,832,117,1018,303,413,197
0442454.jpg,833,117,1019,303,413,198
0442455.jpg,832,113,1022,303,424,306
0442456.jpg,834,113,1024,303,869,204
0442457.jpg,837,113,1027,303,864,206
0442458.jpg,837,113,1027,303,858,209
0442459.jpg,837,114,1027,304,857,211
0442460.jpg,836,116,1026,306,858,210
0442461.jpg,834,116,1024,306,861,209
0442462.jpg,834,118,1020,304,858,210
0442463.jpg,834,118,1020,304,856,211
0442464.jpg,834,118,1020,304,854,212
0442465.jpg,833,119,1019,305,857,210
0442466.jpg,833,119,1019,305,856,211
0442467.jpg,833,119,1019,305,856,211
0442468.jpg,831,118,1017,304,855,211
0442469.jpg,831,118,1017,304,856,211
0442470.jpg,831,118,1017,304,856,211
0442471.jpg,831,118,1017,304,854,212
0442472.jpg,831,117,1017,303,854,212
0442473.jpg,831,115,1017,301,854,209
0442474.jpg,833,112,1019,298,854,209
0442475.jpg,835,114,1017,296,851,202
0442476.jpg,835,114,1017,296,410,309
0442477.jpg,835,114,1017,296,410,202
0442478.jpg,835,114,1017,296,409,204
0442479.jpg,835,114,1017,296,410,203
0442480.jpg,835,114,1017,296,411,203
0442481.jpg,835,114,1017,296,410,204
0442482.jpg,835,114,1017,296,410,203
0442483.jpg,835,115,1017,297,408,204
0442484.jpg,835,115,1017,297,405,207
0442485.jpg,833,113,1019,299,401,210
0442486.jpg,833,114,1019,300,394,215
0442487.jpg,833,114,1019,300,397,215
0442488.jpg,833,114,1019,300,397,214
0442489.jpg,833,114,1019,300,396,210
0442490.jpg,831,112,1021,302,391,206
0442491.jpg,831,112,1021,302,395,204
0442492.jpg,831,112,1021,302,395,200
