0491000.jpg,454,142,600,288,329,153
0491001.jpg,455,142,601,288,321,153
0491002.jpg,456,142,602,288,321,153
0491003.jpg,455,140,605,290,323,154
0491004.jpg,456,140,606,290,323,154
0491005.jpg,457,140,607,290,321,156
0491006.jpg,459,139,609,289,321,157
0491007.jpg,459,138,609,288,321,157
0491008.jpg,459,138,609,288,322,157
0491009.jpg,459,138,609,288,322,157
0491010.jpg,459,138,609,288,320,159
0491011.jpg,459,140,609,290,321,159
0491012.jpg,461,143,607,289,322,158
0491013.jpg,461,143,607,289,321,158
0491014.jpg,461,143,607,289,323,158
0491015.jpg,461,143,607,289,322,159
0491016.jpg,460,143,606,289,322,158
0491017.jpg,459,143,605,289,321,159
0491018.jpg,458,141,604,287,323,159
0491019.jpg,457,140,603,286,321,162
0491020.jpg,455,139,599,283,321,159
0491021.jpg,451,134,595,278,320,160
0491022.jpg,452,136,592,276,319,160
0491023.jpg,451,134,591,274,319,159
0491024.jpg,447,129,587,269,320,159
0491025.jpg,446,129,586,269,319,158
0491026.jpg,443,127,583,267,319,159
0491027.jpg,442,127,582,267,317,159
0491028.jpg,440,127,580,267,318,160
0491029.jpg,438,126,578,266,316,159
0491030.jpg,437,126,577,266,316,158
0491031.jpg,436,125,576,265,316,158
0491032.jpg,435,124,575,264,316,157
0491033.jpg,435,124,575,264,317,159
0491034.jpg,434,124,574,264,316,157
0491035.jpg,434,123,574,263,316,158
0491036.jpg,434,123,574,263,316,159
0491037.jpg,434,123,574,263,316,158
0491038.jpg,433,123,573,263,316,159
0491039.jpg,433,123,573,263,315,157
0491040.jpg,432,123,572,263,315,158
0491041.jpg,431,123,571,263,318,159
0491042.jpg,431,123,571,263,317,159
0491043.jpg,431,123,571,263,318,159
0491044.jpg,429,121,573,265,317,158
0491045.jpg,429,122,573,266,317,159
0491046.jpg,430,122,574,266,318,159
0491047.jpg,431,123,575,267,318,158
0491048.jpg,430,123,576,269,317,158
0491049.jpg,431,125,577,271,317,158
0491050.jpg,431,125,577,271,316,159
0491051.jpg,429,126,579,276,317,159
0491052.jpg,429,126,579,276,316,157
0491053.jpg,429,126,579,276,317,157
0491054.jpg,429,126,579,276,316,157
0491055.jpg,430,125,580,275,315,157
0491056.jpg,430,125,580,275,315,158
0491057.jpg,430,125,580,275,316,158
0491058.jpg,430,125,580,275,315,158
0491059.jpg,430,125,580,275,314,157
0491060.jpg,429,125,579,275,315,157
0491061.jpg,427,124,577,274,315,158
0491062.jpg,426,123,576,273,312,159
0491063.jpg,423,123,573,273,313,159
0491064.jpg,421,122,571,272,314,159
0491065.jpg,416,120,570,274,313,161
0491066.jpg,411,119,565,273,312,162
0491067.jpg,409,119,563,273,313,163
0491068.jpg,407,119,561,273,314,163
0491069.jpg,410,123,556,269,314,164
0491070.jpg,410,124,554,268,314,164
0491071.jpg,409,125,553,269,315,165
0491072.jpg,409,125,553,269,470,368
0491073.jpg,408,125,552,269,443,277
0491074.jpg,408,125,552,269,442,282
0491075.jpg,408,125,552,269,438,282
0491076.jpg,407,125,551,269,436,280
0491077.jpg,405,125,551,271,434,280
0491078.jpg,405,125,551,271,432,280
0491079.jpg,405,124,551,270,431,281
0491080.jpg,405,124,551,270,432,280
0491081.jpg,406,124,552,270,434,282
0491082.jpg,407,124,553,270,444,338
0491083.jpg,408,124,554,270,343,173
0491084.jpg,408,124,554,270,337,174
0491085.jpg,409,124,555,270,336,173
0491086.jpg,412,126,552,266,335,173
0491087.jpg,412,126,552,266,335,171
0491088.jpg,412,126,552,266,334,171
0491089.jpg,412,126,552,266,334,171
0491090.jpg,412,127,552,267,335,170
0491091.jpg,412,133,552,273,349,161
0491092.jpg,409,131,553,275,347,163
0491093.jpg,409,131,553,275,348,164
0491094.jpg,409,131,553,275,388,173
0491095.jpg,407,125,557,275,379,161
0491096.jpg,403,121,561,279,388,161
0491097.jpg,403,121,561,279,391,163
0491098.jpg,403,121,561,279,392,163
0491099.jpg,404,121,562,279,394,164
0491100.jpg,404,124,562,282,396,165
0491101.jpg,400,126,562,288,396,165
0491102.jpg,399,127,561,289,397,164
0491103.jpg,399,127,561,289,399,164
0491104.jpg,399,127,561,289,398,165
0491105.jpg,399,127,561,289,400,165
0491106.jpg,399,120,561,282,398,164
0491107.jpg,399,119,561,281,395,164
0491108.jpg,402,120,560,278,392,163
0491109.jpg,402,119,560,277,390,163
0491110.jpg,402,118,560,276,387,161
0491111.jpg,402,117,560,275,385,162
0491112.jpg,406,118,560,272,383,161
0491113.jpg,410,118,564,272,379,160
0491114.jpg,412,117,566,271,384,160
0491115.jpg,415,117,569,271,366,163
0491116.jpg,420,117,574,271,353,158
0491117.jpg,426,119,576,269,357,159
0491118.jpg,426,119,576,269,356,158
0491119.jpg,429,122,575,268,354,158
0491120.jpg,431,123,577,269,354,159
0491121.jpg,433,125,577,269,354,160
0491122.jpg,436,128,576,268,329,143
0491123.jpg,436,128,576,268,338,146
0491124.jpg,436,128,576,268,339,147
0491125.jpg,436,128,576,268,339,148
0491126.jpg,437,128,577,268,480,258
0491127.jpg,437,128,577,268,493,269
0491128.jpg,437,128,577,268,534,278
0491129.jpg,437,128,577,268,562,276
0491130.jpg,438,128,578,268,664,276
0491131.jpg,439,128,579,268,740,244
0491132.jpg,442,130,578,266,766,207
0491133.jpg,444,130,580,266,773,206
0491134.jpg,444,130,580,266,774,208
0491135.jpg,442,128,582,268,776,208
0491136.jpg,445,134,585,274,779,208
0491137.jpg,444,132,588,276,780,209
0491138.jpg,445,133,589,277,782,209
0491139.jpg,446,133,590,277,785,211
0491140.jpg,446,133,590,277,787,211
0491141.jpg,446,133,590,277,789,211
0491142.jpg,447,133,591,277,794,211
0491143.jpg,447,133,591,277,796,211
0491144.jpg,447,134,591,278,800,211
0491145.jpg,446,132,592,278,802,210
0491146.jpg,446,132,592,278,803,210
0491147.jpg,445,132,591,278,807,208
0491148.jpg,444,132,590,278,807,207
0491149.jpg,444,132,590,278,805,205
0491150.jpg,445,134,589,278,986,193
0491151.jpg,445,134,589,278,992,197
0491152.jpg,443,134,587,278,990,197
0491153.jpg,442,134,586,278,988,197
0491154.jpg,442,134,586,278,987,197
0491155.jpg,441,133,585,277,985,196
0491156.jpg,440,132,586,278,982,194
0491157.jpg,440,132,586,278,982,196
0491158.jpg,438,132,584,278,980,196
0491159.jpg,439,133,583,277,979,196
0491160.jpg,439,133,583,277,979,197
0491161.jpg,439,133,583,277,979,197
0491162.jpg,439,133,583,277,979,197
0491163.jpg,441,135,581,275,978,195
0491164.jpg,441,135,581,275,976,196
0491165.jpg,441,135,581,275,975,195
0491166.jpg,441,135,581,275,975,195
0491167.jpg,441,135,581,275,973,195
0491168.jpg,438,133,582,277,973,197
0491169.jpg,438,133,582,277,974,196
0491170.jpg,438,133,582,277,972,197
0491171.jpg,437,133,581,277,971,198
0491172.jpg,434,133,578,277,972,198
0491173.jpg,431,133,575,277,971,198
0491174.jpg,427,128,571,272,971,200
0491175.jpg,425,128,569,272,972,201
0491176.jpg,422,128,566,272,971,199
0491177.jpg,419,127,565,273,971,201
0491178.jpg,419,132,565,278,970,199
0491179.jpg,417,130,567,280,973,199
0491180.jpg,417,132,567,282,960,224
0491181.jpg,418,133,568,283,932,251
0491182.jpg,421,134,571,284,330,145
0491183.jpg,424,137,568,281,336,146
0491184.jpg,431,139,571,279,287,146
0491185.jpg,435,143,567,275,276,146
0491186.jpg,435,143,567,275,269,143
0491187.jpg,434,143,566,275,267,142
0491188.jpg,432,141,568,277,266,142
0491189.jpg,432,141,568,277,266,143
0491190.jpg,432,141,568,277,265,143
0491191.jpg,431,141,567,277,263,144
0491192.jpg,431,141,567,277,263,143
0491193.jpg,430,141,566,277,264,145
0491194.jpg,429,141,565,277,266,144
0491195.jpg,429,141,565,277,265,145
0491196.jpg,426,139,566,279,265,145
0491197.jpg,422,139,562,279,264,144
0491198.jpg,422,140,562,280,267,144
0491199.jpg,423,142,559,278,281,136
0491200.jpg,423,142,559,278,313,140
0491201.jpg,422,142,558,278,324,142
0491202.jpg,422,142,558,278,327,143
0491203.jpg,419,144,551,276,331,145
0491204.jpg,417,144,549,276,333,145
0491205.jpg,417,143,549,275,335,144
0491206.jpg,415,140,551,276,338,145
0491207.jpg,414,137,550,273,331,147
0491208.jpg,414,137,550,273,746,287
0491209.jpg,414,137,550,273,725,234
0491210.jpg,415,137,551,273,743,208
0491211.jpg,415,136,551,272,749,206
0491212.jpg,417,134,557,274,749,206
0491213.jpg,418,134,558,274,749,207
0491214.jpg,418,132,562,276,748,207
0491215.jpg,420,132,564,276,747,207
0491216.jpg,422,132,566,276,747,206
0491217.jpg,426,133,570,277,747,207
0491218.jpg,428,133,572,277,747,206
0491219.jpg,430,134,574,278,747,205
0491220.jpg,431,134,575,278,747,206
0491221.jpg,432,136,576,280,748,204
0491222.jpg,434,136,578,280,749,204
0491223.jpg,436,137,580,281,750,203
0491224.jpg,435,136,581,282,750,203
0491225.jpg,436,136,582,282,751,201
0491226.jpg,438,137,582,281,756,201
0491227.jpg,440,137,584,281,757,201
0491228.jpg,441,138,585,282,760,201
0491229.jpg,441,138,585,282,763,199
0491230.jpg,442,138,586,282,764,199
0491231.jpg,442,138,586,282,767,200
0491232.jpg,443,138,587,282,769,200
0491233.jpg,443,138,587,282,770,201
0491234.jpg,443,138,587,282,771,199
0491235.jpg,445,137,591,283,772,199
0491236.jpg,449,137,595,283,777,198
0491237.jpg,451,134,601,284,779,197
0491238.jpg,453,134,603,284,782,196
0491239.jpg,453,134,603,284,784,195
0491240.jpg,453,134,603,284,787,196
0491241.jpg,453,134,603,284,788,197
0491242.jpg,454,137,600,283,790,195
0491243.jpg,453,137,599,283,790,195
0491244.jpg,452,137,598,283,792,197
0491245.jpg,451,137,597,283,793,197
0491246.jpg,451,137,597,283,794,197
0491247.jpg,448,138,592,282,796,198
0491248.jpg,448,138,592,282,796,199
0491249.jpg,447,137,591,281,795,199
0491250.jpg,447,137,591,281,795,200
0491251.jpg,447,137,591,281,793,200
0491252.jpg,446,137,590,281,792,199
0491253.jpg,445,137,591,283,792,201
0491254.jpg,445,137,591,283,790,202
0491255.jpg,445,137,591,283,789,202
0491256.jpg,446,139,590,283,788,201
0491257.jpg,446,139,590,283,786,202
0491258.jpg,446,139,590,283,787,202
0491259.jpg,446,139,590,283,786,200
0491260.jpg,446,139,590,283,786,202
0491261.jpg,446,139,590,283,787,201
0491262.jpg,446,139,590,283,784,202
0491263.jpg,446,139,590,283,784,202
0491264.jpg,446,139,590,283,784,202
0491265.jpg,446,139,590,283,784,202
0491266.jpg,446,139,590,283,783,202
0491267.jpg,446,140,590,284,784,202
0491268.jpg,446,140,590,284,782,202
0491269.jpg,446,140,590,284,783,201
0491270.jpg,446,140,590,284,782,202
0491271.jpg,446,140,590,284,782,201
0491272.jpg,445,141,589,285,783,202
0491273.jpg,445,141,589,285,784,200
0491274.jpg,445,141,589,285,785,199
0491275.jpg,445,141,589,285,786,200
0491276.jpg,445,141,589,285,787,201
0491277.jpg,445,141,589,285,788,199
0491278.jpg,445,141,589,285,786,201
0491279.jpg,445,141,589,285,786,203
0491280.jpg,445,141,589,285,787,204
0491281.jpg,445,141,589,285,788,204
0491282.jpg,447,143,587,283,790,204
0491283.jpg,447,143,587,283,791,204
0491284.jpg,447,144,587,284,792,204
0491285.jpg,447,144,587,284,793,204
0491286.jpg,447,143,587,283,794,204
0491287.jpg,447,143,587,283,797,203
0491288.jpg,445,141,589,285,797,203
0491289.jpg,445,141,589,285,799,203
0491290.jpg,445,141,589,285,800,202
0491291.jpg,445,141,589,285,799,202
0491292.jpg,445,141,589,285,802,201
0491293.jpg,445,141,589,285,799,201
0491294.jpg,445,141,589,285,800,202
0491295.jpg,445,141,589,285,798,203
0491296.jpg,445,141,589,285,798,203
0491297.jpg,445,141,589,285,799,202
0491298.jpg,447,143,587,283,798,203
0491299.jpg,446,143,586,283,798,204
0491300.jpg,447,142,587,282,797,203
0491301.jpg,447,143,587,283,795,204
0491302.jpg,447,142,587,282,794,204
0491303.jpg,448,142,588,282,789,253
0491304.jpg,448,142,588,282,703,279
0491305.jpg,448,143,588,283,341,144
0491306.jpg,448,143,588,283,346,145
0491307.jpg,448,143,588,283,337,150
0491308.jpg,447,143,587,283,298,151
0491309.jpg,447,143,587,283,288,154
0491310.jpg,447,143,587,283,288,154
0491311.jpg,447,143,587,283,282,153
0491312.jpg,446,143,586,283,281,154
0491313.jpg,446,143,586,283,280,155
0491314.jpg,446,143,586,283,281,151
0491315.jpg,446,143,586,283,276,153
0491316.jpg,446,143,586,283,277,154
0491317.jpg,446,143,586,283,277,155
0491318.jpg,446,143,586,283,278,154
0491319.jpg,446,143,586,283,278,154
0491320.jpg,446,143,586,283,278,154
0491321.jpg,446,143,586,283,278,154
0491322.jpg,446,143,586,283,279,153
0491323.jpg,444,141,588,285,279,152
0491324.jpg,444,141,588,285,280,151
0491325.jpg,443,141,587,285,279,152
0491326.jpg,443,141,587,285,279,150
0491327.jpg,443,141,587,285,280,152
0491328.jpg,443,141,587,285,281,151
0491329.jpg,443,141,587,285,280,151
0491330.jpg,443,141,587,285,281,150
0491331.jpg,443,141,587,285,281,151
0491332.jpg,443,141,587,285,281,152
0491333.jpg,443,141,587,285,281,151
0491334.jpg,443,141,587,285,281,151
0491335.jpg,443,140,587,284,281,151
0491336.jpg,443,140,587,284,283,152
0491337.jpg,442,140,586,284,281,151
0491338.jpg,442,140,586,284,281,151
0491339.jpg,438,140,582,284,280,151
0491340.jpg,432,140,576,284,279,151
0491341.jpg,430,139,574,283,281,150
0491342.jpg,427,139,571,283,281,150
0491343.jpg,422,139,566,283,280,150
0491344.jpg,417,139,561,283,320,158
0491345.jpg,416,141,556,281,334,158
0491346.jpg,413,141,553,281,512,383
0491347.jpg,413,141,553,281,345,161
0491348.jpg,412,141,552,281,810,261
0491349.jpg,412,141,552,281,779,227
0491350.jpg,412,141,552,281,768,215
0491351.jpg,412,141,552,281,765,217
0491352.jpg,412,141,552,281,765,216
0491353.jpg,412,141,552,281,766,217
0491354.jpg,412,141,552,281,766,218
0491355.jpg,412,141,552,281,764,216
0491356.jpg,412,141,552,281,765,215
0491357.jpg,412,141,552,281,764,213
0491358.jpg,412,141,552,281,764,211
0491359.jpg,413,141,553,281,764,211
0491360.jpg,413,141,553,281,764,213
0491361.jpg,413,141,553,281,764,212
0491362.jpg,413,141,553,281,763,211
0491363.jpg,413,142,553,282,764,212
0491364.jpg,413,142,553,282,763,211
0491365.jpg,413,142,553,282,763,212
0491366.jpg,413,142,553,282,764,212
0491367.jpg,412,142,552,282,763,211
0491368.jpg,412,142,552,282,763,210
0491369.jpg,412,142,552,282,764,210
0491370.jpg,412,141,552,281,765,210
0491371.jpg,413,141,553,281,765,209
0491372.jpg,413,141,553,281,766,208
0491373.jpg,413,141,553,281,766,208
0491374.jpg,413,141,553,281,766,208
0491375.jpg,413,141,553,281,766,206
0491376.jpg,413,141,553,281,765,206
0491377.jpg,413,141,553,281,764,207
0491378.jpg,413,141,553,281,764,206
0491379.jpg,413,141,553,281,765,206
0491380.jpg,413,141,553,281,764,207
0491381.jpg,413,141,553,281,765,205
0491382.jpg,411,139,555,283,765,205
0491383.jpg,411,139,555,283,765,205
0491384.jpg,411,139,555,283,766,205
0491385.jpg,410,139,554,283,766,205
0491386.jpg,410,139,554,283,767,205
0491387.jpg,410,138,554,282,766,204
0491388.jpg,410,138,554,282,767,205
0491389.jpg,410,138,554,282,766,204
0491390.jpg,410,138,554,282,766,203
0491391.jpg,410,138,554,282,766,203
0491392.jpg,409,137,553,281,767,201
0491393.jpg,409,137,553,281,767,201
0491394.jpg,409,137,553,281,767,200
0491395.jpg,409,137,553,281,767,202
0491396.jpg,408,137,552,281,767,201
0491397.jpg,408,137,552,281,769,201
0491398.jpg,407,136,551,280,768,201
0491399.jpg,407,135,551,279,769,201
0491400.jpg,406,135,550,279,770,203
0491401.jpg,406,135,550,279,770,204
0491402.jpg,406,135,550,279,770,204
0491403.jpg,405,135,549,279,770,206
0491404.jpg,405,135,549,279,771,206
0491405.jpg,405,135,549,279,771,206
0491406.jpg,405,135,549,279,773,207
0491407.jpg,405,135,549,279,774,208
0491408.jpg,405,135,549,279,773,207
0491409.jpg,406,135,550,279,774,209
0491410.jpg,406,135,550,279,774,208
0491411.jpg,406,135,550,279,774,209
0491412.jpg,407,135,551,279,774,209
0491413.jpg,407,135,551,279,774,210
0491414.jpg,407,136,551,280,772,209
0491415.jpg,407,136,551,280,771,208
0491416.jpg,407,136,551,280,772,206
0491417.jpg,407,136,551,280,770,205
0491418.jpg,408,136,552,280,772,206
0491419.jpg,410,138,550,278,771,206
0491420.jpg,410,138,550,278,769,206
0491421.jpg,410,138,550,278,769,206
0491422.jpg,410,138,550,278,768,206
0491423.jpg,409,138,549,278,768,205
0491424.jpg,409,138,549,278,767,205
0491425.jpg,409,138,549,278,768,205
0491426.jpg,407,136,551,280,768,206
0491427.jpg,406,136,550,280,766,206
0491428.jpg,405,134,549,278,767,206
0491429.jpg,405,133,549,277,766,206
0491430.jpg,405,133,549,277,765,207
0491431.jpg,405,133,549,277,766,207
0491432.jpg,408,135,548,275,766,205
0491433.jpg,408,136,548,276,766,206
0491434.jpg,409,137,549,277,766,205
0491435.jpg,409,137,549,277,765,205
0491436.jpg,410,137,550,277,766,206
0491437.jpg,410,137,550,277,765,207
0491438.jpg,410,137,550,277,765,206
0491439.jpg,410,137,550,277,763,207
0491440.jpg,410,137,550,277,761,208
0491441.jpg,410,137,550,277,760,208
0491442.jpg,411,137,551,277,760,208
0491443.jpg,412,139,552,279,760,208
0491444.jpg,413,140,553,280,760,207
0491445.jpg,417,140,557,280,758,208
0491446.jpg,418,138,562,282,758,208
0491447.jpg,419,139,563,283,758,207
0491448.jpg,422,139,566,283,758,207
0491449.jpg,422,140,566,284,756,207
0491450.jpg,424,140,568,284,756,207
0491451.jpg,425,141,569,285,756,207
0491452.jpg,427,141,571,285,755,207
0491453.jpg,428,141,572,285,755,207
0491454.jpg,428,141,572,285,756,207
0491455.jpg,428,141,572,285,755,208
0491456.jpg,428,141,572,285,756,207
0491457.jpg,428,141,572,285,755,208
0491458.jpg,427,141,571,285,755,207
0491459.jpg,426,140,570,284,756,208
0491460.jpg,425,140,569,284,755,208
0491461.jpg,424,140,568,284,756,208
0491462.jpg,423,140,567,284,755,207
0491463.jpg,422,140,566,284,755,208
0491464.jpg,422,140,566,284,755,206
0491465.jpg,422,141,566,285,755,206
0491466.jpg,422,141,566,285,755,206
0491467.jpg,422,141,566,285,756,206
0491468.jpg,422,142,566,286,757,206
0491469.jpg,422,143,566,287,756,207
0491470.jpg,420,142,566,288,756,207
0491471.jpg,420,142,566,288,756,207
0491472.jpg,420,142,566,288,758,206
0491473.jpg,420,142,566,288,758,206
0491474.jpg,420,142,566,288,759,206
0491475.jpg,419,142,565,288,759,207
0491476.jpg,419,142,565,288,760,206
0491477.jpg,419,142,565,288,760,206
0491478.jpg,419,142,565,288,759,207
0491479.jpg,419,143,565,289,759,207
0491480.jpg,419,143,565,289,759,206
0491481.jpg,420,143,566,289,759,207
0491482.jpg,420,143,566,289,761,207
0491483.jpg,421,143,567,289,760,206
0491484.jpg,422,144,566,288,760,207
0491485.jpg,423,144,567,288,761,206
0491486.jpg,423,144,567,288,761,206
0491487.jpg,424,144,568,288,761,206
0491488.jpg,424,144,568,288,762,206
0491489.jpg,426,143,570,287,761,206
0491490.jpg,426,143,570,287,761,206
0491491.jpg,427,143,571,287,762,207
0491492.jpg,427,143,571,287,761,207
0491493.jpg,427,143,571,287,762,206
0491494.jpg,427,142,571,286,761,206
0491495.jpg,428,142,572,286,762,207
0492000.jpg,712,133,856,277,531,205
0492001.jpg,716,134,860,278,529,207
0492002.jpg,718,133,864,279,531,206
0492003.jpg,719,133,865,279,530,206
0492004.jpg,719,133,865,279,530,207
0492005.jpg,719,133,865,279,531,206
0492006.jpg,719,132,865,278,531,204
0492007.jpg,719,132,865,278,533,204
0492008.jpg,718,132,864,278,532,202
0492009.jpg,717,132,863,278,533,202
0492010.jpg,716,133,862,279,531,202
0492011.jpg,712,133,858,279,531,204
0492012.jpg,709,133,855,279,532,205
0492013.jpg,706,133,852,279,533,206
0492014.jpg,704,133,850,279,531,208
0492015.jpg,701,133,847,279,532,209
0492016.jpg,695,133,841,279,531,209
0492017.jpg,692,134,836,278,530,208
0492018.jpg,689,134,833,278,529,208
0492019.jpg,688,134,832,278,528,206
0492020.jpg,690,138,826,274,527,205
0492021.jpg,685,139,821,275,525,202
0492022.jpg,682,139,818,275,524,199
0492023.jpg,675,137,815,277,526,197
0492024.jpg,671,137,811,277,522,196
0492025.jpg,669,137,809,277,522,195
0492026.jpg,663,137,803,277,520,195
0492027.jpg,661,137,801,277,519,193
0492028.jpg,659,137,799,277,518,192
0492029.jpg,657,137,797,277,517,190
0492030.jpg,657,141,793,277,516,190
0492031.jpg,655,145,787,277,514,189
0492032.jpg,653,145,785,277,514,187
0492033.jpg,653,147,781,275,512,186
0492034.jpg,652,147,780,275,512,187
0492035.jpg,651,148,779,276,510,185
0492036.jpg,651,148,777,274,510,185
0492037.jpg,650,148,776,274,510,184
0492038.jpg,650,148,776,274,509,183
0492039.jpg,649,148,775,274,508,183
0492040.jpg,649,148,775,274,507,183
0492041.jpg,648,147,774,273,506,184
0492042.jpg,648,146,774,272,508,184
0492043.jpg,648,146,774,272,507,183
0492044.jpg,648,145,774,271,506,184
0492045.jpg,648,143,776,271,503,183
0492046.jpg,651,140,783,272,503,183
0492047.jpg,654,139,786,271,504,183
0492048.jpg,654,137,790,273,502,184
0492049.jpg,654,135,794,275,501,184
0492050.jpg,658,135,798,275,503,183
0492051.jpg,661,133,805,277,502,184
0492052.jpg,664,133,808,277,502,184
0492053.jpg,666,133,810,277,503,186
0492054.jpg,670,135,810,275,503,186
0492055.jpg,671,135,811,275,503,189
0492056.jpg,676,137,812,273,503,190
0492057.jpg,678,137,814,273,502,191
0492058.jpg,682,136,818,272,502,192
0492059.jpg,681,129,821,269,503,193
0492060.jpg,685,127,825,267,502,194
0492061.jpg,689,127,829,267,503,193
0492062.jpg,688,125,832,269,504,194
0492063.jpg,689,123,835,269,503,193
0492064.jpg,689,123,835,269,502,194
0492065.jpg,690,124,836,270,504,194
0492066.jpg,698,124,844,270,504,194
0492067.jpg,699,124,845,270,503,194
0492068.jpg,700,124,846,270,503,194
0492069.jpg,701,124,847,270,498,197
0492070.jpg,702,124,848,270,479,196
0492071.jpg,702,124,848,270,327,167
0492072.jpg,702,124,848,270,328,170
0492073.jpg,702,124,848,270,327,168
0492074.jpg,701,124,847,270,335,170
0492075.jpg,701,125,847,271,333,171
0492076.jpg,699,125,845,271,336,168
0492077.jpg,696,125,842,271,337,167
0492078.jpg,695,125,841,271,338,168
0492079.jpg,692,126,838,272,340,168
0492080.jpg,688,124,838,274,340,171
0492081.jpg,686,124,836,274,342,170
0492082.jpg,686,126,832,272,340,170
0492083.jpg,689,133,829,273,340,168
0492084.jpg,687,134,827,274,339,168
0492085.jpg,685,134,825,274,340,169
0492086.jpg,685,134,825,274,340,165
0492087.jpg,684,135,824,275,339,163
0492088.jpg,686,137,822,273,340,162
0492089.jpg,684,135,824,275,339,163
0492090.jpg,683,135,823,275,339,163
0492091.jpg,681,135,821,275,341,163
0492092.jpg,681,135,821,275,342,163
0492093.jpg,680,135,820,275,344,164
0492094.jpg,682,138,818,274,349,173
0492095.jpg,683,138,819,274,431,253
0492096.jpg,684,138,820,274,464,190
0492097.jpg,684,138,820,274,487,193
0492098.jpg,684,138,820,274,488,196
0492099.jpg,685,138,821,274,483,192
0492100.jpg,686,138,822,274,481,196
0492101.jpg,687,138,823,274,481,196
0492102.jpg,688,138,824,274,482,195
0492103.jpg,688,138,824,274,483,196
0492104.jpg,689,138,825,274,483,197
0492105.jpg,690,139,826,275,484,198
0492106.jpg,693,139,829,275,483,199
0492107.jpg,694,139,830,275,482,202
0492108.jpg,694,139,830,275,484,203
0492109.jpg,696,139,832,275,484,203
0492110.jpg,697,139,833,275,483,202
0492111.jpg,700,139,836,275,483,203
0492112.jpg,698,138,838,278,483,201
0492113.jpg,696,136,840,280,485,203
0492114.jpg,700,136,844,280,484,202
0492115.jpg,703,136,847,280,486,202
0492116.jpg,707,138,851,282,485,203
0492117.jpg,708,138,852,282,484,204
0492118.jpg,711,138,855,282,486,205
0492119.jpg,713,138,857,282,486,206
0492120.jpg,717,140,857,280,487,208
0492121.jpg,726,140,866,280,487,207
0492122.jpg,727,139,867,279,488,208
0492123.jpg,727,139,867,279,486,209
0492124.jpg,727,139,867,279,488,209
0492125.jpg,727,137,867,277,486,207
0492126.jpg,726,135,866,275,484,205
0492127.jpg,725,135,865,275,485,205
0492128.jpg,725,134,865,274,484,202
0492129.jpg,727,136,863,272,486,202
0492130.jpg,728,131,864,267,486,200
0492131.jpg,733,132,865,264,512,192
0492132.jpg,734,132,866,264,494,187
0492133.jpg,736,132,868,264,678,325
0492134.jpg,736,133,868,265,741,280
0492135.jpg,736,131,872,267,757,272
0492136.jpg,738,131,874,267,769,203
0492137.jpg,744,136,880,272,778,204
0492138.jpg,748,137,884,273,781,204
0492139.jpg,748,138,884,274,783,205
0492140.jpg,749,139,885,275,786,206
0492141.jpg,749,140,885,276,789,205
0492142.jpg,749,142,885,278,790,206
0492143.jpg,749,142,885,278,793,205
0492144.jpg,749,142,885,278,796,206
0492145.jpg,747,142,883,278,799,206
0492146.jpg,745,143,881,279,800,204
0492147.jpg,739,143,875,279,803,204
0492148.jpg,737,142,873,278,802,201
0492149.jpg,735,142,871,278,802,201
0492150.jpg,734,142,870,278,802,201
0492151.jpg,733,142,869,278,802,199
0492152.jpg,731,142,867,278,801,197
0492153.jpg,730,142,866,278,801,195
0492154.jpg,729,142,865,278,800,195
0492155.jpg,728,143,864,279,802,194
0492156.jpg,727,143,863,279,803,195
0492157.jpg,725,143,861,279,804,195
0492158.jpg,723,143,859,279,803,196
0492159.jpg,719,143,855,279,805,197
0492160.jpg,715,142,851,278,974,195
0492161.jpg,713,142,849,278,977,196
0492162.jpg,707,142,843,278,976,196
0492163.jpg,704,142,840,278,976,198
0492164.jpg,702,144,834,276,975,196
0492165.jpg,698,143,830,275,973,195
0492166.jpg,698,143,830,275,973,194
0492167.jpg,694,142,826,274,973,194
0492168.jpg,695,144,823,272,973,196
0492169.jpg,695,144,823,272,972,197
0492170.jpg,695,144,823,272,972,198
0492171.jpg,695,144,823,272,971,197
0492172.jpg,692,144,820,272,971,199
0492173.jpg,689,142,821,274,970,197
0492174.jpg,683,140,819,276,970,198
0492175.jpg,680,140,816,276,969,199
0492176.jpg,680,140,816,276,969,199
0492177.jpg,679,140,815,276,969,199
0492178.jpg,679,140,815,276,969,198
0492179.jpg,679,140,815,276,970,199
0492180.jpg,676,137,816,277,973,197
0492181.jpg,676,137,816,277,976,196
0492182.jpg,676,136,816,276,970,192
0492183.jpg,674,134,818,278,981,193
0492184.jpg,674,134,818,278,988,194
0492185.jpg,674,134,818,278,994,193
0492186.jpg,674,134,818,278,1001,195
0492187.jpg,674,134,818,278,1005,196
0492188.jpg,679,136,819,276,1010,193
0492189.jpg,683,138,819,274,1015,195
0492190.jpg,687,140,819,272,782,204
0492191.jpg,688,139,820,271,784,204
0492192.jpg,694,135,822,263,780,203
0492193.jpg,696,134,824,262,778,204
0492194.jpg,696,134,824,262,775,203
0492195.jpg,695,132,827,264,772,202
0492196.jpg,694,130,830,266,769,202
0492197.jpg,697,130,833,266,767,201
0492198.jpg,703,132,835,264,764,200
0492199.jpg,706,131,838,263,762,200
0492200.jpg,713,133,841,261,761,200
0492201.jpg,713,133,841,261,760,200
0492202.jpg,716,133,844,261,759,200
0492203.jpg,718,134,844,260,756,201
0492204.jpg,718,134,844,260,736,262
0492205.jpg,718,133,846,261,694,367
0492206.jpg,720,134,848,262,544,189
0492207.jpg,721,134,849,262,555,193
0492208.jpg,719,132,851,264,533,203
0492209.jpg,719,133,851,265,541,204
0492210.jpg,719,133,851,265,543,203
0492211.jpg,719,133,851,265,544,203
0492212.jpg,717,133,849,265,546,204
0492213.jpg,715,131,851,267,548,204
0492214.jpg,715,131,851,267,548,203
0492215.jpg,714,131,850,267,543,199
0492216.jpg,714,131,850,267,557,202
0492217.jpg,712,131,848,267,556,202
0492218.jpg,711,131,847,267,558,203
0492219.jpg,711,131,847,267,558,203
0492220.jpg,710,131,846,267,559,204
0492221.jpg,706,129,846,269,559,204
0492222.jpg,705,129,845,269,558,202
0492223.jpg,705,129,845,269,560,202
0492224.jpg,703,127,847,271,559,203
0492225.jpg,703,127,847,271,561,204
0492226.jpg,705,129,845,269,560,204
0492227.jpg,705,129,845,269,561,203
0492228.jpg,705,129,845,269,561,204
0492229.jpg,706,130,846,270,561,203
0492230.jpg,706,130,846,270,561,204
0492231.jpg,707,130,847,270,504,202
0492232.jpg,707,133,847,273,496,200
0492233.jpg,709,135,849,275,495,199
0492234.jpg,709,135,849,275,492,195
0492235.jpg,710,136,850,276,494,195
0492236.jpg,711,137,851,277,495,193
0492237.jpg,712,137,852,277,496,195
0492238.jpg,713,137,853,277,496,196
0492239.jpg,712,135,856,279,496,198
0492240.jpg,714,135,858,279,496,196
0492241.jpg,718,137,858,277,494,193
0492242.jpg,725,141,857,273,491,192
0492243.jpg,725,141,857,273,491,193
0492244.jpg,725,141,857,273,490,192
0492245.jpg,723,139,859,275,489,192
0492246.jpg,721,136,861,276,488,190
0492247.jpg,719,136,859,276,488,188
0492248.jpg,719,136,859,276,489,187
0492249.jpg,719,136,859,276,489,188
0492250.jpg,719,136,859,276,489,187
0492251.jpg,719,136,859,276,490,187
0492252.jpg,719,137,859,277,493,187
0492253.jpg,719,139,855,275,493,188
0492254.jpg,717,139,853,275,494,187
0492255.jpg,716,139,852,275,495,188
0492256.jpg,714,139,850,275,496,186
0492257.jpg,711,139,847,275,499,187
0492258.jpg,709,139,845,275,500,186
0492259.jpg,708,139,844,275,502,188
0492260.jpg,706,137,846,277,504,187
0492261.jpg,706,137,846,277,506,189
0492262.jpg,706,136,846,276,510,191
0492263.jpg,706,135,846,275,512,191
0492264.jpg,706,135,846,275,513,192
0492265.jpg,705,134,845,274,515,193
0492266.jpg,704,134,844,274,515,192
0492267.jpg,702,134,842,274,515,193
0492268.jpg,702,134,842,274,516,194
0492269.jpg,699,134,839,274,518,195
0492270.jpg,698,135,838,275,518,195
0492271.jpg,697,135,837,275,517,195
0492272.jpg,694,133,838,277,517,195
0492273.jpg,694,133,838,277,517,195
0492274.jpg,694,134,838,278,519,196
0492275.jpg,697,140,833,276,518,194
0492276.jpg,699,143,831,275,519,194
0492277.jpg,699,147,831,279,519,195
0492278.jpg,699,148,831,280,526,206
0492279.jpg,702,149,834,281,571,338
0492280.jpg,702,149,834,281,687,375
0492281.jpg,702,149,834,281,779,273
0492282.jpg,702,149,834,281,784,199
0492283.jpg,702,151,830,279,791,200
0492284.jpg,700,151,828,279,792,199
0492285.jpg,700,151,828,279,793,199
0492286.jpg,701,152,827,278,795,198
0492287.jpg,701,153,827,279,797,198
0492288.jpg,703,155,825,277,799,197
0492289.jpg,703,155,825,277,799,199
0492290.jpg,704,155,826,277,799,198
0492291.jpg,704,155,826,277,801,199
0492292.jpg,703,153,831,281,801,196
0492293.jpg,703,153,831,281,801,196
0492294.jpg,704,153,832,281,801,197
0492295.jpg,705,153,833,281,800,198
0492296.jpg,705,153,833,281,800,197
0492297.jpg,705,152,833,280,800,198
0492298.jpg,703,152,831,280,799,198
0492299.jpg,699,149,831,281,799,198
0492300.jpg,697,149,829,281,797,199
0492301.jpg,695,149,827,281,796,198
0492302.jpg,696,151,824,279,795,198
0492303.jpg,695,151,823,279,795,199
0492304.jpg,695,151,823,279,792,200
0492305.jpg,695,151,823,279,790,199
0492306.jpg,694,151,822,279,789,200
0492307.jpg,693,151,821,279,787,200
0492308.jpg,693,151,821,279,784,200
0492309.jpg,693,151,821,279,783,201
0492310.jpg,694,150,822,278,782,201
0492311.jpg,695,149,823,277,782,202
0492312.jpg,693,146,825,278,782,202
0492313.jpg,693,144,825,276,782,201
0492314.jpg,691,142,827,278,782,201
0492315.jpg,690,139,830,279,781,201
0492316.jpg,690,139,830,279,780,200
0492317.jpg,690,139,830,279,780,201
0492318.jpg,690,138,830,278,778,199
0492319.jpg,690,138,830,278,777,199
0492320.jpg,690,138,830,278,776,200
0492321.jpg,691,138,831,278,773,201
0492322.jpg,691,138,831,278,773,201
0492323.jpg,691,137,831,277,772,201
0492324.jpg,693,139,829,275,769,201
0492325.jpg,692,139,828,275,768,200
0492326.jpg,692,139,828,275,767,200
0492327.jpg,692,139,828,275,767,200
0492328.jpg,692,139,828,275,768,200
0492329.jpg,693,139,829,275,767,199
0492330.jpg,689,134,833,278,769,199
0492331.jpg,689,133,835,279,769,201
0492332.jpg,690,133,836,279,770,202
0492333.jpg,690,133,836,279,770,202
0492334.jpg,690,133,836,279,770,203
0492335.jpg,690,133,836,279,770,203
0492336.jpg,691,134,835,278,770,202
0492337.jpg,693,135,837,279,770,204
0492338.jpg,695,139,835,279,769,203
0492339.jpg,699,140,839,280,770,207
0492340.jpg,699,141,839,281,769,206
0492341.jpg,699,141,839,281,768,206
0492342.jpg,700,141,840,281,767,208
0492343.jpg,701,142,841,282,768,209
0492344.jpg,701,142,841,282,768,209
0492345.jpg,701,142,841,282,766,208
0492346.jpg,700,142,840,282,767,209
0492347.jpg,700,142,840,282,767,209
0492348.jpg,699,143,835,279,768,209
0492349.jpg,698,142,834,278,767,209
0492350.jpg,698,141,834,277,768,209
0492351.jpg,697,141,833,277,768,210
0492352.jpg,697,141,833,277,769,210
0492353.jpg,695,143,827,275,768,209
0492354.jpg,693,144,825,276,768,210
0492355.jpg,693,144,825,276,768,211
0492356.jpg,693,145,825,277,768,209
0492357.jpg,693,145,825,277,770,208
0492358.jpg,693,146,825,278,768,209
0492359.jpg,693,146,825,278,769,209
0492360.jpg,696,149,822,275,769,209
0492361.jpg,696,149,822,275,768,209
0492362.jpg,696,147,822,273,768,209
0492363.jpg,696,147,822,273,766,209
0492364.jpg,695,147,821,273,768,208
0492365.jpg,694,146,822,274,768,210
0492366.jpg,694,146,822,274,766,210
0492367.jpg,693,146,821,274,766,209
0492368.jpg,690,145,822,277,767,210
0492369.jpg,689,146,821,278,767,209
0492370.jpg,689,146,821,278,767,208
0492371.jpg,688,146,820,278,767,208
0492372.jpg,687,146,819,278,769,206
0492373.jpg,686,146,818,278,770,206
0492374.jpg,686,146,818,278,769,207
0492375.jpg,684,144,820,280,768,207
0492376.jpg,684,144,820,280,767,207
0492377.jpg,684,144,820,280,768,206
0492378.jpg,684,144,820,280,769,205
0492379.jpg,683,144,819,280,769,205
0492380.jpg,683,144,819,280,769,206
0492381.jpg,683,144,819,280,769,205
0492382.jpg,683,144,819,280,769,204
0492383.jpg,683,144,819,280,769,204
0492384.jpg,684,144,820,280,771,205
0492385.jpg,684,144,820,280,770,204
0492386.jpg,684,144,820,280,771,204
0492387.jpg,686,146,818,278,770,202
0492388.jpg,685,147,817,279,770,202
0492389.jpg,685,147,817,279,771,202
0492390.jpg,685,147,817,279,771,202
0492391.jpg,686,147,818,279,771,202
0492392.jpg,686,147,818,279,771,202
0492393.jpg,686,147,818,279,771,201
0492394.jpg,686,147,818,279,770,200
0492395.jpg,686,147,818,279,771,202
0492396.jpg,688,147,820,279,770,201
0492397.jpg,688,146,820,278,770,202
0492398.jpg,689,146,821,278,770,203
0492399.jpg,689,146,821,278,771,202
0492400.jpg,689,146,821,278,771,203
0492401.jpg,689,146,821,278,773,204
0492402.jpg,689,147,821,279,773,204
0492403.jpg,690,147,822,279,768,257
0492404.jpg,693,149,821,277,688,306
0492405.jpg,693,149,821,277,653,345
0492406.jpg,691,147,823,279,600,365
0492407.jpg,691,146,823,278,529,302
0492408.jpg,691,146,823,278,495,209
0492409.jpg,691,146,823,278,488,209
0492410.jpg,691,146,823,278,488,209
0492411.jpg,691,146,823,278,484,208
0492412.jpg,691,145,823,277,483,210
0492413.jpg,691,145,823,277,482,207
0492414.jpg,691,145,823,277,482,209
0492415.jpg,691,145,823,277,482,210
0492416.jpg,691,145,823,277,481,210
0492417.jpg,691,145,823,277,481,208
0492418.jpg,691,145,823,277,479,208
0492419.jpg,690,145,822,277,479,208
0492420.jpg,690,145,822,277,479,208
0492421.jpg,690,145,822,277,478,208
0492422.jpg,690,145,822,277,479,208
0492423.jpg,687,143,823,279,478,209
0492424.jpg,687,142,823,278,479,208
0492425.jpg,687,141,823,277,479,208
0492426.jpg,685,139,825,279,478,208
0492427.jpg,683,139,823,279,479,209
0492428.jpg,682,138,822,278,478,210
0492429.jpg,679,138,819,278,478,210
0492430.jpg,675,138,815,278,478,209
0492431.jpg,671,136,815,280,478,210
0492432.jpg,669,137,813,281,478,209
0492433.jpg,662,137,806,281,479,210
0492434.jpg,658,138,802,282,479,209
0492435.jpg,658,138,802,282,480,209
0492436.jpg,657,138,801,282,480,209
0492437.jpg,657,138,801,282,479,210
0492438.jpg,656,140,796,280,479,209
0492439.jpg,655,140,795,280,479,210
0492440.jpg,655,140,795,280,478,209
0492441.jpg,655,140,795,280,480,210
0492442.jpg,653,138,797,282,480,209
0492443.jpg,654,138,798,282,479,209
0492444.jpg,655,138,799,282,479,210
0492445.jpg,655,138,799,282,479,209
0492446.jpg,655,138,799,282,479,210
0492447.jpg,655,138,799,282,479,209
0492448.jpg,656,139,800,283,479,209
0492449.jpg,658,139,802,283,480,210
0492450.jpg,658,139,802,283,479,209
0492451.jpg,659,139,803,283,480,210
0492452.jpg,661,139,805,283,479,209
0492453.jpg,660,138,806,284,479,209
0492454.jpg,662,138,808,284,480,209
0492455.jpg,665,137,811,283,479,209
0492456.jpg,670,138,814,282,480,209
0492457.jpg,675,141,815,281,480,209
0492458.jpg,683,141,823,281,479,209
0492459.jpg,685,143,821,279,479,208
0492460.jpg,689,145,821,277,479,208
0492461.jpg,690,146,822,278,480,208
0492462.jpg,691,146,823,278,480,209
0492463.jpg,689,144,825,280,479,209
0492464.jpg,690,145,826,281,479,208
0492465.jpg,691,144,827,280,479,207
0492466.jpg,691,144,827,280,479,208
0492467.jpg,693,146,825,278,478,207
0492468.jpg,693,146,825,278,478,208
0492469.jpg,693,146,825,278,478,207
0492470.jpg,691,144,827,280,478,208
0492471.jpg,690,144,826,280,479,207
0492472.jpg,691,143,827,279,478,207
0492473.jpg,691,143,827,279,478,207
0492474.jpg,692,143,828,279,475,207
0492475.jpg,692,142,828,278,477,207
0492476.jpg,692,142,828,278,477,208
0492477.jpg,692,142,828,278,475,206
0492478.jpg,692,142,828,278,475,206
0492479.jpg,692,142,828,278,476,206
0492480.jpg,692,142,828,278,475,207
0492481.jpg,693,141,829,277,475,206
0492482.jpg,691,140,831,280,475,206
0492483.jpg,689,138,833,282,475,207
0492485.jpg,692,138,836,282,511,202
0492486.jpg,692,138,836,282,509,203
0492487.jpg,692,138,836,282,510,204
0492488.jpg,691,137,837,283,510,205
0492489.jpg,691,137,837,283,511,204
0492490.jpg,691,136,837,282,512,203
0492491.jpg,691,136,837,282,511,203
0492492.jpg,691,135,837,281,513,203
0492493.jpg,691,134,837,280,511,204
0492494.jpg,689,132,839,282,513,204
0492495.jpg,689,132,839,282,512,203
0493000.jpg,882,131,1028,277,781,194
0493001.jpg,883,131,1029,277,782,194
0493002.jpg,882,129,1032,279,785,195
0493003.jpg,885,129,1035,279,788,195
0493004.jpg,887,129,1037,279,788,194
0493005.jpg,890,129,1040,279,788,193
0493006.jpg,897,131,1043,277,788,192
0493007.jpg,898,131,1044,277,787,192
0493008.jpg,902,128,1046,272,788,192
0493009.jpg,906,128,1050,272,786,192
0493010.jpg,907,128,1051,272,786,192
0493011.jpg,912,130,1052,270,782,192
0493012.jpg,914,130,1054,270,782,194
0493013.jpg,915,129,1055,269,780,193
0493014.jpg,916,129,1056,269,779,193
0493015.jpg,916,129,1056,269,776,193
0493016.jpg,916,129,1056,269,774,194
0493017.jpg,918,131,1054,267,772,195
0493018.jpg,918,130,1054,266,770,195
0493019.jpg,918,130,1054,266,767,196
0493020.jpg,918,130,1054,266,766,197
0493021.jpg,918,130,1054,266,762,197
0493022.jpg,918,130,1054,266,760,197
0493023.jpg,917,130,1053,266,756,197
0493024.jpg,917,130,1053,266,751,196
0493025.jpg,916,130,1052,266,748,197
0493026.jpg,914,130,1050,266,745,196
0493027.jpg,913,130,1049,266,742,196
0493028.jpg,913,129,1049,265,739,196
0493029.jpg,912,128,1048,264,736,196
0493030.jpg,911,127,1047,263,735,197
0493031.jpg,909,127,1045,263,731,197
0493032.jpg,907,127,1043,263,731,196
0493033.jpg,907,127,1043,263,728,195
0493034.jpg,905,126,1045,266,726,195
0493035.jpg,902,125,1046,269,725,198
0493036.jpg,900,127,1044,271,723,198
0493037.jpg,897,127,1041,271,720,198
0493038.jpg,897,127,1041,271,718,199
0493039.jpg,897,127,1041,271,718,200
0493040.jpg,897,127,1041,271,716,199
0493041.jpg,895,131,1041,277,716,200
0493042.jpg,892,130,1042,280,714,200
0493043.jpg,891,130,1041,280,713,200
0493044.jpg,891,131,1041,281,713,202
0493045.jpg,890,131,1040,281,712,200
0493046.jpg,887,131,1037,281,711,200
0493047.jpg,885,129,1039,283,711,200
0493048.jpg,885,130,1039,284,712,199
0493049.jpg,885,130,1039,284,712,199
0493050.jpg,884,128,1042,286,711,198
0493051.jpg,884,128,1042,286,712,198
0493052.jpg,885,128,1043,286,713,196
0493053.jpg,886,127,1044,285,715,196
0493054.jpg,889,127,1043,281,717,195
0493055.jpg,894,127,1040,273,719,194
0493056.jpg,901,126,1041,266,722,194
0493057.jpg,903,125,1043,265,724,194
0493058.jpg,905,124,1045,264,727,193
0493059.jpg,911,125,1047,261,730,193
0493060.jpg,915,125,1051,261,732,193
0493061.jpg,919,124,1055,260,733,193
0493062.jpg,928,126,1060,258,737,195
0493063.jpg,931,126,1063,258,738,195
0493064.jpg,934,126,1066,258,739,194
0493065.jpg,937,128,1069,260,739,194
0493066.jpg,941,129,1073,261,743,192
0493067.jpg,944,130,1076,262,743,192
0493068.jpg,948,131,1080,263,745,191
0493069.jpg,952,131,1084,263,748,191
0493070.jpg,954,131,1086,263,749,190
0493071.jpg,957,131,1089,263,752,189
0493072.jpg,958,132,1090,264,754,189
0493073.jpg,959,132,1091,264,325,161
0493074.jpg,960,132,1092,264,322,161
0493075.jpg,961,132,1093,264,324,165
0493076.jpg,961,132,1093,264,326,165
0493077.jpg,962,132,1094,264,329,166
0493078.jpg,963,132,1095,264,330,167
0493079.jpg,963,132,1095,264,331,166
0493080.jpg,963,132,1095,264,332,170
0493081.jpg,963,132,1095,264,334,169
0493082.jpg,963,131,1095,263,334,167
0493083.jpg,961,129,1097,265,335,165
0493084.jpg,959,129,1095,265,336,167
0493085.jpg,959,128,1095,264,335,166
0493086.jpg,957,128,1093,264,334,166
0493087.jpg,956,128,1092,264,333,165
0493088.jpg,955,128,1091,264,334,165
0493089.jpg,954,128,1090,264,333,165
0493090.jpg,953,127,1089,263,334,167
0493091.jpg,946,125,1086,265,333,168
0493092.jpg,945,124,1085,264,335,170
0493093.jpg,944,124,1084,264,335,171
0493094.jpg,944,124,1084,264,336,170
0493095.jpg,941,122,1085,266,337,171
0493096.jpg,940,124,1080,264,339,171
0493097.jpg,940,124,1080,264,338,170
0493098.jpg,938,124,1078,264,339,170
0493099.jpg,934,122,1078,266,339,171
0493100.jpg,934,124,1074,264,338,169
0493101.jpg,932,124,1072,264,338,170
0493102.jpg,931,124,1071,264,337,169
0493103.jpg,931,124,1071,264,335,169
0493104.jpg,931,125,1071,265,336,169
0493105.jpg,931,125,1071,265,335,168
0493106.jpg,931,124,1071,264,332,165
0493107.jpg,931,124,1071,264,482,196
0493108.jpg,930,122,1074,266,482,200
0493109.jpg,931,122,1075,266,484,200
0493110.jpg,933,122,1077,266,484,200
0493111.jpg,936,124,1076,264,484,199
0493112.jpg,936,124,1076,264,484,200
0493113.jpg,936,124,1076,264,484,198
0493114.jpg,936,124,1076,264,484,200
0493115.jpg,935,124,1075,264,486,200
0493116.jpg,933,124,1073,264,486,203
0493117.jpg,932,124,1072,264,486,202
0493118.jpg,932,125,1072,265,485,203
0493119.jpg,931,126,1071,266,485,202
0493120.jpg,930,126,1070,266,487,203
0493121.jpg,928,126,1068,266,486,204
0493122.jpg,927,126,1067,266,486,205
0493123.jpg,923,124,1067,268,484,206
0493124.jpg,922,125,1066,269,485,206
0493125.jpg,921,125,1065,269,484,203
0493126.jpg,918,126,1062,270,485,202
0493127.jpg,916,126,1060,270,485,205
0493128.jpg,917,128,1057,268,483,203
0493129.jpg,916,128,1056,268,484,203
0493130.jpg,915,128,1055,268,285,155
0493131.jpg,910,127,1050,267,281,153
0493132.jpg,908,127,1048,267,280,152
0493133.jpg,906,126,1046,266,279,148
0493134.jpg,905,126,1045,266,278,147
0493135.jpg,904,125,1044,265,279,146
0493136.jpg,902,125,1042,265,276,146
0493137.jpg,900,125,1040,265,277,147
0493138.jpg,899,125,1039,265,277,146
0493139.jpg,899,125,1039,265,277,146
0493140.jpg,898,125,1038,265,278,147
0493141.jpg,898,125,1038,265,276,146
0493142.jpg,897,127,1037,267,276,144
0493143.jpg,897,128,1037,268,276,147
0493145.jpg,894,126,1038,270,783,199
0493146.jpg,893,126,1037,270,792,202
0493147.jpg,892,127,1036,271,794,202
0493148.jpg,891,127,1035,271,795,201
0493149.jpg,891,127,1035,271,797,200
0493150.jpg,892,127,1036,271,797,199
0493151.jpg,893,127,1037,271,795,199
0493152.jpg,898,126,1042,270,795,198
0493153.jpg,904,127,1044,267,796,195
0493154.jpg,909,127,1049,267,795,194
0493155.jpg,915,127,1055,267,796,193
0493156.jpg,919,128,1059,268,798,193
0493157.jpg,934,131,1070,267,801,194
0493158.jpg,938,131,1074,267,804,194
0493159.jpg,941,134,1077,270,804,194
0493160.jpg,944,135,1080,271,810,194
0493161.jpg,947,135,1083,271,864,199
0493162.jpg,953,133,1093,273,960,240
0493163.jpg,954,134,1094,274,976,193
0493164.jpg,959,134,1099,274,979,194
0493165.jpg,960,134,1100,274,977,193
0493166.jpg,966,136,1102,272,977,194
0493167.jpg,971,138,1103,270,977,193
0493168.jpg,972,138,1104,270,976,197
0493169.jpg,973,138,1105,270,976,198
0493170.jpg,973,137,1105,269,976,199
0493171.jpg,973,137,1105,269,976,198
0493172.jpg,975,137,1107,269,976,199
0493173.jpg,975,137,1107,269,975,199
0493174.jpg,975,137,1107,269,936,268
0493175.jpg,975,137,1107,269,837,201
0493176.jpg,975,134,1107,266,819,200
0493177.jpg,976,133,1108,265,815,201
0493178.jpg,976,133,1108,265,812,199
0493179.jpg,977,132,1109,264,811,201
0493180.jpg,977,132,1109,264,809,202
0493181.jpg,977,131,1109,263,808,202
0493182.jpg,975,131,1107,263,806,201
0493183.jpg,975,131,1107,263,806,202
0493184.jpg,974,131,1106,263,805,203
0493185.jpg,971,129,1107,265,805,202
0493186.jpg,971,130,1107,266,803,203
0493187.jpg,969,135,1105,271,801,204
0493188.jpg,967,135,1107,275,797,204
0493189.jpg,967,140,1107,280,794,203
0493190.jpg,967,146,1107,286,789,203
0493191.jpg,967,148,1107,288,786,203
0493192.jpg,964,158,1100,294,782,203
0493193.jpg,963,161,1099,297,778,202
0493194.jpg,962,162,1098,298,776,203
0493195.jpg,961,162,1097,298,774,201
0493196.jpg,960,162,1096,298,771,201
0493197.jpg,958,162,1094,298,770,200
0493198.jpg,958,163,1094,299,767,201
0493199.jpg,956,162,1096,302,766,200
0493200.jpg,956,162,1096,302,764,201
0493201.jpg,958,165,1094,301,762,200
0493202.jpg,961,171,1093,303,761,199
0493203.jpg,962,171,1094,303,761,199
0493204.jpg,962,171,1094,303,759,200
0493205.jpg,963,171,1095,303,757,201
0493206.jpg,963,170,1095,302,756,199
0493207.jpg,962,168,1094,300,753,200
0493208.jpg,962,168,1094,300,751,200
0493209.jpg,959,163,1095,299,749,201
0493210.jpg,959,163,1095,299,750,201
0493211.jpg,960,162,1096,298,749,200
0493212.jpg,953,145,1103,295,750,201
0493213.jpg,954,144,1104,294,749,201
0493214.jpg,955,141,1105,291,747,201
0493215.jpg,957,142,1103,288,748,201
0493216.jpg,957,142,1103,288,748,200
0493217.jpg,957,142,1103,288,748,200
0493218.jpg,957,142,1103,288,749,199
0493219.jpg,957,144,1103,290,748,198
0493220.jpg,962,159,1098,295,748,200
0493221.jpg,966,167,1094,295,749,200
0493222.jpg,969,174,1095,300,749,199
0493223.jpg,969,174,1095,300,751,197
0493224.jpg,969,174,1095,300,752,198
0493225.jpg,969,174,1095,300,753,196
0493226.jpg,969,173,1095,299,756,197
0493227.jpg,966,168,1098,300,758,197
0493228.jpg,964,164,1100,300,761,196
0493229.jpg,961,163,1097,299,765,196
0493230.jpg,961,162,1097,298,767,196
0493231.jpg,959,158,1099,298,769,195
0493232.jpg,956,147,1102,293,771,197
0493233.jpg,956,147,1102,293,772,197
0493234.jpg,956,147,1102,293,772,197
0493235.jpg,956,146,1102,292,775,197
0493236.jpg,956,145,1102,291,778,195
0493237.jpg,957,145,1101,289,781,194
0493238.jpg,956,145,1100,289,783,194
0493239.jpg,955,144,1099,288,787,193
0493240.jpg,954,144,1098,288,789,195
0493241.jpg,953,144,1097,288,791,194
0493242.jpg,953,144,1097,288,792,193
0493243.jpg,951,142,1097,288,793,193
0493244.jpg,951,140,1097,286,795,194
0493245.jpg,951,139,1097,285,795,193
0493246.jpg,952,139,1096,283,796,195
0493247.jpg,951,137,1095,281,798,194
0493248.jpg,950,135,1094,279,798,196
0493249.jpg,950,135,1094,279,798,195
0493250.jpg,948,134,1094,280,797,195
0493251.jpg,948,134,1094,280,795,196
0493252.jpg,946,134,1092,280,794,197
0493253.jpg,946,134,1092,280,792,196
0493254.jpg,946,134,1092,280,792,196
0493255.jpg,945,134,1091,280,790,197
0493256.jpg,944,133,1090,279,788,196
0493257.jpg,944,132,1090,278,788,196
0493258.jpg,944,131,1090,277,787,195
0493259.jpg,944,131,1090,277,787,196
0493260.jpg,944,131,1090,277,788,196
0493261.jpg,945,131,1091,277,786,196
0493262.jpg,945,131,1091,277,785,196
0493263.jpg,945,133,1091,279,784,195
0493264.jpg,945,135,1091,281,784,196
0493265.jpg,946,138,1090,282,783,196
0493266.jpg,946,142,1090,286,783,196
0493267.jpg,949,146,1093,290,783,196
0493268.jpg,950,148,1094,292,781,197
0493269.jpg,950,149,1094,293,781,197
0493270.jpg,950,154,1094,298,782,197
0493271.jpg,950,155,1094,299,780,195
0493272.jpg,952,159,1092,299,782,197
0493273.jpg,952,160,1092,300,783,196
0493274.jpg,953,160,1093,300,784,196
0493275.jpg,953,161,1093,301,785,195
0493276.jpg,953,161,1093,301,786,197
0493277.jpg,953,161,1093,301,785,196
0493278.jpg,953,162,1093,302,787,198
0493279.jpg,953,162,1093,302,787,199
0493280.jpg,953,162,1093,302,788,199
0493281.jpg,954,163,1094,303,788,198
0493282.jpg,954,163,1094,303,790,200
0493283.jpg,954,163,1094,303,791,199
0493284.jpg,954,163,1094,303,792,201
0493285.jpg,952,160,1096,304,794,199
0493286.jpg,952,160,1096,304,795,200
0493287.jpg,952,159,1096,303,796,198
0493288.jpg,951,156,1097,302,800,198
0493289.jpg,950,156,1096,302,804,197
0493290.jpg,949,154,1095,300,806,198
0493291.jpg,947,152,1097,302,804,197
0493292.jpg,947,151,1097,301,806,197
0493293.jpg,947,150,1097,300,804,196
0493294.jpg,946,150,1096,300,803,197
0493295.jpg,945,150,1095,300,804,198
0493296.jpg,945,146,1095,296,802,197
0493297.jpg,943,144,1097,298,803,197
0493298.jpg,943,144,1097,298,801,197
0493299.jpg,943,143,1097,297,800,197
0493300.jpg,947,146,1093,292,799,199
0493301.jpg,947,145,1093,291,798,199
0493302.jpg,945,144,1091,290,795,200
0493303.jpg,945,142,1091,288,793,201
0493304.jpg,945,142,1091,288,792,201
0493305.jpg,945,142,1091,288,789,202
0493306.jpg,945,142,1091,288,788,202
0493307.jpg,945,143,1091,289,785,202
0493308.jpg,945,146,1091,292,784,202
0493309.jpg,945,147,1091,293,782,201
0493310.jpg,945,147,1091,293,781,203
0493311.jpg,945,147,1091,293,780,202
0493312.jpg,945,147,1091,293,791,199
0493313.jpg,938,138,1088,288,960,244
0493314.jpg,936,134,1086,284,1026,203
0493315.jpg,936,130,1086,280,1028,205
0493316.jpg,937,126,1083,272,1028,204
0493317.jpg,934,125,1080,271,1030,207
0493318.jpg,932,122,1076,266,1031,210
0493319.jpg,931,121,1075,265,1033,211
0493320.jpg,931,120,1075,264,1036,212
0493321.jpg,931,120,1075,264,1036,214
0493322.jpg,931,120,1075,264,1036,216
0493323.jpg,932,120,1076,264,1036,215
0493324.jpg,933,120,1077,264,1036,218
0493325.jpg,933,120,1077,264,1039,218
0493326.jpg,932,119,1078,265,1040,219
0493327.jpg,933,119,1079,265,1039,221
0493328.jpg,934,119,1080,265,1038,220
0493329.jpg,936,120,1080,264,1038,220
0493330.jpg,936,121,1080,265,1037,220
0493331.jpg,936,122,1080,266,1039,219
0493332.jpg,936,123,1080,267,1039,222
0493333.jpg,937,123,1081,267,1038,223
0493334.jpg,937,124,1081,268,1038,224
0493335.jpg,936,124,1082,270,1038,224
0493336.jpg,936,124,1082,270,1037,226
0493337.jpg,935,124,1081,270,1038,226
0493338.jpg,935,125,1081,271,1037,226
0493339.jpg,935,125,1081,271,1037,225
0493340.jpg,935,126,1081,272,1037,225
0493341.jpg,935,126,1081,272,1038,226
0493342.jpg,935,126,1081,272,1039,223
0493343.jpg,935,126,1081,272,1038,223
0493344.jpg,934,126,1080,272,1037,223
0493345.jpg,934,127,1080,273,1036,223
0493346.jpg,933,127,1079,273,1036,220
0493347.jpg,932,129,1078,275,1036,220
0493348.jpg,930,128,1080,278,1036,220
0493349.jpg,930,129,1080,279,1035,219
0493350.jpg,932,131,1078,277,1035,217
0493351.jpg,932,131,1078,277,1034,218
0493352.jpg,933,131,1079,277,1034,218
0493353.jpg,933,131,1079,277,1035,219
0493354.jpg,933,131,1079,277,1035,218
0493355.jpg,933,130,1079,276,1034,217
0493356.jpg,933,130,1079,276,964,237
0493357.jpg,934,130,1080,276,950,250
0493358.jpg,931,128,1081,278,943,260
0493359.jpg,931,128,1081,278,778,213
0493360.jpg,931,128,1081,278,772,214
0493361.jpg,931,128,1081,278,770,213
0493362.jpg,931,128,1081,278,768,214
0493363.jpg,930,128,1080,278,769,214
0493364.jpg,930,128,1080,278,770,214
0493365.jpg,930,128,1080,278,769,213
0493366.jpg,930,128,1080,278,769,213
0493367.jpg,930,128,1080,278,768,213
0493368.jpg,930,127,1080,277,769,213
0493369.jpg,928,124,1082,278,769,211
0493370.jpg,928,124,1082,278,770,212
0493371.jpg,928,123,1082,277,771,211
0493372.jpg,927,123,1081,277,772,209
0493373.jpg,928,125,1078,275,772,208
0493374.jpg,928,125,1078,275,772,208
0493375.jpg,928,125,1078,275,771,208
0493376.jpg,928,125,1078,275,771,208
0493377.jpg,928,125,1078,275,771,207
0493378.jpg,927,125,1077,275,771,208
0493379.jpg,929,131,1073,275,769,207
0493380.jpg,929,131,1073,275,770,207
0493381.jpg,929,131,1073,275,770,207
0493382.jpg,929,128,1073,272,769,207
0493383.jpg,928,127,1074,273,770,207
0493384.jpg,928,127,1074,273,772,208
0493385.jpg,928,127,1074,273,771,207
0493386.jpg,928,127,1074,273,771,207
0493387.jpg,927,126,1073,272,772,205
0493388.jpg,927,126,1073,272,773,205
0493389.jpg,927,126,1073,272,771,205
0493390.jpg,927,126,1073,272,771,205
0493391.jpg,927,126,1073,272,771,205
0493392.jpg,927,126,1073,272,773,205
0493393.jpg,927,127,1073,273,772,204
0493394.jpg,928,131,1072,275,771,203
0493395.jpg,928,132,1072,276,772,203
0493396.jpg,928,132,1072,276,771,204
0493397.jpg,928,132,1072,276,772,206
0493398.jpg,928,132,1072,276,772,206
0493399.jpg,928,132,1072,276,772,205
0493400.jpg,928,132,1072,276,772,207
0493401.jpg,930,134,1070,274,772,207
0493402.jpg,930,134,1070,274,774,209
0493403.jpg,930,134,1070,274,771,209
0493404.jpg,930,134,1070,274,774,210
0493405.jpg,930,134,1070,274,773,211
0493406.jpg,930,134,1070,274,775,211
0493407.jpg,930,134,1070,274,775,212
0493408.jpg,928,132,1072,276,776,211
0493409.jpg,928,132,1072,276,776,212
0493410.jpg,928,132,1072,276,777,214
0493411.jpg,928,132,1072,276,777,214
0493412.jpg,928,132,1072,276,776,213
0493413.jpg,928,132,1072,276,776,214
0493414.jpg,928,132,1072,276,776,213
0493415.jpg,928,132,1072,276,773,211
0493416.jpg,928,132,1072,276,774,212
0493417.jpg,928,132,1072,276,774,210
0493418.jpg,927,131,1071,275,775,207
0493419.jpg,927,131,1071,275,774,207
0493420.jpg,926,130,1072,276,772,207
0493421.jpg,926,130,1072,276,772,207
0493422.jpg,926,130,1072,276,773,208
0493423.jpg,926,130,1072,276,771,208
0493424.jpg,926,130,1072,276,770,208
0493425.jpg,926,130,1072,276,769,209
0493426.jpg,926,130,1072,276,770,210
0493427.jpg,926,130,1072,276,771,210
0493428.jpg,926,130,1072,276,771,210
0493429.jpg,926,130,1072,276,770,210
0493430.jpg,927,131,1071,275,769,210
0493431.jpg,927,131,1071,275,768,210
0493432.jpg,927,131,1071,275,769,210
0493433.jpg,928,131,1072,275,770,210
0493434.jpg,928,131,1072,275,771,210
0493435.jpg,930,133,1070,273,771,210
0493436.jpg,930,133,1070,273,771,209
0493437.jpg,931,133,1071,273,771,210
0493438.jpg,930,128,1074,272,770,210
0493439.jpg,930,127,1074,271,768,210
0493440.jpg,930,127,1074,271,766,210
0493441.jpg,930,127,1074,271,766,211
0493442.jpg,930,127,1074,271,765,210
0493443.jpg,930,127,1074,271,765,211
0493444.jpg,930,127,1074,271,762,210
0493445.jpg,930,127,1074,271,762,210
0493446.jpg,932,128,1072,268,763,210
0493447.jpg,932,128,1072,268,763,210
0493448.jpg,930,128,1070,268,760,210
0493449.jpg,932,130,1068,266,760,211
0493450.jpg,931,130,1067,266,760,210
0493451.jpg,931,130,1067,266,760,210
0493452.jpg,931,130,1067,266,759,210
0493453.jpg,930,131,1066,267,759,209
0493454.jpg,930,131,1066,267,760,210
0493455.jpg,930,131,1066,267,760,210
0493456.jpg,930,131,1066,267,759,210
0493457.jpg,927,129,1067,269,760,211
0493458.jpg,927,129,1067,269,760,212
0493459.jpg,927,129,1067,269,760,212
0493460.jpg,927,129,1067,269,761,212
0493461.jpg,927,129,1067,269,761,211
0493462.jpg,927,129,1067,269,760,211
0493463.jpg,927,129,1067,269,760,211
0493464.jpg,927,129,1067,269,759,212
0493465.jpg,927,129,1067,269,760,212
0493466.jpg,926,129,1066,269,760,212
0493467.jpg,926,129,1066,269,761,212
0493468.jpg,926,129,1066,269,760,211
0493469.jpg,926,129,1066,269,760,212
0493470.jpg,926,129,1066,269,762,212
0493471.jpg,926,129,1066,269,763,210
0493472.jpg,924,127,1068,271,764,210
0493473.jpg,924,127,1068,271,764,210
0493474.jpg,924,127,1068,271,763,211
0493475.jpg,925,127,1069,271,762,211
0493476.jpg,925,127,1069,271,762,212
0493477.jpg,927,129,1067,269,764,211
0493478.jpg,927,129,1067,269,765,211
0493479.jpg,927,129,1067,269,764,210
0493480.jpg,925,129,1065,269,766,210
0493481.jpg,925,129,1065,269,765,212
0493482.jpg,925,129,1065,269,766,212
0493483.jpg,925,129,1065,269,764,211
0493484.jpg,925,129,1065,269,764,211
0493485.jpg,926,129,1066,269,766,211
0493486.jpg,926,129,1066,269,766,211
0493487.jpg,926,128,1066,268,766,212
0493488.jpg,926,128,1066,268,766,212
0493489.jpg,927,128,1067,268,765,211
0493490.jpg,927,128,1067,268,766,212
0493491.jpg,930,130,1066,266,765,211
0493492.jpg,930,130,1066,266,767,212
0493493.jpg,930,130,1066,266,767,211
0493494.jpg,930,130,1066,266,766,211
0493495.jpg,930,130,1066,266,766,211
0494000.jpg,236,76,400,240,958,199
0494001.jpg,237,77,401,241,969,201
0494002.jpg,240,79,404,243,972,200
0494003.jpg,240,79,404,243,973,201
0494004.jpg,240,80,404,244,978,201
0494005.jpg,240,80,404,244,983,203
0494006.jpg,240,80,404,244,986,203
0494007.jpg,240,80,404,244,989,204
0494008.jpg,240,79,404,243,991,204
0494009.jpg,240,79,404,243,992,203
0494010.jpg,240,79,404,243,994,201
0494011.jpg,240,79,404,243,996,202
0494012.jpg,241,79,405,243,998,201
0494013.jpg,241,79,405,243,998,200
0494014.jpg,241,79,405,243,999,201
0494015.jpg,241,79,405,243,1001,200
0494016.jpg,241,79,405,243,1002,201
0494017.jpg,241,79,405,243,991,192
0494018.jpg,240,79,404,243,1000,197
0494019.jpg,240,79,404,243,1001,198
0494020.jpg,240,79,404,243,1001,199
0494021.jpg,240,79,404,243,1001,199
0494022.jpg,240,78,404,242,1000,199
0494023.jpg,239,78,403,242,1000,199
0494024.jpg,239,78,403,242,1001,200
0494025.jpg,239,78,403,242,1000,200
0494026.jpg,233,73,405,245,999,199
0494027.jpg,233,72,405,244,999,198
0494028.jpg,232,72,404,244,998,197
0494029.jpg,232,72,404,244,999,198
0494030.jpg,232,73,404,245,997,199
0494031.jpg,233,75,401,243,996,198
0494032.jpg,233,75,401,243,996,198
0494033.jpg,238,77,402,241,995,195
0494034.jpg,238,77,402,241,992,196
0494035.jpg,238,77,402,241,993,196
0494036.jpg,239,78,401,240,991,195
0494037.jpg,240,78,402,240,990,194
0494038.jpg,239,77,403,241,988,195
0494039.jpg,239,77,403,241,989,195
0494040.jpg,239,77,403,241,988,196
0494041.jpg,239,78,403,242,987,198
0494042.jpg,239,78,403,242,984,198
0494043.jpg,239,77,403,241,984,198
0494044.jpg,239,77,403,241,983,198
0494045.jpg,234,74,402,242,983,199
0494046.jpg,230,70,402,242,982,199
0494047.jpg,229,70,401,242,981,199
0494048.jpg,229,70,401,242,980,200
0494049.jpg,229,70,401,242,980,201
0494050.jpg,229,70,401,242,978,202
0494051.jpg,228,72,400,244,979,204
0494052.jpg,226,70,402,246,978,203
0494053.jpg,226,70,402,246,977,203
0494054.jpg,226,70,402,246,977,204
0494055.jpg,226,70,402,246,977,207
0494056.jpg,226,70,402,246,978,207
0494057.jpg,226,70,402,246,978,207
0494058.jpg,227,70,403,246,978,206
0494059.jpg,227,70,403,246,978,206
0494060.jpg,227,70,403,246,978,205
0494061.jpg,227,70,403,246,979,205
0494062.jpg,227,70,403,246,979,203
0494063.jpg,232,70,408,246,982,203
0494064.jpg,232,70,408,246,982,202
0494065.jpg,233,71,409,247,986,199
0494066.jpg,241,74,417,250,986,197
0494067.jpg,242,74,418,250,988,194
0494068.jpg,244,76,416,248,992,193
0494069.jpg,248,79,416,247,994,191
0494070.jpg,249,79,417,247,996,190
0494071.jpg,252,81,416,245,999,190
0494072.jpg,255,82,417,244,1003,191
0494073.jpg,258,82,420,244,1009,192
0494074.jpg,258,83,420,245,1011,192
0494075.jpg,259,83,421,245,761,297
0494076.jpg,259,84,421,246,436,270
0494077.jpg,259,85,423,249,328,163
0494078.jpg,260,87,424,251,326,166
0494079.jpg,261,87,425,251,326,167
0494080.jpg,262,87,426,251,327,168
0494081.jpg,262,87,426,251,328,166
0494082.jpg,263,88,425,250,328,165
0494083.jpg,263,88,425,250,328,165
0494084.jpg,262,88,424,250,329,165
0494085.jpg,261,87,423,249,327,163
0494086.jpg,260,87,422,249,327,164
0494087.jpg,258,87,420,249,328,162
0494088.jpg,257,86,419,248,327,163
0494089.jpg,254,84,416,246,328,162
0494090.jpg,250,80,414,244,329,162
0494091.jpg,243,76,407,240,329,162
0494092.jpg,242,77,404,239,331,163
0494093.jpg,239,77,401,239,331,164
0494094.jpg,233,76,395,238,332,165
0494095.jpg,233,78,391,236,333,167
0494096.jpg,230,75,388,233,358,180
0494097.jpg,226,73,388,235,354,181
0494098.jpg,224,71,386,233,1003,171
0494099.jpg,222,71,384,233,1009,171
0494100.jpg,218,69,382,233,1008,171
0494101.jpg,200,61,376,237,1008,170
0494102.jpg,196,59,372,235,1007,170
0494103.jpg,194,56,370,232,1006,171
0494104.jpg,196,59,364,227,1004,170
0494105.jpg,191,58,359,226,1002,170
0494106.jpg,189,58,357,226,999,170
0494107.jpg,188,58,356,226,998,169
0494108.jpg,187,58,355,226,995,169
0494109.jpg,182,54,358,230,994,169
0494110.jpg,181,54,357,230,994,169
0494111.jpg,180,56,356,232,993,169
0494112.jpg,177,54,357,234,1002,163
0494113.jpg,176,53,358,235,1012,171
0494114.jpg,174,53,356,235,1012,180
0494115.jpg,173,53,355,235,1011,177
0494116.jpg,170,50,356,236,1011,177
0494117.jpg,168,48,358,238,1009,177
0494118.jpg,167,48,357,238,1008,176
0494119.jpg,167,48,357,238,1008,178
0494120.jpg,169,48,359,238,1006,178
0494121.jpg,169,49,359,239,1006,177
0494122.jpg,170,49,360,239,1006,178
0494123.jpg,171,49,361,239,1006,178
0494124.jpg,171,50,361,240,1006,177
0494125.jpg,172,50,362,240,1006,177
0494126.jpg,170,48,364,242,1006,178
0494127.jpg,174,50,364,240,1008,178
0494128.jpg,175,50,365,240,1007,178
0494129.jpg,175,50,365,240,1008,177
0494130.jpg,176,51,366,241,1009,177
0494131.jpg,183,56,365,238,1009,177
0494132.jpg,183,57,365,239,1009,177
0494133.jpg,185,58,365,238,1010,177
0494134.jpg,190,62,370,242,1008,177
0494135.jpg,191,62,371,242,1010,178
0494136.jpg,191,61,373,243,1008,177
0494137.jpg,192,61,374,243,1009,178
0494138.jpg,193,62,375,244,1007,177
0494139.jpg,194,62,376,244,1007,178
0494140.jpg,195,62,377,244,1006,179
0494141.jpg,196,62,378,244,1004,178
0494142.jpg,196,63,378,245,1003,178
0494143.jpg,196,63,378,245,1000,178
0494144.jpg,196,63,378,245,1000,179
0494145.jpg,196,63,378,245,998,178
0494146.jpg,195,63,377,245,997,180
0494147.jpg,193,63,375,245,996,180
0494148.jpg,191,63,373,245,996,180
0494149.jpg,191,63,373,245,994,179
0494150.jpg,191,63,373,245,994,180
0494151.jpg,190,63,372,245,993,179
0494152.jpg,189,61,371,243,990,179
0494153.jpg,190,61,370,241,988,180
0494154.jpg,183,59,363,239,985,179
0494155.jpg,185,59,361,235,983,180
0494156.jpg,186,62,354,230,981,179
0494157.jpg,184,61,352,229,980,179
0494158.jpg,184,61,352,229,977,179
0494159.jpg,184,61,352,229,977,181
0494160.jpg,184,61,352,229,978,182
0494161.jpg,185,61,353,229,976,180
0494162.jpg,186,61,354,229,976,181
0494163.jpg,187,62,355,230,973,180
0494164.jpg,187,62,355,230,972,180
0494165.jpg,185,60,357,232,970,181
0494166.jpg,186,60,358,232,968,181
0494167.jpg,186,60,358,232,968,181
0494168.jpg,187,61,359,233,967,181
0494169.jpg,188,61,360,233,966,180
0494170.jpg,188,62,360,234,967,182
0494171.jpg,190,60,366,236,967,182
0494172.jpg,191,60,367,236,965,181
0494173.jpg,190,58,370,238,965,183
0494174.jpg,191,58,371,238,965,183
0494175.jpg,190,57,372,239,965,182
0494176.jpg,191,59,373,241,965,181
0494177.jpg,195,59,377,241,965,182
0494178.jpg,196,59,378,241,965,194
0494179.jpg,199,62,375,238,948,241
0494180.jpg,201,63,377,239,1000,207
0494181.jpg,201,63,377,239,999,207
0494182.jpg,201,63,377,239,1002,205
0494183.jpg,201,63,377,239,1007,205
0494184.jpg,201,63,377,239,1021,211
0494185.jpg,199,61,379,241,1022,212
0494186.jpg,199,61,379,241,1027,214
0494187.jpg,197,60,379,242,1006,189
0494188.jpg,197,60,379,242,1013,186
0494189.jpg,197,61,379,243,1017,185
0494190.jpg,197,61,379,243,1022,186
0494191.jpg,197,61,379,243,1026,188
0494192.jpg,197,61,379,243,1060,189
0494193.jpg,197,61,379,243,1063,189
0494194.jpg,197,61,379,243,1070,189
0494195.jpg,196,61,378,243,1073,188
0494196.jpg,196,61,378,243,1075,189
0494197.jpg,195,61,377,243,1074,188
0494198.jpg,195,61,377,243,1076,188
0494199.jpg,195,61,377,243,1077,189
0494200.jpg,196,62,376,242,1079,187
0494201.jpg,196,63,376,243,1079,187
0494202.jpg,197,63,377,243,1079,187
0494203.jpg,199,65,375,241,1079,188
0494204.jpg,199,65,375,241,1079,187
0494205.jpg,199,65,375,241,1079,188
0494206.jpg,199,65,375,241,1080,188
0494207.jpg,197,63,377,243,1079,187
0494208.jpg,197,63,377,243,1080,187
0494209.jpg,197,63,377,243,1081,187
0494210.jpg,197,63,377,243,1080,186
0494211.jpg,198,64,378,244,1082,187
0494212.jpg,198,64,378,244,1080,186
0494213.jpg,198,64,378,244,1082,187
0494214.jpg,197,63,379,245,1081,187
0494215.jpg,197,63,379,245,1082,186
0494216.jpg,197,63,379,245,1081,187
0494217.jpg,197,63,379,245,1082,186
0494218.jpg,197,63,379,245,1081,186
0494219.jpg,197,63,379,245,1082,185
0494220.jpg,197,62,379,244,1082,187
0494221.jpg,197,62,379,244,1047,205
0494222.jpg,197,62,379,244,1092,557
0494223.jpg,197,62,379,244,1061,504
0494224.jpg,197,62,379,244,1057,505
0494225.jpg,197,62,379,244,1064,506
0494226.jpg,197,63,379,245,1063,506
0494227.jpg,197,63,379,245,1064,506
0494228.jpg,197,63,379,245,1065,507
0494229.jpg,197,63,379,245,1060,502
0494230.jpg,198,64,378,244,1062,503
0494231.jpg,198,64,378,244,1065,504
0494232.jpg,198,64,378,244,1065,504
0494233.jpg,198,64,378,244,1060,502
0494234.jpg,198,64,378,244,1068,498
0494235.jpg,197,65,377,245,1056,497
0494236.jpg,197,65,377,245,1050,494
0494237.jpg,197,65,377,245,1051,489
0494238.jpg,197,65,377,245,1048,486
0494239.jpg,197,65,377,245,1046,482
0494240.jpg,199,67,375,243,1038,482
0494241.jpg,199,67,375,243,1037,482
0494242.jpg,200,67,376,243,1050,483
0494243.jpg,200,67,376,243,1062,486
0494244.jpg,197,65,377,245,1058,491
0494245.jpg,197,65,377,245,1059,496
0494246.jpg,196,65,376,245,1060,498
0494247.jpg,196,65,376,245,1064,499
0494248.jpg,196,65,376,245,1064,500
0494249.jpg,196,65,376,245,1064,499
0494250.jpg,196,65,376,245,1065,500
0494251.jpg,196,65,376,245,1066,501
0494252.jpg,196,65,376,245,1066,500
0494253.jpg,196,65,376,245,1067,502
0494254.jpg,196,65,376,245,1066,502
0494255.jpg,194,65,374,245,1066,502
0494256.jpg,190,61,376,247,1066,501
0494257.jpg,188,58,374,244,1066,501
0494258.jpg,188,58,374,244,1068,501
0494259.jpg,187,58,373,244,1068,501
0494260.jpg,187,58,373,244,1066,501
0494261.jpg,187,58,373,244,1066,503
0494262.jpg,187,61,373,247,1067,503
0494263.jpg,188,63,374,249,1068,502
0494264.jpg,189,64,375,250,1068,501
0494265.jpg,189,65,375,251,1068,501
0494266.jpg,189,65,375,251,1066,501
0494267.jpg,191,67,373,249,1066,502
0494268.jpg,191,67,373,249,1065,504
0494269.jpg,192,67,374,249,1064,504
0494270.jpg,192,67,374,249,1066,504
0494271.jpg,190,64,376,250,1066,504
0494272.jpg,190,63,376,249,1066,504
0494273.jpg,190,63,376,249,1068,504
0494274.jpg,190,63,376,249,1068,504
0494275.jpg,190,63,376,249,1059,496
0494276.jpg,190,63,376,249,1063,496
0494277.jpg,192,65,374,247,1077,529
0494278.jpg,190,63,376,249,1093,635
0494279.jpg,190,64,376,250,1175,688
0494280.jpg,190,64,376,250,1252,691
0494281.jpg,190,64,376,250,1210,592
0494282.jpg,190,64,376,250,1209,592
0494283.jpg,190,64,376,250,1207,592
0494284.jpg,190,64,376,250,1208,592
0494285.jpg,190,63,376,249,1208,593
0494286.jpg,190,62,376,248,1208,593
0494287.jpg,190,60,376,246,1209,593
0494288.jpg,190,60,376,246,1207,593
0494289.jpg,187,58,377,248,1209,593
0494290.jpg,187,58,377,248,1050,235
0494291.jpg,189,60,375,246,1047,185
0494292.jpg,191,61,377,247,1043,197
0494293.jpg,193,61,379,247,1048,196
0494294.jpg,195,63,377,245,1047,195
0494295.jpg,196,63,378,245,1043,193
0494296.jpg,196,64,376,244,1038,191
0494297.jpg,195,64,375,244,1038,191
0494298.jpg,195,64,375,244,1037,191
0494299.jpg,195,64,375,244,1035,190
0494300.jpg,195,64,375,244,1033,191
0494301.jpg,195,64,375,244,1033,192
0494302.jpg,197,66,373,242,1033,193
0494303.jpg,196,66,372,242,1030,192
0494304.jpg,196,66,372,242,1029,191
0494305.jpg,196,66,372,242,1027,192
0494306.jpg,196,66,372,242,1028,191
0494307.jpg,195,66,371,242,1064,186
0494308.jpg,195,66,371,242,1072,188
0494309.jpg,195,66,371,242,1073,187
0494310.jpg,195,66,371,242,1073,187
0494311.jpg,195,66,371,242,1074,187
0494312.jpg,193,64,373,244,1076,188
0494313.jpg,193,65,373,245,1034,223
0494314.jpg,193,65,373,245,1085,697
0494315.jpg,193,64,373,244,1063,588
0494316.jpg,195,66,371,242,1084,588
0494317.jpg,195,66,371,242,1084,589
0494318.jpg,195,66,371,242,1084,590
0494319.jpg,195,66,371,242,1085,590
0494320.jpg,195,66,371,242,1085,589
0494321.jpg,195,66,371,242,1085,590
0494322.jpg,195,66,371,242,1086,590
0494323.jpg,195,66,371,242,1085,590
0494324.jpg,193,64,373,244,1086,589
0494325.jpg,193,64,373,244,1085,590
0494326.jpg,193,64,373,244,1086,590
0494327.jpg,192,64,372,244,1086,589
0494328.jpg,194,67,370,243,1086,590
0494329.jpg,194,67,370,243,1086,589
0494330.jpg,194,67,370,243,1086,590
0494331.jpg,193,67,369,243,1087,589
0494332.jpg,193,67,369,243,1086,590
0494333.jpg,193,67,369,243,1086,589
0494334.jpg,193,67,369,243,1087,590
0494335.jpg,193,67,369,243,1088,590
0494336.jpg,193,67,369,243,1086,589
0494337.jpg,193,67,369,243,1086,590
0494338.jpg,193,67,369,243,1086,589
0494339.jpg,193,67,369,243,1086,590
0494340.jpg,193,67,369,243,1086,589
0494341.jpg,193,67,369,243,1086,590
0494343.jpg,193,67,369,243,1072,652
0494344.jpg,193,67,369,243,1037,223
0494345.jpg,193,67,369,243,1039,221
0494346.jpg,193,67,369,243,1038,221
0494347.jpg,193,67,369,243,1037,219
0494348.jpg,193,67,369,243,1038,218
0494349.jpg,192,67,368,243,1037,217
0494350.jpg,193,67,369,243,1038,218
0494351.jpg,192,67,368,243,1036,218
0494352.jpg,192,67,368,243,1036,217
0494353.jpg,192,67,368,243,1036,217
0494354.jpg,192,67,368,243,1037,216
0494355.jpg,192,67,368,243,1035,216
0494356.jpg,192,67,368,243,1034,215
0494357.jpg,193,67,369,243,1035,213
0494358.jpg,193,67,369,243,1034,211
0494359.jpg,193,67,369,243,1033,212
0494360.jpg,193,66,369,242,1028,209
0494361.jpg,193,66,369,242,1028,207
0494362.jpg,193,66,369,242,1027,206
0494363.jpg,193,66,369,242,1027,206
0494364.jpg,193,67,369,243,1027,207
0494365.jpg,193,67,369,243,1027,207
0494366.jpg,192,67,368,243,1027,209
0494367.jpg,192,67,368,243,1029,212
0494368.jpg,192,67,368,243,1030,214
0494369.jpg,192,67,368,243,1032,216
0494370.jpg,192,67,368,243,1030,216
0494371.jpg,192,67,368,243,1030,214
0494372.jpg,193,67,369,243,1030,214
0494373.jpg,193,67,369,243,1027,209
0494374.jpg,193,67,369,243,1022,205
0494375.jpg,193,67,369,243,1019,200
0494376.jpg,193,67,369,243,1015,194
0494377.jpg,193,67,369,243,978,189
0494378.jpg,192,67,368,243,973,189
0494379.jpg,192,68,368,244,971,190
0494380.jpg,192,68,368,244,969,189
0494381.jpg,192,68,368,244,967,190
0494382.jpg,192,67,368,243,967,190
0494383.jpg,194,69,366,241,968,189
0494384.jpg,194,69,366,241,967,189
0494385.jpg,194,69,366,241,968,189
0494386.jpg,194,69,366,241,967,190
0494387.jpg,194,69,366,241,967,190
0494388.jpg,194,69,366,241,968,189
0494389.jpg,194,69,366,241,975,606
0494390.jpg,194,69,366,241,980,606
0494391.jpg,194,69,366,241,981,606
0494392.jpg,194,69,366,241,981,606
0494393.jpg,192,67,368,243,981,606
0494394.jpg,192,67,368,243,981,605
0494395.jpg,192,67,368,243,979,607
0494396.jpg,194,69,366,241,979,606
0494397.jpg,194,69,366,241,977,606
0494398.jpg,193,69,365,241,978,606
0494399.jpg,191,67,367,243,979,606
0494400.jpg,191,67,367,243,979,605
0494401.jpg,191,67,367,243,980,606
0494402.jpg,191,67,367,243,981,606
0494403.jpg,191,67,367,243,980,606
0494404.jpg,191,67,367,243,981,606
0494405.jpg,191,67,367,243,979,605
0494406.jpg,191,67,367,243,979,606
0494407.jpg,191,67,367,243,979,606
0494408.jpg,191,67,367,243,979,607
0494409.jpg,191,67,367,243,980,605
0494410.jpg,191,67,367,243,980,606
0494411.jpg,191,67,367,243,979,605
0494412.jpg,191,67,367,243,979,605
0494413.jpg,191,67,367,243,979,605
0494414.jpg,191,67,367,243,979,606
0494415.jpg,191,66,367,242,978,605
0494416.jpg,191,66,367,242,978,605
0494417.jpg,191,66,367,242,977,604
0494418.jpg,191,66,367,242,977,606
0494419.jpg,185,61,365,241,977,606
0494420.jpg,185,61,365,241,977,605
0494421.jpg,184,60,366,242,976,605
0494422.jpg,184,60,366,242,978,605
0494423.jpg,184,60,366,242,977,605
0494424.jpg,184,60,366,242,977,604
0494425.jpg,184,60,366,242,977,605
0494426.jpg,184,60,366,242,977,605
0494427.jpg,184,60,366,242,977,604
0494428.jpg,184,60,366,242,977,605
0494429.jpg,184,60,366,242,977,605
0494430.jpg,184,60,366,242,977,604
0494431.jpg,184,60,366,242,973,602
0494432.jpg,184,60,366,242,980,603
0494433.jpg,184,60,366,242,980,602
0494434.jpg,184,60,366,242,979,602
0494435.jpg,184,60,366,242,980,602
0494436.jpg,184,60,366,242,979,602
0494437.jpg,184,60,366,242,980,602
0494438.jpg,184,60,366,242,1004,198
0494439.jpg,184,60,366,242,1006,203
0494440.jpg,184,60,366,242,1007,202
0494441.jpg,185,61,365,241,1006,202
0494442.jpg,185,62,365,242,1005,203
0494443.jpg,185,62,365,242,1005,203
0494444.jpg,185,62,365,242,1004,203
0494445.jpg,185,62,365,242,1004,202
0494446.jpg,184,61,366,243,1004,203
0494447.jpg,183,61,365,243,1004,202
0494448.jpg,183,59,365,241,1004,203
0494449.jpg,182,59,364,241,1003,203
0494450.jpg,180,60,360,240,975,173
0494451.jpg,179,60,359,240,979,174
0494452.jpg,181,62,357,238,978,173
0494453.jpg,180,61,356,237,979,173
0494454.jpg,177,59,357,239,977,173
0494455.jpg,177,59,357,239,979,173
0494456.jpg,177,59,357,239,978,173
0494457.jpg,177,59,357,239,978,172
0494458.jpg,176,59,356,239,979,174
0494459.jpg,176,59,356,239,978,173
0494460.jpg,176,59,356,239,978,174
0494461.jpg,176,59,356,239,977,174
0494462.jpg,176,59,356,239,977,173
0494463.jpg,176,59,356,239,970,169
0494464.jpg,176,59,356,239,976,198
0494465.jpg,176,59,356,239,977,201
0494466.jpg,176,59,356,239,975,200
0494467.jpg,176,59,356,239,976,200
0494468.jpg,176,59,356,239,975,201
0494469.jpg,176,59,356,239,975,201
0494470.jpg,177,60,357,240,974,201
0494471.jpg,177,60,357,240,973,200
0494472.jpg,177,60,357,240,973,199
0494473.jpg,177,60,357,240,974,199
0494474.jpg,177,60,357,240,972,199
0494475.jpg,177,60,357,240,975,200
0494476.jpg,178,60,358,240,972,199
0494477.jpg,178,60,358,240,975,201
0494478.jpg,178,60,358,240,973,200
0494479.jpg,178,61,358,241,868,624
0494480.jpg,178,61,358,241,874,625
0494481.jpg,180,63,356,239,875,626
0494482.jpg,180,63,356,239,874,624
0494483.jpg,181,63,357,239,874,624
0494484.jpg,181,63,357,239,875,625
0494485.jpg,181,63,357,239,874,625
0494486.jpg,181,63,357,239,874,624
0494487.jpg,181,64,357,240,875,624
0494488.jpg,181,64,357,240,876,625
0494489.jpg,181,64,357,240,876,625
0494490.jpg,181,64,357,240,875,624
0494491.jpg,181,64,357,240,875,625
0494492.jpg,182,64,358,240,875,625
0494493.jpg,182,64,358,240,875,624
0494494.jpg,182,64,358,240,875,624
0494495.jpg,182,64,358,240,875,625
