0561000.jpg,880,76,1080,276,738,190
0561001.jpg,878,76,1082,280,732,196
0561002.jpg,878,76,1082,280,731,197
0561003.jpg,877,76,1081,280,731,199
0561004.jpg,876,77,1080,281,730,199
0561005.jpg,874,77,1078,281,728,199
0561006.jpg,872,75,1080,283,727,200
0561007.jpg,870,75,1078,283,727,200
0561008.jpg,869,76,1077,284,725,200
0561009.jpg,865,76,1073,284,724,200
0561010.jpg,865,76,1073,284,725,201
0561011.jpg,864,75,1072,283,724,200
0561012.jpg,864,75,1072,283,724,200
0561013.jpg,863,74,1071,282,722,200
0561014.jpg,865,75,1069,279,722,200
0561015.jpg,865,75,1069,279,721,201
0561016.jpg,865,75,1069,279,721,201
0561017.jpg,865,74,1069,278,721,201
0561018.jpg,865,73,1069,277,722,199
0561019.jpg,866,73,1070,277,722,198
0561020.jpg,866,73,1070,277,721,199
0561021.jpg,866,73,1070,277,721,198
0561022.jpg,868,75,1068,275,722,196
0561023.jpg,868,75,1068,275,726,196
0561024.jpg,868,74,1068,274,779,348
0561025.jpg,870,74,1068,272,288,202
0561026.jpg,870,74,1068,272,276,175
0561027.jpg,871,74,1069,272,277,171
0561028.jpg,871,74,1069,272,277,172
0561029.jpg,872,73,1070,271,277,171
0561030.jpg,872,73,1070,271,280,171
0561031.jpg,872,73,1070,271,279,170
0561032.jpg,872,73,1070,271,278,172
0561033.jpg,872,73,1070,271,279,172
0561034.jpg,872,73,1070,271,279,172
0561035.jpg,872,74,1070,272,278,175
0561036.jpg,872,74,1070,272,274,178
0561037.jpg,872,74,1070,272,278,175
0561038.jpg,871,73,1071,273,281,173
0561039.jpg,871,74,1071,274,279,172
0561040.jpg,871,74,1071,274,280,174
0561041.jpg,870,74,1070,274,277,176
0561042.jpg,870,74,1070,274,277,178
0561043.jpg,870,74,1070,274,277,178
0561044.jpg,870,74,1070,274,278,176
0561045.jpg,870,74,1070,274,275,180
0561046.jpg,870,73,1070,273,276,180
0561047.jpg,870,73,1070,273,277,179
0561048.jpg,870,73,1070,273,277,181
0561049.jpg,870,73,1070,273,277,180
0561050.jpg,870,73,1070,273,278,180
0561051.jpg,869,72,1073,276,278,180
0561052.jpg,869,73,1073,277,279,181
0561053.jpg,870,74,1074,278,278,182
0561054.jpg,871,75,1075,279,278,182
0561055.jpg,872,76,1076,280,277,182
0561056.jpg,873,76,1077,280,277,181
0561057.jpg,874,76,1078,280,275,181
0561058.jpg,875,76,1079,280,273,183
0561059.jpg,878,78,1078,278,273,183
0561060.jpg,878,78,1078,278,272,182
0561061.jpg,878,78,1078,278,273,182
0561062.jpg,879,78,1079,278,272,183
0561063.jpg,880,78,1078,276,273,182
0561064.jpg,881,78,1079,276,270,183
0561065.jpg,881,78,1079,276,271,181
0561066.jpg,881,78,1079,276,271,181
0561067.jpg,881,78,1079,276,272,182
0561068.jpg,882,79,1080,277,272,181
0561069.jpg,882,79,1080,277,274,181
0561070.jpg,881,78,1081,278,273,180
0561071.jpg,881,78,1081,278,272,181
0561072.jpg,881,78,1081,278,274,180
0561073.jpg,879,76,1083,280,274,180
0561074.jpg,879,76,1083,280,273,180
0561075.jpg,879,76,1083,280,272,180
0561076.jpg,879,76,1083,280,272,181
0561077.jpg,878,76,1082,280,274,181
0561078.jpg,878,75,1082,279,273,180
0561079.jpg,878,75,1082,279,273,180
0561080.jpg,878,75,1082,279,276,180
0561081.jpg,880,76,1080,276,275,181
0561082.jpg,880,76,1080,276,277,182
0561083.jpg,880,76,1080,276,276,181
0561084.jpg,880,75,1080,275,277,180
0561085.jpg,880,74,1080,274,276,180
0561086.jpg,880,74,1078,272,276,181
0561087.jpg,880,74,1078,272,276,181
0561088.jpg,880,74,1078,272,277,182
0561089.jpg,879,74,1077,272,277,182
0561090.jpg,878,74,1076,272,276,181
0561091.jpg,877,73,1075,271,276,182
0561092.jpg,873,70,1073,270,276,183
0561093.jpg,868,67,1072,271,275,182
0561094.jpg,867,66,1071,270,274,182
0561095.jpg,868,68,1068,268,275,181
0561096.jpg,867,66,1067,266,274,181
0561097.jpg,867,65,1067,265,274,181
0561098.jpg,866,65,1066,265,273,182
0561099.jpg,866,65,1066,265,275,180
0561100.jpg,863,61,1067,265,274,181
0561101.jpg,863,62,1067,266,273,180
0561102.jpg,863,62,1067,266,273,181
0561103.jpg,863,63,1067,267,273,181
0561104.jpg,863,63,1067,267,273,180
0561105.jpg,863,63,1067,267,272,180
0561106.jpg,864,63,1068,267,274,181
0561107.jpg,865,63,1069,267,274,180
0561108.jpg,865,63,1069,267,275,181
0561109.jpg,865,63,1069,267,273,180
0561110.jpg,865,62,1069,266,274,181
0561111.jpg,865,61,1069,265,274,180
0561112.jpg,865,61,1069,265,274,180
0561113.jpg,865,61,1069,265,274,181
0561114.jpg,865,61,1069,265,275,180
0561115.jpg,865,61,1069,265,276,181
0561116.jpg,865,61,1069,265,277,179
0561117.jpg,864,59,1072,267,276,181
0561118.jpg,864,59,1072,267,277,181
0561119.jpg,865,59,1073,267,275,178
0561120.jpg,865,58,1073,266,277,178
0561121.jpg,865,58,1073,266,277,178
0561122.jpg,865,57,1073,265,275,178
0561123.jpg,865,57,1073,265,275,176
0561124.jpg,865,57,1073,265,275,176
0561125.jpg,865,57,1073,265,292,158
0561126.jpg,866,57,1074,265,302,162
0561127.jpg,866,56,1074,264,318,163
0561128.jpg,867,56,1075,264,322,169
0561129.jpg,867,56,1075,264,309,171
0561130.jpg,869,57,1073,261,458,188
0561131.jpg,868,57,1072,261,463,193
0561132.jpg,868,56,1072,260,483,205
0561133.jpg,868,56,1072,260,483,205
0561134.jpg,870,58,1070,258,482,203
0561135.jpg,872,58,1072,258,953,164
0561136.jpg,872,56,1076,260,955,165
0561137.jpg,876,57,1076,257,958,169
0561138.jpg,879,57,1079,257,960,168
0561139.jpg,880,57,1080,257,962,168
0561140.jpg,880,55,1084,259,964,167
0561141.jpg,880,55,1084,259,967,169
0561142.jpg,880,56,1084,260,967,170
0561143.jpg,879,56,1083,260,966,172
0561144.jpg,878,57,1082,261,966,173
0561145.jpg,878,57,1082,261,967,174
0561146.jpg,878,57,1082,261,967,174
0561147.jpg,878,57,1082,261,966,173
0561148.jpg,879,57,1083,261,968,175
0561149.jpg,879,59,1083,263,966,172
0561150.jpg,878,59,1086,267,966,170
0561151.jpg,878,59,1086,267,967,169
0561152.jpg,878,59,1086,267,968,171
0561153.jpg,877,57,1089,269,968,172
0561154.jpg,877,57,1089,269,968,171
0561155.jpg,880,58,1088,266,969,171
0561156.jpg,881,58,1089,266,971,170
0561157.jpg,882,57,1090,265,972,166
0561158.jpg,884,59,1088,263,971,166
0561159.jpg,884,59,1088,263,973,166
0561160.jpg,885,58,1089,262,973,165
0561161.jpg,887,60,1087,260,973,166
0561162.jpg,887,60,1087,260,973,168
0561163.jpg,887,60,1087,260,974,169
0561164.jpg,887,61,1087,261,973,169
0561165.jpg,885,59,1089,263,974,169
0561166.jpg,885,60,1089,264,973,169
0561167.jpg,885,60,1089,264,974,169
0561168.jpg,885,60,1089,264,973,169
0561169.jpg,885,60,1089,264,973,169
0561170.jpg,885,59,1089,263,974,170
0561171.jpg,887,60,1087,260,973,167
0561172.jpg,887,60,1087,260,973,165
0561173.jpg,889,60,1087,258,973,165
0561174.jpg,889,59,1087,257,974,165
0561175.jpg,891,61,1085,255,974,163
0561176.jpg,891,61,1085,255,974,162
0561177.jpg,891,60,1085,254,974,162
0561178.jpg,891,60,1085,254,972,162
0561179.jpg,891,60,1085,254,973,162
0561180.jpg,888,58,1086,256,972,160
0561181.jpg,887,58,1085,256,973,159
0561182.jpg,887,58,1085,256,974,160
0561183.jpg,886,57,1086,257,974,159
0561184.jpg,886,57,1086,257,973,158
0561185.jpg,886,57,1086,257,972,158
0561186.jpg,887,57,1087,257,972,155
0561187.jpg,887,57,1087,257,971,156
0561188.jpg,887,56,1087,256,972,156
0561189.jpg,887,56,1087,256,973,155
0561190.jpg,888,57,1086,255,973,155
0561191.jpg,888,57,1086,255,973,154
0561192.jpg,888,56,1086,254,972,154
0561193.jpg,888,56,1086,254,972,154
0561194.jpg,888,56,1086,254,972,155
0561195.jpg,888,56,1086,254,972,153
0561196.jpg,888,56,1086,254,973,155
0561197.jpg,888,55,1086,253,972,155
0561198.jpg,890,57,1084,251,972,156
0561199.jpg,890,57,1084,251,973,156
0561200.jpg,890,57,1084,251,973,154
0561201.jpg,890,57,1084,251,971,154
0561202.jpg,890,57,1084,251,971,154
0561203.jpg,890,57,1084,251,982,164
0561204.jpg,890,57,1084,251,458,244
0561205.jpg,890,57,1084,251,448,231
0561206.jpg,890,56,1084,250,278,151
0561207.jpg,890,56,1084,250,286,156
0561208.jpg,890,56,1084,250,279,159
0561209.jpg,891,56,1085,250,276,161
0561210.jpg,893,58,1083,248,276,162
0561211.jpg,893,57,1083,247,276,164
0561212.jpg,893,57,1083,247,277,164
0561213.jpg,892,57,1082,247,278,164
0561214.jpg,892,57,1082,247,279,165
0561215.jpg,892,56,1082,246,279,165
0561216.jpg,892,56,1082,246,281,166
0561217.jpg,891,56,1081,246,280,165
0561218.jpg,891,56,1081,246,279,165
0561219.jpg,891,57,1081,247,278,166
0561220.jpg,891,57,1081,247,277,168
0561221.jpg,890,57,1080,247,274,168
0561222.jpg,890,57,1080,247,274,167
0561223.jpg,888,55,1082,249,275,169
0561224.jpg,888,56,1082,250,273,169
0561225.jpg,888,56,1082,250,273,170
0561226.jpg,886,54,1084,252,270,171
0561227.jpg,886,54,1084,252,271,171
0561228.jpg,886,54,1084,252,273,171
0561229.jpg,886,54,1084,252,273,170
0561230.jpg,885,54,1083,252,270,171
0561231.jpg,885,54,1083,252,271,171
0561232.jpg,885,54,1083,252,239,133
0561233.jpg,887,56,1081,250,250,133
0561234.jpg,888,56,1082,250,250,133
0561235.jpg,888,56,1082,250,250,133
0561236.jpg,887,56,1081,250,249,134
0561237.jpg,887,56,1081,250,250,133
0561238.jpg,887,56,1081,250,250,133
0561239.jpg,885,54,1083,252,249,133
0561240.jpg,885,54,1083,252,251,133
0561241.jpg,885,54,1083,252,252,131
0561242.jpg,885,55,1083,253,251,132
0561243.jpg,885,55,1083,253,252,133
0561244.jpg,885,55,1083,253,251,133
0561245.jpg,885,55,1083,253,252,131
0561246.jpg,885,56,1083,254,252,131
0561247.jpg,886,56,1084,254,252,131
0561248.jpg,886,56,1084,254,268,138
0561249.jpg,886,56,1084,254,274,135
0561250.jpg,886,55,1084,253,275,133
0561251.jpg,888,57,1082,251,274,133
0561252.jpg,888,57,1082,251,275,132
0561253.jpg,888,57,1082,251,275,133
0561254.jpg,888,57,1082,251,276,134
0561255.jpg,886,56,1084,254,277,135
0561256.jpg,885,55,1085,255,276,135
0561257.jpg,885,55,1085,255,275,134
0561258.jpg,886,56,1084,254,275,134
0561259.jpg,886,56,1084,254,276,134
0561260.jpg,886,56,1084,254,277,136
0561261.jpg,886,56,1084,254,277,136
0561262.jpg,886,56,1084,254,277,134
0561263.jpg,886,57,1084,255,279,133
0561264.jpg,886,57,1084,255,277,148
0561265.jpg,887,57,1085,255,276,149
0561266.jpg,887,57,1085,255,275,149
0561267.jpg,887,57,1085,255,275,149
0561268.jpg,887,57,1085,255,274,150
0561269.jpg,887,57,1085,255,273,150
0561270.jpg,886,57,1084,255,275,150
0561271.jpg,885,56,1085,256,275,150
0561272.jpg,883,56,1083,256,272,150
0561273.jpg,883,55,1083,255,271,148
0561274.jpg,883,55,1083,255,270,147
0561275.jpg,883,55,1083,255,270,147
0561276.jpg,884,56,1082,254,270,146
0561277.jpg,884,56,1082,254,270,147
0561278.jpg,884,56,1082,254,269,149
0561279.jpg,884,56,1082,254,269,150
0561280.jpg,884,56,1082,254,270,151
0561281.jpg,884,56,1082,254,269,153
0561282.jpg,884,56,1082,254,269,154
0561283.jpg,884,56,1082,254,268,155
0561284.jpg,885,57,1083,255,267,157
0561285.jpg,886,57,1084,255,271,155
0561286.jpg,886,57,1084,255,271,155
0561287.jpg,887,57,1085,255,271,154
0561288.jpg,888,57,1086,255,271,153
0561289.jpg,888,57,1086,255,271,154
0561290.jpg,889,57,1087,255,271,154
0561291.jpg,889,58,1087,256,273,154
0561292.jpg,890,60,1088,258,272,155
0561293.jpg,890,62,1088,260,274,155
0561294.jpg,889,62,1089,262,276,155
0561295.jpg,889,62,1089,262,298,158
0561296.jpg,889,63,1089,263,443,186
0561297.jpg,889,63,1089,263,471,183
0561298.jpg,889,63,1089,263,469,182
0561299.jpg,889,63,1089,263,469,183
0561300.jpg,890,63,1090,263,470,182
0561301.jpg,890,63,1090,263,470,182
0561302.jpg,890,63,1090,263,745,181
0561303.jpg,890,63,1090,263,745,182
0561304.jpg,890,63,1090,263,745,182
0561305.jpg,888,63,1092,267,744,184
0561306.jpg,888,65,1092,269,745,187
0561307.jpg,888,66,1092,270,743,185
0561308.jpg,886,64,1094,272,743,190
0561309.jpg,886,64,1094,272,741,187
0561310.jpg,887,64,1095,272,742,188
0561311.jpg,890,66,1094,270,740,188
0561312.jpg,890,66,1094,270,739,188
0561313.jpg,890,66,1094,270,740,190
0561314.jpg,887,64,1095,272,739,188
0561315.jpg,887,64,1095,272,740,188
0561316.jpg,883,64,1091,272,739,187
0561317.jpg,880,64,1088,272,738,187
0561318.jpg,881,66,1085,270,738,187
0561319.jpg,879,66,1083,270,738,189
0561320.jpg,879,66,1083,270,739,189
0561321.jpg,879,66,1083,270,739,190
0561322.jpg,879,66,1083,270,740,189
0561323.jpg,880,67,1084,271,739,189
0561324.jpg,878,65,1086,273,739,188
0561325.jpg,878,66,1086,274,739,187
0561326.jpg,880,69,1084,273,739,188
0561327.jpg,880,82,1074,276,738,188
0561328.jpg,879,82,1073,276,738,190
0561329.jpg,879,84,1073,278,738,187
0561330.jpg,877,84,1075,282,737,188
0561331.jpg,876,83,1076,283,737,187
0561332.jpg,876,83,1076,283,738,188
0561333.jpg,876,83,1076,283,739,187
0561334.jpg,876,83,1076,283,738,190
0561335.jpg,878,82,1078,282,739,190
0561336.jpg,879,82,1077,280,738,187
0561337.jpg,879,82,1077,280,739,188
0561338.jpg,881,84,1075,278,739,187
0561339.jpg,882,84,1076,278,737,188
0561340.jpg,882,83,1076,277,738,188
0561341.jpg,882,83,1076,277,738,187
0561342.jpg,882,83,1076,277,737,188
0561343.jpg,883,83,1077,277,736,187
0561344.jpg,884,82,1078,276,736,189
0561345.jpg,883,80,1081,278,737,187
0561346.jpg,883,80,1081,278,736,187
0561347.jpg,883,80,1081,278,736,186
0561348.jpg,882,80,1080,278,737,187
0561349.jpg,882,80,1080,278,738,186
0561350.jpg,882,80,1080,278,738,185
0561351.jpg,878,71,1090,283,738,186
0561352.jpg,878,71,1090,283,737,185
0561353.jpg,878,71,1090,283,738,185
0561354.jpg,885,80,1079,274,739,186
0561355.jpg,884,81,1078,275,738,187
0561356.jpg,884,82,1078,276,738,188
0561357.jpg,884,82,1078,276,739,186
0561358.jpg,884,82,1078,276,740,188
0561359.jpg,882,80,1080,278,739,187
0561360.jpg,882,77,1080,275,739,188
0561361.jpg,879,66,1087,274,739,187
0561362.jpg,879,66,1087,274,740,188
0561363.jpg,879,65,1087,273,741,187
0561364.jpg,877,62,1085,270,740,187
0561365.jpg,878,64,1082,268,740,189
0561366.jpg,878,62,1082,266,741,187
0561367.jpg,876,59,1084,267,741,187
0561368.jpg,877,58,1085,266,741,187
0561369.jpg,880,58,1084,262,740,186
0561370.jpg,880,57,1084,261,740,186
0561371.jpg,883,59,1081,257,740,185
0561372.jpg,886,60,1080,254,741,185
0561373.jpg,885,59,1079,253,740,187
0561374.jpg,885,59,1079,253,740,187
0561375.jpg,887,61,1077,251,741,188
0561376.jpg,887,61,1077,251,741,187
0561377.jpg,887,61,1077,251,741,187
0561378.jpg,887,61,1077,251,741,186
0561379.jpg,887,60,1077,250,743,185
0561380.jpg,887,60,1077,250,742,186
0561381.jpg,889,62,1075,248,742,185
0561382.jpg,889,63,1075,249,743,186
0561383.jpg,890,63,1076,249,744,187
0561384.jpg,890,63,1076,249,744,188
0561385.jpg,893,65,1075,247,744,186
0561386.jpg,894,65,1076,247,744,186
0561387.jpg,895,66,1075,246,743,187
0561388.jpg,895,65,1075,245,743,187
0561389.jpg,896,65,1076,245,743,187
0561390.jpg,896,64,1076,244,744,187
0561391.jpg,897,64,1077,244,745,188
0561392.jpg,896,63,1078,245,789,328
0561393.jpg,897,63,1079,245,442,301
0561394.jpg,897,63,1079,245,268,156
0561395.jpg,898,63,1078,243,280,146
0561396.jpg,898,63,1078,243,283,143
0561397.jpg,898,63,1078,243,285,140
0561398.jpg,898,63,1078,243,288,141
0561399.jpg,898,62,1078,242,291,141
0561400.jpg,898,62,1078,242,291,142
0561401.jpg,898,61,1078,241,290,142
0561402.jpg,900,61,1080,241,289,141
0561403.jpg,903,63,1079,239,288,142
0561404.jpg,903,61,1083,241,285,142
0561405.jpg,904,61,1084,241,285,142
0561406.jpg,905,60,1087,242,283,142
0561407.jpg,905,60,1087,242,283,144
0561408.jpg,906,60,1088,242,284,145
0561409.jpg,907,60,1089,242,283,147
0561410.jpg,907,56,1097,246,281,147
0561411.jpg,907,57,1097,247,282,148
0561412.jpg,908,57,1098,247,282,149
0561413.jpg,908,57,1098,247,280,149
0561414.jpg,907,55,1101,249,280,150
0561415.jpg,907,53,1105,251,280,149
0561416.jpg,907,53,1105,251,280,150
0561417.jpg,907,53,1105,251,281,149
0561418.jpg,907,53,1105,251,281,150
0561419.jpg,907,54,1105,252,281,149
0561420.jpg,906,54,1104,252,280,151
0561421.jpg,906,54,1104,252,281,152
0561422.jpg,906,54,1104,252,280,152
0561423.jpg,906,54,1104,252,280,152
0561424.jpg,906,54,1104,252,281,152
0561425.jpg,906,54,1104,252,280,150
0561426.jpg,906,54,1104,252,280,150
0561427.jpg,907,56,1101,250,281,151
0561428.jpg,906,56,1100,250,280,151
0561429.jpg,906,56,1100,250,281,150
0561430.jpg,906,56,1100,250,282,151
0561431.jpg,906,56,1100,250,280,153
0561432.jpg,906,56,1100,250,281,153
0561433.jpg,906,56,1100,250,281,153
0561434.jpg,906,56,1100,250,282,152
0561435.jpg,906,56,1100,250,281,153
0561436.jpg,906,56,1100,250,281,154
0561437.jpg,906,56,1100,250,282,154
0561438.jpg,905,57,1099,251,282,153
0561439.jpg,904,61,1090,247,283,152
0561440.jpg,904,60,1090,246,282,151
0561441.jpg,903,60,1089,246,282,152
0561442.jpg,903,60,1089,246,282,151
0561443.jpg,902,60,1088,246,282,152
0561444.jpg,899,57,1089,247,282,151
0561445.jpg,899,57,1089,247,282,152
0561446.jpg,898,57,1088,247,282,153
0561447.jpg,898,57,1088,247,282,152
0561448.jpg,898,58,1088,248,282,153
0561449.jpg,897,59,1087,249,281,151
0561450.jpg,894,59,1088,253,280,152
0561451.jpg,894,60,1088,254,279,151
0561452.jpg,893,61,1087,255,280,152
0561453.jpg,892,61,1086,255,279,151
0561454.jpg,892,61,1086,255,279,151
0561455.jpg,891,61,1085,255,279,150
0561456.jpg,891,60,1085,254,278,151
0561457.jpg,891,60,1085,254,278,152
0561458.jpg,891,60,1085,254,278,151
0561459.jpg,891,60,1085,254,278,152
0561460.jpg,888,59,1086,257,278,151
0561461.jpg,887,59,1087,259,280,151
0561462.jpg,886,59,1086,259,280,152
0561463.jpg,886,59,1086,259,281,152
0561464.jpg,886,59,1086,259,281,152
0561465.jpg,887,59,1087,259,281,153
0561466.jpg,888,59,1086,257,282,152
0561467.jpg,888,59,1086,257,281,154
0561468.jpg,888,59,1086,257,281,153
0561469.jpg,888,59,1086,257,280,154
0561470.jpg,888,59,1086,257,279,153
0561471.jpg,888,60,1086,258,279,154
0561472.jpg,887,61,1085,259,277,156
0561473.jpg,886,60,1086,260,278,155
0561474.jpg,886,60,1086,260,278,155
0561475.jpg,886,60,1086,260,277,155
0561476.jpg,886,59,1086,259,277,154
0561477.jpg,886,59,1086,259,276,154
0561478.jpg,887,60,1085,258,276,154
0561479.jpg,887,60,1085,258,278,155
0561480.jpg,887,60,1085,258,276,154
0561481.jpg,886,59,1086,259,277,155
0561482.jpg,886,59,1086,259,276,155
0561483.jpg,885,59,1085,259,275,155
0561484.jpg,885,59,1085,259,275,154
0562000.jpg,174,88,368,282,514,189
0562001.jpg,174,88,368,282,513,189
0562002.jpg,174,89,368,283,512,191
0562003.jpg,172,88,370,286,511,192
0562004.jpg,172,88,370,286,511,191
0562005.jpg,171,89,369,287,510,192
0562006.jpg,167,87,371,291,509,194
0562007.jpg,166,87,370,291,509,195
0562008.jpg,166,87,370,291,508,193
0562009.jpg,165,87,369,291,506,193
0562010.jpg,165,86,369,290,507,192
0562011.jpg,167,87,367,287,506,192
0562012.jpg,167,86,367,286,505,192
0562013.jpg,167,86,367,286,504,191
0562014.jpg,167,86,367,286,504,192
0562015.jpg,167,86,367,286,504,192
0562016.jpg,167,86,367,286,504,192
0562017.jpg,167,86,367,286,504,192
0562018.jpg,168,86,368,286,504,190
0562019.jpg,170,86,368,284,503,190
0562020.jpg,170,85,368,283,503,191
0562021.jpg,171,85,369,283,504,191
0562022.jpg,171,85,369,283,505,191
0562023.jpg,173,87,367,281,506,189
0562024.jpg,173,85,367,279,506,189
0562025.jpg,175,85,365,275,505,189
0562026.jpg,174,81,364,271,506,190
0562027.jpg,174,77,364,267,505,189
0562028.jpg,176,77,362,263,507,190
0562029.jpg,177,74,363,260,508,190
0562030.jpg,178,74,364,260,507,188
0562031.jpg,179,74,365,260,507,189
0562032.jpg,179,74,365,260,506,188
0562033.jpg,179,74,365,260,506,188
0562034.jpg,179,75,365,261,505,189
0562035.jpg,178,76,364,262,506,190
0562036.jpg,178,78,364,264,504,188
0562037.jpg,177,80,363,266,505,188
0562038.jpg,177,83,363,269,505,189
0562039.jpg,173,81,367,275,505,189
0562040.jpg,171,82,369,280,504,189
0562041.jpg,169,84,369,284,505,189
0562042.jpg,169,85,369,285,505,190
0562043.jpg,166,85,370,289,506,190
0562044.jpg,166,86,370,290,505,189
0562045.jpg,166,87,370,291,503,189
0562046.jpg,166,87,370,291,503,189
0562047.jpg,164,85,372,293,504,190
0562048.jpg,164,86,372,294,504,190
0562049.jpg,164,86,372,294,503,190
0562050.jpg,164,86,372,294,503,190
0562051.jpg,164,87,372,295,502,190
0562052.jpg,165,87,373,295,502,191
0562053.jpg,165,87,373,295,503,191
0562054.jpg,165,87,373,295,503,191
0562055.jpg,165,87,373,295,498,245
0562056.jpg,165,87,373,295,508,204
0562057.jpg,165,87,373,295,553,186
0562058.jpg,165,86,373,294,548,189
0562059.jpg,165,86,373,294,546,190
0562060.jpg,165,86,373,294,545,190
0562061.jpg,165,86,373,294,547,189
0562062.jpg,167,88,371,292,547,190
0562063.jpg,167,87,371,291,547,190
0562064.jpg,167,87,371,291,548,189
0562065.jpg,167,86,371,290,548,190
0562066.jpg,167,86,371,290,546,189
0562067.jpg,167,86,371,290,547,189
0562068.jpg,167,86,371,290,546,190
0562069.jpg,167,86,371,290,546,190
0562070.jpg,167,86,371,290,546,190
0562071.jpg,167,86,371,290,563,178
0562072.jpg,168,86,372,290,564,179
0562073.jpg,168,86,372,290,563,181
0562074.jpg,170,87,370,287,563,180
0562075.jpg,170,88,370,288,548,178
0562076.jpg,170,88,370,288,508,190
0562077.jpg,170,88,370,288,512,192
0562078.jpg,170,88,370,288,512,190
0562079.jpg,170,88,370,288,512,190
0562080.jpg,170,88,370,288,510,191
0562081.jpg,171,88,371,288,511,190
0562082.jpg,171,88,371,288,510,191
0562083.jpg,171,88,371,288,510,190
0562084.jpg,171,88,371,288,512,190
0562085.jpg,171,88,371,288,461,231
0562086.jpg,171,88,371,288,466,232
0562087.jpg,171,88,371,288,465,233
0562088.jpg,171,88,371,288,466,232
0562089.jpg,171,88,371,288,465,233
0562090.jpg,171,88,371,288,468,232
0562091.jpg,171,88,371,288,467,233
0562092.jpg,171,88,371,288,468,233
0562093.jpg,171,88,371,288,467,232
0562094.jpg,171,88,371,288,467,231
0562095.jpg,171,88,371,288,467,232
0562096.jpg,171,87,371,287,468,232
0562097.jpg,171,87,371,287,467,232
0562098.jpg,171,87,371,287,467,230
0562099.jpg,172,88,370,286,468,231
0562100.jpg,172,88,370,286,468,232
0562101.jpg,172,87,370,285,469,232
0562102.jpg,172,87,370,285,470,231
0562103.jpg,172,87,370,285,471,232
0562104.jpg,172,87,370,285,472,232
0562105.jpg,172,87,370,285,471,231
0562106.jpg,172,86,370,284,471,232
0562107.jpg,175,88,369,282,472,232
0562108.jpg,175,86,369,280,509,185
0562109.jpg,175,86,369,280,514,188
0562110.jpg,175,86,369,280,515,189
0562111.jpg,175,86,369,280,516,190
0562112.jpg,176,86,370,280,518,191
0562113.jpg,176,86,370,280,518,190
0562114.jpg,176,86,370,280,518,191
0562115.jpg,176,86,370,280,520,191
0562116.jpg,176,85,370,279,522,192
0562117.jpg,178,86,368,276,521,192
0562118.jpg,178,86,368,276,522,192
0562119.jpg,178,86,368,276,521,192
0562120.jpg,178,85,368,275,520,192
0562121.jpg,178,85,368,275,522,191
0562122.jpg,178,84,368,274,521,191
0562123.jpg,178,84,368,274,522,192
0562124.jpg,178,84,368,274,523,192
0562125.jpg,178,84,368,274,522,190
0562126.jpg,178,84,368,274,524,192
0562127.jpg,178,83,368,273,524,191
0562128.jpg,178,82,368,272,525,191
0562129.jpg,178,82,368,272,525,191
0562130.jpg,178,82,368,272,524,190
0562131.jpg,179,81,369,271,523,191
0562132.jpg,180,81,370,271,523,191
0562133.jpg,186,80,376,270,523,191
0562134.jpg,187,80,377,270,524,191
0562135.jpg,188,80,378,270,524,191
0562136.jpg,188,80,378,270,523,191
0562137.jpg,188,81,378,271,524,191
0562138.jpg,186,79,380,273,524,192
0562139.jpg,184,78,382,276,524,191
0562140.jpg,184,79,382,277,523,192
0562141.jpg,184,79,382,277,522,192
0562142.jpg,183,78,383,278,522,191
0562143.jpg,184,79,384,279,522,193
0562144.jpg,184,79,384,279,521,193
0562145.jpg,185,79,385,279,522,192
0562146.jpg,185,78,385,278,522,192
0562147.jpg,186,78,386,278,523,192
0562148.jpg,187,78,387,278,522,193
0562149.jpg,189,77,389,277,524,194
0562150.jpg,191,77,389,275,524,194
0562151.jpg,192,76,390,274,524,194
0562152.jpg,193,76,391,274,524,193
0562153.jpg,194,76,392,274,524,194
0562154.jpg,194,76,392,274,523,193
0562155.jpg,194,76,392,274,522,193
0562156.jpg,195,78,389,272,523,193
0562157.jpg,194,77,388,271,523,193
0562158.jpg,194,77,388,271,523,193
0562159.jpg,194,77,388,271,524,194
0562160.jpg,193,77,387,271,525,194
0562161.jpg,191,77,385,271,524,193
0562162.jpg,191,77,385,271,525,194
0562163.jpg,190,77,384,271,525,193
0562164.jpg,190,77,384,271,525,194
0562165.jpg,190,77,384,271,524,194
0562166.jpg,190,76,384,270,524,194
0562167.jpg,190,76,384,270,524,194
0562168.jpg,190,76,384,270,525,194
0562169.jpg,190,76,384,270,523,192
0562170.jpg,190,76,384,270,524,193
0562171.jpg,190,75,384,269,524,193
0562172.jpg,189,75,383,269,525,191
0562173.jpg,189,74,383,268,525,192
0562174.jpg,189,74,383,268,525,191
0562175.jpg,189,74,383,268,526,191
0562176.jpg,189,74,383,268,526,191
0562177.jpg,189,74,383,268,524,191
0562178.jpg,189,74,383,268,525,191
0562179.jpg,189,74,383,268,525,191
0562180.jpg,188,73,382,267,527,190
0562181.jpg,188,73,382,267,526,190
0562182.jpg,188,72,382,266,526,190
0562183.jpg,188,72,382,266,525,189
0562184.jpg,188,72,382,266,525,188
0562185.jpg,185,69,385,269,526,188
0562186.jpg,185,68,385,268,526,186
0562187.jpg,182,66,386,270,526,186
0562188.jpg,184,68,384,268,526,187
0562189.jpg,184,68,384,268,526,187
0562190.jpg,184,68,384,268,525,187
0562191.jpg,184,68,384,268,526,186
0562192.jpg,183,66,383,266,526,187
0562193.jpg,183,66,383,266,525,187
0562194.jpg,183,66,383,266,525,186
0562195.jpg,183,66,383,266,526,187
0562196.jpg,184,67,382,265,525,186
0562197.jpg,184,66,382,264,526,185
0562198.jpg,184,65,382,263,526,185
0562199.jpg,184,65,382,263,525,185
0562200.jpg,184,65,382,263,525,184
0562201.jpg,184,65,382,263,524,184
0562202.jpg,184,65,382,263,524,184
0562203.jpg,184,65,382,263,524,185
0562204.jpg,182,64,380,262,523,184
0562205.jpg,182,62,380,260,524,183
0562206.jpg,186,60,376,250,523,183
0562207.jpg,182,61,368,247,522,183
0562208.jpg,182,58,368,244,521,183
0562209.jpg,182,58,368,244,521,183
0562210.jpg,182,57,368,243,521,183
0562211.jpg,182,57,368,243,521,183
0562212.jpg,182,57,368,243,521,183
0562213.jpg,182,57,368,243,520,182
0562214.jpg,182,57,368,243,519,182
0562215.jpg,182,58,368,244,519,182
0562216.jpg,182,59,368,245,520,182
0562217.jpg,182,59,368,245,521,183
0562218.jpg,182,60,368,246,521,183
0562219.jpg,181,61,367,247,520,184
0562220.jpg,181,63,367,249,520,184
0562221.jpg,178,62,368,252,519,183
0562222.jpg,177,64,367,254,520,184
0562223.jpg,177,65,367,255,519,185
0562224.jpg,177,65,367,255,519,176
0562225.jpg,177,65,367,255,541,173
0562226.jpg,174,64,368,258,565,174
0562227.jpg,174,64,368,258,732,162
0562228.jpg,173,64,367,258,790,159
0562229.jpg,171,62,369,260,970,150
0562230.jpg,171,62,369,260,969,150
0562231.jpg,171,63,369,261,967,149
0562232.jpg,171,63,369,261,968,149
0562233.jpg,171,63,369,261,969,151
0562234.jpg,171,63,369,261,968,151
0562235.jpg,171,63,369,261,969,150
0562236.jpg,171,63,369,261,969,151
0562237.jpg,171,63,369,261,968,152
0562238.jpg,171,63,369,261,970,151
0562239.jpg,171,63,369,261,969,151
0562240.jpg,171,63,369,261,970,151
0562241.jpg,171,63,369,261,970,150
0562242.jpg,171,63,369,261,968,152
0562243.jpg,171,63,369,261,969,152
0562244.jpg,171,62,369,260,968,151
0562245.jpg,171,62,369,260,969,152
0562246.jpg,171,62,369,260,970,152
0562247.jpg,171,62,369,260,969,150
0562248.jpg,171,62,369,260,970,150
0562249.jpg,171,61,369,259,971,150
0562250.jpg,174,63,368,257,970,151
0562251.jpg,174,63,368,257,971,151
0562252.jpg,174,63,368,257,970,150
0562253.jpg,174,63,368,257,970,155
0562254.jpg,174,63,368,257,970,154
0562255.jpg,174,64,368,258,970,155
0562256.jpg,174,65,368,259,970,152
0562257.jpg,172,63,370,261,971,152
0562258.jpg,172,63,370,261,972,152
0562259.jpg,172,63,370,261,970,153
0562260.jpg,172,63,370,261,969,153
0562261.jpg,172,63,370,261,970,153
0562262.jpg,175,65,369,259,947,180
0562263.jpg,176,64,370,258,1021,282
0562264.jpg,178,66,368,256,591,177
0562265.jpg,178,66,368,256,537,175
0562266.jpg,178,66,368,256,539,177
0562267.jpg,178,66,368,256,537,177
0562268.jpg,177,66,367,256,533,179
0562269.jpg,177,66,367,256,532,177
0562270.jpg,178,66,368,256,531,177
0562271.jpg,178,66,368,256,529,177
0562272.jpg,178,65,368,255,526,176
0562273.jpg,178,63,368,253,527,175
0562274.jpg,180,65,366,251,526,173
0562275.jpg,180,65,366,251,525,172
0562276.jpg,179,65,365,251,524,170
0562277.jpg,177,63,367,253,524,170
0562278.jpg,177,64,367,254,526,172
0562279.jpg,177,66,367,256,527,173
0562280.jpg,175,66,369,260,526,174
0562281.jpg,173,65,371,263,528,176
0562282.jpg,172,67,372,267,528,178
0562283.jpg,172,67,372,267,526,179
0562284.jpg,172,67,372,267,526,181
0562285.jpg,172,67,372,267,523,182
0562286.jpg,173,67,371,265,526,182
0562287.jpg,174,67,372,265,525,184
0562288.jpg,174,67,372,265,527,184
0562289.jpg,174,67,372,265,529,183
0562290.jpg,174,66,372,264,528,182
0562291.jpg,174,66,372,264,529,184
0562292.jpg,174,67,372,265,525,186
0562293.jpg,176,67,374,265,527,186
0562294.jpg,178,66,376,264,526,187
0562295.jpg,182,66,380,264,527,188
0562296.jpg,184,66,382,264,528,187
0562297.jpg,185,66,383,264,527,187
0562298.jpg,185,66,383,264,528,188
0562299.jpg,186,66,384,264,527,188
0562300.jpg,188,68,382,262,528,189
0562301.jpg,188,67,382,261,529,189
0562302.jpg,189,67,383,261,528,190
0562303.jpg,189,67,383,261,528,190
0562304.jpg,189,67,383,261,529,189
0562305.jpg,193,70,379,256,530,189
0562306.jpg,191,70,377,256,529,192
0562307.jpg,190,70,376,256,531,194
0562308.jpg,192,73,372,253,529,194
0562309.jpg,191,73,371,253,530,194
0562310.jpg,185,74,365,254,531,192
0562311.jpg,185,74,365,254,531,192
0562312.jpg,184,75,364,255,530,193
0562313.jpg,183,75,365,257,531,193
0562314.jpg,183,75,365,257,531,192
0562315.jpg,180,74,366,260,532,193
0562316.jpg,179,75,365,261,530,193
0562317.jpg,180,76,366,262,531,193
0562318.jpg,180,77,366,263,531,194
0562319.jpg,180,77,366,263,530,194
0562320.jpg,180,77,366,263,532,194
0562321.jpg,180,77,366,263,531,194
0562322.jpg,180,77,366,263,532,194
0562323.jpg,178,75,368,265,532,193
0562324.jpg,179,75,369,265,533,192
0562325.jpg,179,75,369,265,533,190
0562326.jpg,186,75,376,265,533,190
0562327.jpg,187,75,377,265,533,190
0562328.jpg,187,75,377,265,532,190
0562329.jpg,185,73,379,267,532,190
0562330.jpg,185,73,379,267,532,190
0562331.jpg,185,73,379,267,533,191
0562332.jpg,187,75,377,265,532,192
0562333.jpg,187,75,377,265,532,191
0562334.jpg,187,75,377,265,533,191
0562335.jpg,187,75,377,265,531,192
0562336.jpg,182,69,382,269,532,191
0562337.jpg,182,69,382,269,533,190
0562338.jpg,182,69,382,269,531,190
0562339.jpg,182,69,382,269,532,189
0562340.jpg,182,69,382,269,532,189
0562341.jpg,185,73,379,267,532,190
0562342.jpg,185,73,379,267,532,190
0562343.jpg,187,75,377,265,531,190
0562344.jpg,187,75,377,265,531,190
0562345.jpg,185,73,379,267,530,190
0562346.jpg,186,73,380,267,530,190
0562347.jpg,186,73,380,267,529,190
0562348.jpg,186,73,380,267,530,191
0562349.jpg,187,73,381,267,531,190
0562350.jpg,187,73,381,267,530,190
0562351.jpg,186,71,384,269,530,190
0562352.jpg,186,71,384,269,531,190
0562353.jpg,187,71,385,269,530,189
0562354.jpg,187,71,385,269,531,189
0562355.jpg,187,71,385,269,530,190
0562356.jpg,187,71,385,269,529,189
0562357.jpg,187,71,385,269,529,189
0562358.jpg,188,71,386,269,530,189
0562359.jpg,188,71,386,269,530,190
0562360.jpg,183,66,391,274,531,189
0562361.jpg,184,66,392,274,531,190
0562362.jpg,184,66,392,274,530,189
0562363.jpg,184,66,392,274,531,190
0562364.jpg,184,66,392,274,530,189
0562365.jpg,184,66,392,274,531,189
0562366.jpg,184,66,392,274,532,190
0562367.jpg,184,66,392,274,502,179
0562368.jpg,185,66,393,274,531,167
0562369.jpg,189,70,389,270,558,176
0562370.jpg,189,70,389,270,553,180
0562371.jpg,189,70,389,270,553,179
0562372.jpg,190,70,390,270,554,180
0562373.jpg,190,70,390,270,552,181
0562374.jpg,190,70,390,270,553,181
0562375.jpg,189,70,389,270,553,182
0562376.jpg,189,70,389,270,554,182
0562377.jpg,189,70,389,270,555,180
0562378.jpg,190,70,390,270,555,181
0562379.jpg,190,70,390,270,554,182
0562380.jpg,185,64,397,276,554,181
0562381.jpg,187,67,395,275,555,181
0562382.jpg,187,67,395,275,556,182
0562383.jpg,185,65,397,277,555,182
0562384.jpg,185,65,397,277,556,182
0562385.jpg,185,65,397,277,556,180
0562386.jpg,185,65,397,277,555,182
0562387.jpg,185,65,397,277,555,183
0562388.jpg,185,65,397,277,555,182
0562389.jpg,185,65,397,277,556,182
0562390.jpg,184,65,396,277,556,182
0562391.jpg,184,64,396,276,554,180
0562392.jpg,184,64,396,276,554,181
0562393.jpg,186,66,390,270,555,181
0562394.jpg,184,62,388,266,555,182
0562395.jpg,186,60,384,258,556,180
0562396.jpg,190,60,380,250,556,181
0562397.jpg,193,59,379,245,510,215
0562398.jpg,198,61,378,241,525,215
0562399.jpg,199,61,379,241,513,181
0562400.jpg,199,61,379,241,521,183
0562401.jpg,201,63,377,239,521,182
0562402.jpg,200,64,376,240,520,183
0562403.jpg,197,65,373,241,522,183
0562404.jpg,196,65,372,241,521,182
0562405.jpg,196,66,372,242,521,182
0562406.jpg,193,66,373,246,520,184
0562407.jpg,192,68,372,248,521,183
0562408.jpg,189,70,369,250,520,184
0562409.jpg,188,71,370,253,521,184
0562410.jpg,188,72,370,254,520,183
0562411.jpg,188,72,370,254,521,184
0562412.jpg,188,72,370,254,521,184
0562413.jpg,189,74,369,254,522,183
0562414.jpg,189,76,369,256,521,183
0562415.jpg,190,77,370,257,523,183
0562416.jpg,190,77,370,257,521,182
0562417.jpg,190,77,370,257,521,184
0562418.jpg,189,76,371,258,521,183
0562419.jpg,190,76,372,258,523,183
0562420.jpg,189,74,375,260,522,183
0562421.jpg,190,75,376,261,524,184
0562422.jpg,191,75,377,261,523,183
0562423.jpg,191,75,377,261,522,183
0562424.jpg,189,73,379,263,523,183
0562425.jpg,190,73,380,263,523,183
0562426.jpg,190,73,380,263,523,182
0562427.jpg,190,73,380,263,523,181
0562428.jpg,190,73,380,263,523,182
0562429.jpg,190,73,380,263,523,183
0562430.jpg,190,74,380,264,524,183
0562431.jpg,190,74,380,264,524,184
0562432.jpg,191,75,381,265,525,183
0562433.jpg,191,75,381,265,525,184
0562434.jpg,191,75,381,265,525,184
0562435.jpg,189,73,383,267,523,185
0562436.jpg,190,73,384,267,522,185
0562437.jpg,190,73,384,267,522,185
0562438.jpg,190,73,384,267,522,184
0562439.jpg,190,72,384,266,523,184
0562440.jpg,190,72,384,266,523,184
0562441.jpg,190,72,384,266,524,185
0562442.jpg,190,72,384,266,524,184
0562443.jpg,190,72,384,266,523,185
0562444.jpg,189,72,383,266,525,185
0562445.jpg,189,72,383,266,524,186
0562446.jpg,189,72,383,266,511,186
0562447.jpg,188,72,382,266,467,200
0562448.jpg,188,72,382,266,464,203
0562449.jpg,188,72,382,266,465,204
0562450.jpg,189,74,379,264,466,205
0562451.jpg,189,74,379,264,466,204
0562452.jpg,189,74,379,264,464,203
0562453.jpg,189,74,379,264,464,205
0562454.jpg,189,74,379,264,465,205
0562455.jpg,189,74,379,264,464,206
0562456.jpg,188,74,378,264,464,205
0562457.jpg,188,75,378,265,465,204
0562458.jpg,188,75,378,265,464,205
0562459.jpg,188,75,378,265,465,206
0562460.jpg,188,75,378,265,464,205
0562461.jpg,189,75,379,265,465,205
0562462.jpg,187,73,381,267,464,204
0562463.jpg,187,73,381,267,465,206
0562464.jpg,188,73,382,267,465,204
0562465.jpg,188,73,382,267,502,188
0562466.jpg,188,73,382,267,509,190
0562467.jpg,188,73,382,267,510,191
0562468.jpg,188,73,382,267,511,190
0562469.jpg,189,77,379,267,511,191
0562470.jpg,189,77,379,267,511,190
0562471.jpg,189,77,379,267,510,190
0562472.jpg,189,78,379,268,511,191
0562473.jpg,188,78,378,268,508,190
0562474.jpg,190,80,376,266,510,190
0562475.jpg,188,80,374,266,509,190
0562476.jpg,188,80,374,266,509,189
0562477.jpg,188,80,374,266,509,190
0562478.jpg,188,80,374,266,514,186
0562479.jpg,189,80,375,266,523,188
0562480.jpg,187,78,377,268,524,188
0562481.jpg,187,78,377,268,523,189
0562482.jpg,186,78,376,268,523,187
0562483.jpg,188,80,374,266,523,188
0562484.jpg,188,80,374,266,524,188
0563000.jpg,630,101,830,301,733,189
0563001.jpg,630,102,830,302,730,191
0563002.jpg,630,102,830,302,728,192
0563003.jpg,629,103,829,303,726,193
0563004.jpg,628,103,828,303,725,193
0563005.jpg,626,103,826,303,723,194
0563006.jpg,625,104,825,304,722,193
0563007.jpg,624,104,824,304,723,193
0563008.jpg,624,104,824,304,721,194
0563009.jpg,624,104,824,304,719,195
0563010.jpg,623,104,823,304,720,194
0563011.jpg,624,105,822,303,721,193
0563012.jpg,624,104,822,302,720,192
0563013.jpg,624,104,822,302,719,193
0563014.jpg,623,104,821,302,719,193
0563015.jpg,623,103,821,301,719,192
0563016.jpg,623,103,821,301,717,193
0563017.jpg,623,103,821,301,718,192
0563018.jpg,623,101,821,299,719,192
0563019.jpg,623,100,823,300,721,190
0563020.jpg,624,100,824,300,719,191
0563021.jpg,624,100,824,300,719,191
0563022.jpg,625,99,825,299,720,190
0563023.jpg,625,99,825,299,721,190
0563024.jpg,625,99,825,299,723,190
0563025.jpg,626,99,826,299,722,190
0563026.jpg,626,99,826,299,721,189
0563027.jpg,626,98,826,298,722,189
0563028.jpg,627,98,827,298,723,190
0563029.jpg,627,98,827,298,722,189
0563030.jpg,627,98,827,298,723,190
0563031.jpg,628,98,828,298,722,188
0563032.jpg,628,98,828,298,723,189
0563033.jpg,628,98,828,298,723,188
0563034.jpg,628,98,828,298,723,188
0563035.jpg,628,98,828,298,723,189
0563036.jpg,628,98,828,298,723,190
0563037.jpg,629,99,829,299,724,188
0563038.jpg,629,99,829,299,725,189
0563039.jpg,629,99,829,299,723,189
0563040.jpg,629,99,829,299,724,189
0563041.jpg,629,99,829,299,723,189
0563042.jpg,629,99,829,299,724,190
0563043.jpg,628,99,828,299,724,189
0563044.jpg,628,99,828,299,724,189
0563045.jpg,626,97,830,301,723,189
0563046.jpg,626,97,830,301,722,190
0563047.jpg,628,100,828,300,722,191
0563048.jpg,626,98,830,302,722,191
0563049.jpg,626,98,830,302,722,190
0563050.jpg,626,99,830,303,723,191
0563051.jpg,626,99,830,303,722,191
0563052.jpg,626,99,830,303,722,191
0563053.jpg,626,99,830,303,722,190
0563054.jpg,626,99,830,303,722,190
0563055.jpg,626,99,830,303,723,190
0563056.jpg,627,99,831,303,723,190
0563057.jpg,627,99,831,303,723,190
0563058.jpg,627,98,831,302,723,190
0563059.jpg,627,98,831,302,722,191
0563060.jpg,627,98,831,302,721,191
0563061.jpg,627,98,831,302,722,190
0563062.jpg,627,98,831,302,721,190
0563063.jpg,629,100,829,300,722,191
0563064.jpg,629,100,829,300,721,190
0563065.jpg,629,99,829,299,721,188
0563066.jpg,629,98,829,298,722,189
0563067.jpg,630,98,830,298,734,186
0563068.jpg,630,98,830,298,733,187
0563069.jpg,630,98,830,298,734,186
0563070.jpg,631,98,829,296,734,186
0563071.jpg,631,98,829,296,733,187
0563072.jpg,631,97,829,295,734,186
0563073.jpg,631,97,829,295,734,187
0563074.jpg,631,97,829,295,734,186
0563075.jpg,631,97,829,295,734,185
0563076.jpg,632,97,830,295,735,185
0563077.jpg,633,97,831,295,734,185
0563078.jpg,633,97,831,295,734,184
0563079.jpg,633,97,831,295,735,184
0563080.jpg,633,97,831,295,734,184
0563081.jpg,633,97,831,295,736,184
0563082.jpg,634,97,832,295,736,185
0563083.jpg,634,97,832,295,736,185
0563084.jpg,636,99,830,293,736,186
0563085.jpg,636,99,830,293,737,185
0563086.jpg,637,99,831,293,737,183
0563087.jpg,640,101,830,291,737,183
0563088.jpg,641,100,831,290,737,183
0563089.jpg,641,99,831,289,739,182
0563090.jpg,642,99,832,289,739,182
0563091.jpg,643,99,833,289,740,183
0563092.jpg,643,99,833,289,740,181
0563093.jpg,643,99,833,289,740,182
0563094.jpg,643,99,833,289,741,181
0563095.jpg,634,89,838,293,740,181
0563096.jpg,634,89,838,293,740,181
0563097.jpg,634,89,838,293,741,181
0563098.jpg,634,89,838,293,741,181
0563099.jpg,634,89,838,293,740,180
0563100.jpg,635,89,839,293,740,180
0563101.jpg,635,89,839,293,740,180
0563102.jpg,635,88,839,292,740,180
0563103.jpg,633,86,841,294,741,179
0563104.jpg,635,87,839,291,740,179
0563105.jpg,635,87,839,291,740,179
0563106.jpg,636,87,840,291,741,179
0563107.jpg,634,85,842,293,741,178
0563108.jpg,634,85,842,293,742,179
0563109.jpg,634,85,842,293,742,178
0563110.jpg,634,85,842,293,742,178
0563111.jpg,634,85,842,293,743,178
0563112.jpg,634,85,842,293,743,178
0563113.jpg,634,85,842,293,742,177
0563114.jpg,634,85,842,293,742,177
0563115.jpg,635,84,843,292,744,176
0563116.jpg,636,83,844,291,743,176
0563117.jpg,636,83,844,291,744,175
0563118.jpg,636,83,844,291,745,176
0563119.jpg,636,83,844,291,744,175
0563120.jpg,637,83,845,291,744,176
0563121.jpg,637,83,845,291,744,176
0563122.jpg,639,85,843,289,745,175
0563123.jpg,639,85,843,289,744,176
0563124.jpg,639,85,843,289,744,175
0563125.jpg,639,85,843,289,744,177
0563126.jpg,639,85,843,289,744,176
0563127.jpg,640,85,844,289,743,176
0563128.jpg,640,85,844,289,744,177
0563129.jpg,640,85,844,289,743,176
0563130.jpg,638,83,846,291,744,177
0563131.jpg,637,83,845,291,743,175
0563132.jpg,637,83,845,291,745,175
0563133.jpg,637,83,845,291,744,175
0563134.jpg,637,83,845,291,744,175
0563135.jpg,637,83,845,291,743,175
0563136.jpg,637,83,845,291,743,175
0563137.jpg,636,83,844,291,744,175
0563138.jpg,636,83,844,291,743,175
0563139.jpg,636,83,844,291,744,175
0563140.jpg,635,83,843,291,743,175
0563141.jpg,635,83,843,291,743,176
0563142.jpg,635,83,843,291,743,175
0563143.jpg,634,83,842,291,741,177
0563144.jpg,636,85,840,289,742,176
0563145.jpg,636,85,840,289,741,176
0563146.jpg,636,85,840,289,741,176
0563147.jpg,636,85,840,289,740,176
0563148.jpg,636,85,840,289,742,178
0563149.jpg,636,85,840,289,742,177
0563150.jpg,637,85,841,289,741,177
0563151.jpg,637,85,841,289,742,178
0563152.jpg,637,86,841,290,742,179
0563153.jpg,638,86,842,290,741,179
0563154.jpg,636,84,844,292,743,177
0563155.jpg,636,84,844,292,743,177
0563156.jpg,637,83,845,291,744,177
0563157.jpg,637,83,845,291,745,177
0563158.jpg,638,83,846,291,746,177
0563159.jpg,641,84,845,288,746,177
0563160.jpg,641,84,845,288,746,177
0563161.jpg,642,84,846,288,747,177
0563162.jpg,643,84,847,288,747,177
0563163.jpg,643,84,847,288,747,178
0563164.jpg,644,84,848,288,749,177
0563165.jpg,644,84,848,288,748,177
0563166.jpg,645,84,849,288,748,177
0563167.jpg,645,85,849,289,750,176
0563168.jpg,645,85,849,289,750,177
0563169.jpg,646,85,850,289,750,176
0563170.jpg,646,85,850,289,750,177
0563171.jpg,648,87,848,287,750,176
0563172.jpg,648,86,848,286,749,176
0563173.jpg,648,85,848,285,750,175
0563174.jpg,648,85,848,285,750,175
0563175.jpg,648,85,848,285,748,175
0563176.jpg,648,85,848,285,748,174
0563177.jpg,648,86,846,284,748,173
0563178.jpg,647,85,845,283,748,173
0563179.jpg,646,85,844,283,746,174
0563180.jpg,646,84,844,282,746,174
0563181.jpg,645,84,843,282,746,174
0563182.jpg,644,84,842,282,746,173
0563183.jpg,643,82,843,282,746,173
0563184.jpg,643,82,843,282,746,173
0563185.jpg,643,82,843,282,746,172
0563186.jpg,642,82,842,282,744,171
0563187.jpg,642,81,842,281,744,171
0563188.jpg,643,82,841,280,745,172
0563189.jpg,642,82,840,280,745,172
0563190.jpg,642,81,840,279,743,172
0563191.jpg,642,81,840,279,743,172
0563192.jpg,643,81,841,279,743,172
0563193.jpg,643,81,841,279,743,172
0563194.jpg,643,81,841,279,744,171
0563195.jpg,643,81,841,279,744,170
0563196.jpg,643,81,841,279,745,169
0563197.jpg,643,80,841,278,745,169
0563198.jpg,643,80,841,278,745,169
0563199.jpg,645,79,843,277,751,169
0563200.jpg,646,78,844,276,748,177
0563201.jpg,648,78,846,276,757,173
0563202.jpg,648,77,846,275,784,173
0563203.jpg,650,77,848,275,896,272
0563204.jpg,651,76,849,274,937,178
0563205.jpg,652,76,850,274,986,155
0563206.jpg,654,76,852,274,982,159
0563207.jpg,654,76,852,274,981,164
0563208.jpg,655,75,855,275,981,168
0563209.jpg,655,74,855,274,982,168
0563210.jpg,660,72,860,272,981,166
0563211.jpg,658,69,862,273,983,167
0563212.jpg,658,68,862,272,982,167
0563213.jpg,659,68,863,272,981,166
0563214.jpg,659,68,863,272,981,166
0563215.jpg,659,68,863,272,982,166
0563216.jpg,660,68,864,272,982,166
0563217.jpg,660,68,864,272,981,167
0563218.jpg,660,68,864,272,981,167
0563219.jpg,661,69,865,273,980,166
0563220.jpg,661,69,865,273,979,166
0563221.jpg,661,69,865,273,978,168
0563222.jpg,660,69,864,273,977,168
0563223.jpg,660,69,864,273,978,168
0563224.jpg,660,69,864,273,977,167
0563225.jpg,660,69,864,273,977,166
0563226.jpg,660,69,864,273,977,167
0563227.jpg,660,69,864,273,978,167
0563228.jpg,660,69,864,273,978,167
0563229.jpg,660,69,864,273,978,167
0563230.jpg,661,71,861,271,977,168
0563231.jpg,661,71,861,271,978,168
0563232.jpg,661,71,861,271,977,168
0563233.jpg,661,71,861,271,977,167
0563234.jpg,661,71,861,271,977,167
0563235.jpg,661,71,861,271,977,166
0563236.jpg,661,71,861,271,977,167
0563237.jpg,661,71,861,271,977,167
0563238.jpg,661,71,861,271,978,169
0563239.jpg,661,72,861,272,978,169
0563240.jpg,661,73,859,271,978,169
0563241.jpg,661,73,859,271,978,168
0563242.jpg,661,73,859,271,978,168
0563243.jpg,661,73,859,271,977,169
0563244.jpg,660,72,860,272,977,169
0563245.jpg,660,72,860,272,978,170
0563246.jpg,661,72,861,272,979,169
0563247.jpg,659,70,863,274,979,169
0563248.jpg,659,70,863,274,980,169
0563249.jpg,659,70,863,274,979,169
0563250.jpg,659,70,863,274,979,169
0563251.jpg,659,70,863,274,980,169
0563252.jpg,659,71,863,275,979,168
0563253.jpg,657,69,865,277,979,170
0563254.jpg,658,70,866,278,980,169
0563255.jpg,658,70,866,278,979,173
0563256.jpg,659,70,867,278,978,173
0563257.jpg,659,70,867,278,979,171
0563258.jpg,659,70,867,278,980,172
0563259.jpg,659,70,867,278,979,171
0563260.jpg,659,70,867,278,978,169
0563261.jpg,659,70,867,278,980,170
0563262.jpg,660,70,868,278,980,171
0563263.jpg,660,71,868,279,981,172
0563264.jpg,660,71,868,279,981,172
0563265.jpg,660,71,868,279,981,171
0563266.jpg,660,71,868,279,981,171
0563267.jpg,660,71,868,279,981,172
0563268.jpg,660,72,868,280,981,173
0563269.jpg,660,72,868,280,982,175
0563270.jpg,661,72,869,280,981,172
0563271.jpg,661,72,869,280,979,174
0563272.jpg,661,72,869,280,979,173
0563273.jpg,661,72,869,280,977,172
0563274.jpg,660,72,868,280,978,173
0563275.jpg,660,72,868,280,978,174
0563276.jpg,659,72,867,280,1027,289
0563277.jpg,660,74,864,278,995,516
0563278.jpg,659,74,863,278,774,172
0563279.jpg,660,74,860,274,779,170
0563280.jpg,658,77,852,271,781,172
0563281.jpg,659,79,849,269,780,172
0563282.jpg,658,79,848,269,779,174
0563283.jpg,657,79,847,269,779,174
0563284.jpg,657,80,847,270,777,174
0563285.jpg,657,81,847,271,777,175
0563286.jpg,658,81,848,271,778,173
0563287.jpg,658,82,848,272,778,172
0563288.jpg,658,82,848,272,778,172
0563289.jpg,658,83,848,273,777,172
0563290.jpg,657,84,847,274,775,173
0563291.jpg,656,86,846,276,776,176
0563292.jpg,654,84,848,278,776,177
0563293.jpg,654,85,848,279,775,175
0563294.jpg,654,85,848,279,774,174
0563295.jpg,652,83,850,281,774,174
0563296.jpg,652,83,850,281,773,174
0563297.jpg,652,83,850,281,772,177
0563298.jpg,651,84,849,282,757,173
0563299.jpg,651,84,849,282,758,174
0563300.jpg,650,83,850,283,758,175
0563301.jpg,650,84,850,284,758,174
0563302.jpg,650,84,850,284,757,174
0563303.jpg,650,84,850,284,756,173
0563304.jpg,650,84,850,284,756,176
0563305.jpg,647,83,851,287,757,172
0563306.jpg,647,83,851,287,758,173
0563307.jpg,646,83,850,287,756,172
0563308.jpg,648,85,848,285,756,172
0563309.jpg,647,84,847,284,754,172
0563310.jpg,647,84,847,284,755,170
0563311.jpg,647,84,847,284,754,170
0563312.jpg,644,82,848,286,754,171
0563313.jpg,642,83,850,291,753,171
0563314.jpg,642,84,850,292,752,173
0563315.jpg,640,83,852,295,751,174
0563316.jpg,639,84,851,296,751,174
0563317.jpg,639,84,851,296,751,176
0563318.jpg,639,84,851,296,752,175
0563319.jpg,640,84,852,296,752,176
0563320.jpg,640,84,852,296,751,178
0563321.jpg,640,84,852,296,751,178
0563322.jpg,640,84,852,296,753,178
0563323.jpg,640,84,852,296,752,176
0563324.jpg,641,84,853,296,751,175
0563325.jpg,641,84,853,296,751,175
0563326.jpg,641,83,853,295,751,175
0563327.jpg,640,83,852,295,750,178
0563328.jpg,640,83,852,295,751,177
0563329.jpg,640,83,852,295,750,176
0563330.jpg,642,85,850,293,749,176
0563331.jpg,642,85,850,293,749,175
0563332.jpg,642,85,850,293,750,174
0563333.jpg,642,84,850,292,751,176
0563334.jpg,642,84,850,292,750,175
0563335.jpg,642,84,850,292,751,175
0563336.jpg,642,84,850,292,750,175
0563337.jpg,644,85,848,289,750,175
0563338.jpg,644,84,848,288,751,174
0563339.jpg,644,84,848,288,750,174
0563340.jpg,644,84,848,288,751,174
0563341.jpg,644,84,848,288,750,175
0563342.jpg,644,84,848,288,749,174
0563343.jpg,643,84,847,288,750,174
0563344.jpg,641,82,849,290,749,175
0563345.jpg,641,82,849,290,748,175
0563346.jpg,641,82,849,290,748,176
0563347.jpg,642,82,850,290,748,175
0563348.jpg,642,82,850,290,748,173
0563349.jpg,644,83,848,287,750,173
0563350.jpg,644,83,848,287,749,173
0563351.jpg,645,83,849,287,749,173
0563352.jpg,645,83,849,287,749,173
0563353.jpg,645,83,849,287,751,173
0563354.jpg,645,83,849,287,751,173
0563355.jpg,645,83,849,287,752,174
0563356.jpg,645,83,849,287,751,173
0563357.jpg,645,83,849,287,752,174
0563358.jpg,645,83,849,287,754,173
0563359.jpg,645,83,849,287,753,174
0563360.jpg,648,85,848,285,753,172
0563361.jpg,648,85,848,285,754,173
0563362.jpg,648,85,848,285,755,173
0563363.jpg,648,85,848,285,754,173
0563364.jpg,648,85,848,285,753,173
0563365.jpg,648,85,848,285,755,173
0563366.jpg,648,84,848,284,754,172
0563367.jpg,649,82,847,280,755,169
0563368.jpg,649,81,847,279,754,169
0563369.jpg,649,81,847,279,753,168
0563370.jpg,649,81,847,279,754,167
0563371.jpg,648,81,846,279,754,168
0563372.jpg,648,82,846,280,753,169
0563373.jpg,648,82,846,280,752,172
0563374.jpg,647,83,845,281,753,174
0563375.jpg,649,85,843,279,754,174
0563376.jpg,649,85,843,279,753,174
0563377.jpg,650,85,844,279,755,174
0563378.jpg,650,85,844,279,755,174
0563379.jpg,649,83,847,281,754,173
0563380.jpg,649,83,847,281,755,172
0563381.jpg,649,83,847,281,756,172
0563382.jpg,649,84,847,282,756,173
0563383.jpg,650,84,848,282,757,172
0563384.jpg,650,84,848,282,757,171
0563385.jpg,649,83,849,283,757,171
0563386.jpg,649,83,849,283,758,172
0563387.jpg,649,83,849,283,756,172
0563388.jpg,649,83,849,283,757,173
0563389.jpg,649,83,849,283,758,173
0563390.jpg,649,83,849,283,757,171
0563391.jpg,649,83,849,283,756,171
0563392.jpg,649,83,849,283,756,171
0563393.jpg,649,83,849,283,756,171
0563394.jpg,649,82,849,282,756,171
0563395.jpg,649,82,849,282,757,171
0563396.jpg,649,82,849,282,758,172
0563397.jpg,649,82,849,282,756,171
0563398.jpg,649,82,849,282,756,172
0563399.jpg,649,82,849,282,757,172
0563400.jpg,649,82,849,282,757,171
0563401.jpg,650,82,848,280,757,172
0563402.jpg,650,82,848,280,757,170
0563403.jpg,650,82,848,280,758,169
0563404.jpg,650,82,848,280,758,170
0563405.jpg,650,82,848,280,758,171
0563406.jpg,650,82,848,280,757,170
0563407.jpg,650,82,848,280,756,170
0563408.jpg,649,82,847,280,756,172
0563409.jpg,649,82,847,280,756,172
0563410.jpg,649,82,847,280,758,171
0563411.jpg,649,82,847,280,757,171
0563412.jpg,650,82,848,280,758,169
0563413.jpg,650,82,848,280,757,169
0563414.jpg,650,82,848,280,757,169
0563415.jpg,650,82,848,280,759,168
0563416.jpg,650,82,848,280,758,169
0563417.jpg,649,83,849,283,758,170
0563418.jpg,647,84,851,288,756,171
0563419.jpg,646,86,850,290,756,173
0563420.jpg,644,84,852,292,756,174
0563421.jpg,644,84,852,292,757,173
0563422.jpg,644,84,852,292,756,173
0563423.jpg,646,86,850,290,757,174
0563424.jpg,646,85,850,289,756,173
0563425.jpg,646,85,850,289,755,172
0563426.jpg,646,85,850,289,755,174
0563427.jpg,647,85,851,289,754,174
0563428.jpg,646,85,850,289,753,174
0563429.jpg,646,84,850,288,753,172
0563430.jpg,646,83,850,287,756,171
0563431.jpg,646,83,850,287,756,171
0563432.jpg,646,82,850,286,755,172
0563433.jpg,648,84,848,284,755,172
0563434.jpg,648,84,848,284,755,172
0563435.jpg,647,83,847,283,754,174
0563436.jpg,647,83,847,283,754,174
0563437.jpg,647,83,847,283,754,173
0563438.jpg,648,83,848,283,755,173
0563439.jpg,648,83,848,283,756,174
0563440.jpg,648,83,848,283,756,174
0563441.jpg,649,83,849,283,758,173
0563442.jpg,649,83,849,283,759,174
0563443.jpg,650,83,850,283,760,175
0563444.jpg,652,84,850,282,763,175
0563445.jpg,654,85,848,279,764,174
0563446.jpg,655,85,849,279,766,177
0563447.jpg,657,87,847,277,767,175
0563448.jpg,657,87,847,277,765,175
0563449.jpg,657,87,847,277,765,175
0563450.jpg,655,86,849,280,764,173
0563451.jpg,655,87,849,281,764,177
0563452.jpg,655,87,849,281,764,175
0563453.jpg,655,88,849,282,764,176
0563454.jpg,653,88,851,286,765,178
0563455.jpg,652,88,850,286,764,177
0563456.jpg,652,88,850,286,763,177
0563457.jpg,652,88,850,286,764,178
0563458.jpg,652,88,850,286,763,178
0563459.jpg,652,87,850,285,764,177
0563460.jpg,652,87,850,285,764,177
0563461.jpg,654,88,848,282,763,175
0563462.jpg,654,87,848,281,762,175
0563463.jpg,654,87,848,281,761,175
0563464.jpg,652,86,846,280,761,175
0563465.jpg,652,86,846,280,761,174
0563466.jpg,652,86,846,280,761,175
0563467.jpg,650,84,848,282,760,175
0563468.jpg,650,84,848,282,760,174
0563469.jpg,649,83,849,283,760,174
0563470.jpg,649,83,849,283,759,174
0563471.jpg,648,83,848,283,757,173
0563472.jpg,648,83,848,283,757,173
0563473.jpg,648,83,848,283,756,173
0563474.jpg,648,83,848,283,757,173
0563475.jpg,648,83,848,283,757,172
0563476.jpg,648,83,848,283,756,174
0563477.jpg,648,83,848,283,757,174
0563478.jpg,648,83,848,283,756,172
0563479.jpg,648,83,848,283,757,172
0563480.jpg,648,83,848,283,757,171
0563481.jpg,646,81,850,285,758,171
0563482.jpg,646,81,850,285,757,171
0563483.jpg,647,81,851,285,757,169
0563484.jpg,647,82,851,286,758,170
0564000.jpg,422,115,602,295,979,167
0564001.jpg,422,116,602,296,974,168
0564002.jpg,422,116,602,296,973,168
0564003.jpg,422,117,602,297,968,170
0564004.jpg,421,118,601,298,968,174
0564005.jpg,421,118,601,298,967,175
0564006.jpg,419,119,601,301,969,176
0564007.jpg,416,117,602,303,967,177
0564008.jpg,415,117,601,303,965,177
0564009.jpg,415,117,601,303,964,178
0564010.jpg,414,117,600,303,964,177
0564011.jpg,414,116,600,302,967,177
0564012.jpg,413,116,599,302,965,177
0564013.jpg,412,116,598,302,964,177
0564014.jpg,410,114,600,304,963,177
0564015.jpg,410,114,600,304,963,176
0564016.jpg,412,116,598,302,963,176
0564017.jpg,412,115,598,301,964,177
0564018.jpg,412,115,598,301,964,176
0564019.jpg,412,115,598,301,964,174
0564020.jpg,412,115,598,301,968,164
0564021.jpg,412,115,598,301,967,168
0564022.jpg,413,114,599,300,967,167
0564023.jpg,417,115,599,297,971,168
0564024.jpg,418,115,600,297,971,169
0564025.jpg,419,116,599,296,970,168
0564026.jpg,420,115,600,295,972,168
0564027.jpg,420,115,600,295,972,168
0564028.jpg,420,115,600,295,974,167
0564029.jpg,419,115,599,295,972,167
0564030.jpg,417,114,599,296,972,167
0564031.jpg,417,114,599,296,971,166
0564032.jpg,416,114,598,296,972,167
0564033.jpg,414,112,600,298,972,167
0564034.jpg,414,112,600,298,971,167
0564035.jpg,413,113,599,299,971,168
0564036.jpg,413,113,599,299,971,167
0564037.jpg,413,113,599,299,970,167
0564038.jpg,413,113,599,299,970,167
0564039.jpg,413,113,599,299,972,168
0564040.jpg,413,113,599,299,969,167
0564041.jpg,413,113,599,299,968,170
0564042.jpg,413,113,599,299,966,168
0564043.jpg,413,113,599,299,967,167
0564044.jpg,413,114,599,300,967,168
0564045.jpg,413,114,599,300,969,168
0564046.jpg,413,114,599,300,969,166
0564047.jpg,413,114,599,300,970,166
0564048.jpg,413,114,599,300,970,166
0564049.jpg,413,114,599,300,970,167
0564050.jpg,413,114,599,300,971,169
0564051.jpg,413,114,599,300,972,169
0564052.jpg,413,114,599,300,968,171
0564053.jpg,412,114,598,300,970,174
0564054.jpg,413,114,599,300,970,173
0564055.jpg,413,114,599,300,973,174
0564056.jpg,413,114,599,300,974,173
0564057.jpg,415,116,597,298,975,172
0564058.jpg,416,115,598,297,977,173
0564059.jpg,419,115,599,295,977,172
0564060.jpg,422,117,598,293,978,173
0564061.jpg,423,115,599,291,978,173
0564062.jpg,424,114,600,290,979,172
0564063.jpg,425,113,601,289,979,172
0564064.jpg,426,111,602,287,980,171
0564065.jpg,426,110,602,286,980,172
0564066.jpg,427,110,603,286,980,171
0564067.jpg,427,109,603,285,981,173
0564068.jpg,427,109,603,285,982,172
0564069.jpg,426,109,602,285,981,171
0564070.jpg,427,109,603,285,981,170
0564071.jpg,424,106,604,286,982,172
0564072.jpg,424,106,604,286,982,172
0564073.jpg,424,106,604,286,981,172
0564074.jpg,424,106,604,286,983,171
0564075.jpg,426,108,602,284,983,172
0564076.jpg,425,108,601,284,983,171
0564077.jpg,424,108,600,284,982,170
0564078.jpg,424,108,600,284,981,169
0564079.jpg,424,108,600,284,981,170
0564080.jpg,424,109,600,285,980,170
0564081.jpg,423,109,599,285,980,169
0564082.jpg,423,109,599,285,982,170
0564083.jpg,423,109,599,285,981,170
0564084.jpg,423,109,599,285,977,163
0564085.jpg,422,110,598,286,938,156
0564086.jpg,422,111,598,287,936,157
0564087.jpg,422,112,598,288,936,158
0564088.jpg,421,112,597,288,934,158
0564089.jpg,421,112,597,288,935,158
0564090.jpg,419,110,599,290,934,157
0564091.jpg,419,110,599,290,932,158
0564092.jpg,418,109,598,289,932,156
0564093.jpg,418,109,598,289,930,156
0564094.jpg,418,109,598,289,927,157
0564095.jpg,418,108,598,288,927,158
0564096.jpg,418,108,598,288,926,159
0564097.jpg,418,108,598,288,925,158
0564098.jpg,418,108,598,288,925,156
0564099.jpg,418,108,598,288,924,156
0564100.jpg,419,108,599,288,922,158
0564101.jpg,419,108,599,288,924,158
0564102.jpg,420,108,600,288,922,159
0564103.jpg,420,108,600,288,909,157
0564104.jpg,421,108,601,288,915,158
0564105.jpg,422,108,602,288,916,159
0564106.jpg,422,108,602,288,918,159
0564107.jpg,424,110,600,286,917,159
0564108.jpg,425,110,601,286,918,158
0564109.jpg,426,110,602,286,919,158
0564110.jpg,426,110,602,286,919,157
0564111.jpg,426,110,602,286,920,156
0564112.jpg,425,108,605,288,920,157
0564113.jpg,425,108,605,288,919,156
0564114.jpg,425,108,605,288,916,144
0564115.jpg,425,108,605,288,922,144
0564116.jpg,426,108,606,288,922,144
0564117.jpg,426,108,606,288,924,145
0564118.jpg,426,108,606,288,924,144
0564119.jpg,427,108,607,288,923,144
0564120.jpg,427,108,607,288,924,145
0564121.jpg,427,108,607,288,925,144
0564122.jpg,427,108,607,288,925,145
0564123.jpg,427,108,607,288,924,144
0564124.jpg,429,108,609,288,925,145
0564125.jpg,429,108,609,288,925,145
0564126.jpg,430,108,610,288,925,144
0564127.jpg,430,108,610,288,926,143
0564128.jpg,430,108,610,288,927,144
0564129.jpg,430,108,610,288,927,143
0564130.jpg,430,108,610,288,963,151
0564131.jpg,432,110,608,286,952,153
0564132.jpg,432,110,608,286,949,153
0564133.jpg,432,109,608,285,945,153
0564134.jpg,432,109,608,285,946,152
0564135.jpg,432,109,608,285,949,152
0564136.jpg,431,109,607,285,948,151
0564137.jpg,431,109,607,285,945,150
0564138.jpg,431,109,607,285,944,148
0564139.jpg,431,109,607,285,945,148
0564140.jpg,426,107,606,287,975,146
0564141.jpg,426,107,606,287,964,148
0564142.jpg,426,107,606,287,965,149
0564143.jpg,426,107,606,287,960,149
0564144.jpg,426,108,606,288,961,151
0564145.jpg,425,108,605,288,961,150
0564146.jpg,425,108,605,288,977,154
0564147.jpg,425,108,605,288,973,156
0564148.jpg,425,108,605,288,975,156
0564149.jpg,425,108,605,288,975,157
0564150.jpg,426,108,606,288,977,158
0564151.jpg,426,108,606,288,978,157
0564152.jpg,426,108,606,288,975,157
0564153.jpg,426,108,606,288,975,160
0564154.jpg,426,108,606,288,978,161
0564155.jpg,426,108,606,288,979,161
0564156.jpg,426,108,606,288,983,161
0564157.jpg,426,108,606,288,982,160
0564158.jpg,427,108,607,288,984,160
0564159.jpg,428,107,608,287,985,160
0564160.jpg,428,107,608,287,986,160
0564161.jpg,428,107,608,287,985,159
0564162.jpg,427,107,607,287,983,159
0564163.jpg,427,107,607,287,983,160
0564164.jpg,427,107,607,287,984,159
0564165.jpg,427,107,607,287,983,159
0564166.jpg,427,107,607,287,984,159
0564167.jpg,429,109,605,285,984,159
0564168.jpg,429,109,605,285,984,159
0564169.jpg,429,109,605,285,984,159
0564170.jpg,429,108,605,284,984,160
0564171.jpg,430,108,606,284,986,160
0564172.jpg,430,107,606,283,985,160
0564173.jpg,430,106,606,282,984,157
0564174.jpg,430,106,606,282,985,158
0564175.jpg,430,106,606,282,984,158
0564176.jpg,430,106,606,282,986,158
0564177.jpg,428,103,608,283,986,157
0564178.jpg,427,102,607,282,985,156
0564179.jpg,427,102,607,282,985,158
0564180.jpg,427,102,607,282,982,156
0564181.jpg,427,101,607,281,983,157
0564182.jpg,426,101,606,281,983,158
0564183.jpg,426,101,606,281,986,157
0564184.jpg,426,100,606,280,985,156
0564185.jpg,428,102,604,278,983,155
0564186.jpg,428,102,604,278,983,156
0564187.jpg,428,101,604,277,983,156
0564188.jpg,428,101,604,277,984,155
0564189.jpg,428,101,604,277,982,155
0564190.jpg,428,101,604,277,984,156
0564191.jpg,428,101,604,277,983,156
0564192.jpg,418,95,604,281,984,156
0564193.jpg,418,95,604,281,983,156
0564194.jpg,418,95,604,281,984,155
0564195.jpg,418,94,604,280,982,155
0564196.jpg,418,94,604,280,984,155
0564197.jpg,419,93,605,279,989,142
0564198.jpg,421,95,603,277,982,143
0564199.jpg,421,94,603,276,979,144
0564200.jpg,421,94,603,276,979,143
0564201.jpg,421,94,603,276,977,144
0564202.jpg,421,94,603,276,977,143
0564203.jpg,421,94,603,276,979,142
0564204.jpg,421,94,603,276,977,146
0564205.jpg,421,94,603,276,976,146
0564206.jpg,421,94,603,276,977,144
0564207.jpg,421,95,603,277,979,142
0564208.jpg,419,94,605,280,979,143
0564209.jpg,419,94,605,280,977,142
0564210.jpg,418,94,604,280,995,139
0564211.jpg,418,94,604,280,989,136
0564212.jpg,418,94,604,280,981,163
0564213.jpg,418,94,604,280,987,177
0564214.jpg,418,94,604,280,987,178
0564215.jpg,418,94,604,280,985,178
0564216.jpg,420,96,602,278,986,178
0564217.jpg,420,96,602,278,985,179
0564218.jpg,420,96,602,278,984,178
0564219.jpg,420,96,602,278,985,179
0564220.jpg,420,96,602,278,984,179
0564221.jpg,420,96,602,278,983,179
0564222.jpg,420,96,602,278,981,180
0564223.jpg,420,96,602,278,981,179
0564224.jpg,420,95,602,277,980,180
0564225.jpg,421,94,603,276,981,179
0564226.jpg,423,93,605,275,981,180
0564227.jpg,426,93,606,273,982,180
0564228.jpg,429,92,609,272,981,179
0564229.jpg,431,91,611,271,981,179
0564230.jpg,432,89,614,271,982,179
0564231.jpg,431,87,617,273,987,181
0564232.jpg,434,87,620,273,1002,134
0564233.jpg,436,87,622,273,1008,135
0564234.jpg,437,87,623,273,1008,135
0564235.jpg,440,87,626,273,1008,135
0564236.jpg,440,85,630,275,1007,134
0564237.jpg,441,85,631,275,1008,133
0564238.jpg,441,85,631,275,1009,133
0564239.jpg,441,85,631,275,1007,133
0564240.jpg,442,85,632,275,1004,132
0564241.jpg,443,85,633,275,1004,132
0564242.jpg,443,85,633,275,983,180
0564243.jpg,443,85,633,275,984,183
0564244.jpg,444,85,634,275,983,184
0564245.jpg,444,85,634,275,983,184
0564246.jpg,444,86,634,276,984,184
0564247.jpg,442,84,636,278,983,184
0564248.jpg,442,84,636,278,984,184
0564249.jpg,441,84,635,278,984,184
0564250.jpg,441,83,635,277,985,184
0564251.jpg,441,83,635,277,985,183
0564252.jpg,441,83,635,277,985,183
0564253.jpg,442,83,636,277,984,183
0564254.jpg,442,83,636,277,985,184
0564255.jpg,440,84,638,282,983,142
0564256.jpg,440,84,638,282,979,142
0564257.jpg,440,84,638,282,977,141
0564258.jpg,440,84,638,282,983,140
0564259.jpg,440,84,638,282,986,187
0564260.jpg,443,86,637,280,985,185
0564261.jpg,443,86,637,280,985,187
0564262.jpg,440,82,638,280,988,187
0564263.jpg,442,84,636,278,987,188
0564264.jpg,441,84,635,278,988,188
0564265.jpg,439,84,633,278,989,186
0564266.jpg,434,84,628,278,988,187
0564267.jpg,429,84,623,278,986,188
0564268.jpg,431,88,617,274,987,189
0564269.jpg,429,88,615,274,987,190
0564270.jpg,429,90,611,272,986,190
0564271.jpg,427,90,609,272,985,191
0564272.jpg,426,91,606,271,982,193
0564273.jpg,425,89,605,269,983,193
0564274.jpg,427,90,603,266,983,192
0564275.jpg,426,90,602,266,984,193
0564276.jpg,426,90,602,266,983,192
0564277.jpg,425,90,601,266,983,191
0564278.jpg,425,90,601,266,983,193
0564279.jpg,425,92,601,268,982,194
0564280.jpg,424,93,600,269,982,194
0564281.jpg,424,94,600,270,985,168
0564282.jpg,422,94,602,274,985,141
0564283.jpg,421,94,603,276,1004,139
0564284.jpg,419,93,605,279,995,136
0564285.jpg,419,93,605,279,1001,137
0564286.jpg,420,93,606,279,1001,137
0564287.jpg,420,93,606,279,1004,138
0564288.jpg,422,95,604,277,1004,138
0564289.jpg,422,96,604,278,1006,139
0564290.jpg,422,96,604,278,1005,139
0564291.jpg,422,96,604,278,1006,138
0564292.jpg,420,95,606,281,1009,141
0564293.jpg,420,96,606,282,1008,142
0564294.jpg,426,99,606,279,1011,146
0564295.jpg,426,100,606,280,1013,146
0564296.jpg,426,100,606,280,1014,146
0564297.jpg,426,100,606,280,1015,146
0564298.jpg,427,100,607,280,1015,146
0564299.jpg,427,100,607,280,1016,145
0564300.jpg,428,100,608,280,1018,146
0564301.jpg,428,100,608,280,1018,145
0564302.jpg,428,100,608,280,1018,144
0564303.jpg,428,101,608,281,1018,145
0564304.jpg,428,101,608,281,1018,144
0564305.jpg,428,102,608,282,1018,146
0564306.jpg,429,106,605,282,1019,148
0564307.jpg,429,107,605,283,1018,149
0564308.jpg,429,107,605,283,1017,150
0564309.jpg,429,107,605,283,966,572
0564310.jpg,427,105,607,285,979,566
0564311.jpg,427,105,607,285,980,566
0564312.jpg,428,105,608,285,979,564
0564313.jpg,428,105,608,285,980,565
0564314.jpg,428,105,608,285,980,565
0564315.jpg,428,105,608,285,916,552
0564316.jpg,428,105,608,285,752,446
0564317.jpg,428,106,608,286,747,186
0564318.jpg,428,106,608,286,747,188
0564319.jpg,428,106,608,286,748,191
0564320.jpg,428,106,608,286,748,191
0564321.jpg,428,106,608,286,749,191
0564322.jpg,429,105,609,285,749,191
0564323.jpg,429,105,609,285,749,195
0564324.jpg,429,104,609,284,749,196
0564325.jpg,429,103,609,283,748,197
0564326.jpg,429,103,609,283,747,196
0564327.jpg,429,103,609,283,746,197
0564328.jpg,429,103,609,283,746,194
0564329.jpg,429,103,609,283,746,195
0564330.jpg,429,103,609,283,744,198
0564331.jpg,429,103,609,283,746,197
0564332.jpg,429,103,609,283,745,197
0564333.jpg,429,103,609,283,745,199
0564334.jpg,429,103,609,283,746,198
0564335.jpg,429,103,609,283,744,198
0564336.jpg,429,103,609,283,744,196
0564337.jpg,428,102,608,282,744,197
0564338.jpg,426,101,608,283,744,196
0564339.jpg,426,101,608,283,744,198
0564340.jpg,426,101,608,283,744,199
0564341.jpg,426,101,608,283,743,199
0564342.jpg,426,101,608,283,743,197
0564343.jpg,426,101,608,283,742,197
0564344.jpg,425,101,607,283,743,197
0564345.jpg,425,101,607,283,742,195
0564346.jpg,425,101,607,283,743,198
0564347.jpg,425,101,607,283,742,196
0564348.jpg,426,102,606,282,742,196
0564349.jpg,426,102,606,282,743,196
0564350.jpg,426,102,606,282,741,200
0564351.jpg,426,101,606,281,744,195
0564352.jpg,426,101,606,281,744,195
0564353.jpg,426,101,606,281,744,197
0564354.jpg,426,101,606,281,743,201
0564355.jpg,426,101,606,281,742,200
0564356.jpg,426,101,606,281,744,196
0564357.jpg,426,101,606,281,745,197
0564358.jpg,426,101,606,281,744,201
0564359.jpg,426,101,606,281,743,201
0564360.jpg,426,101,606,281,743,201
0564361.jpg,426,101,606,281,745,201
0564362.jpg,426,101,606,281,744,200
0564363.jpg,426,100,606,280,744,201
0564364.jpg,426,100,606,280,744,200
0564365.jpg,428,102,604,278,744,199
0564366.jpg,428,102,604,278,744,198
0564367.jpg,428,102,604,278,789,160
0564368.jpg,428,102,604,278,908,146
0564369.jpg,426,100,606,280,912,145
0564370.jpg,420,95,606,281,911,145
0564371.jpg,420,95,606,281,912,147
0564372.jpg,420,95,606,281,912,148
0564373.jpg,420,95,606,281,911,147
0564374.jpg,426,99,606,279,909,146
0564375.jpg,426,99,606,279,910,145
0564376.jpg,426,99,606,279,908,145
0564377.jpg,426,99,606,279,908,145
0564378.jpg,425,98,607,280,908,145
0564379.jpg,419,93,609,283,909,144
0564380.jpg,419,93,609,283,908,145
0564381.jpg,419,93,609,283,908,143
0564382.jpg,427,97,609,279,908,144
0564383.jpg,428,98,608,278,908,146
0564384.jpg,428,98,608,278,909,144
0564385.jpg,428,98,608,278,910,145
0564386.jpg,428,99,608,279,910,143
0564387.jpg,428,99,608,279,910,144
0564388.jpg,428,99,608,279,910,145
0564389.jpg,428,99,608,279,911,144
0564390.jpg,428,99,608,279,912,145
0564391.jpg,428,99,608,279,913,144
0564392.jpg,428,99,608,279,913,144
0564393.jpg,429,99,609,279,912,144
0564394.jpg,429,99,609,279,911,145
0564395.jpg,429,99,609,279,913,143
0564396.jpg,429,99,609,279,912,142
0564397.jpg,429,99,609,279,912,143
0564398.jpg,429,99,609,279,911,143
0564399.jpg,429,99,609,279,911,144
0564400.jpg,429,99,609,279,948,152
0564401.jpg,429,99,609,279,977,147
0564402.jpg,429,99,609,279,993,144
0564403.jpg,428,99,608,279,991,140
0564404.jpg,428,99,608,279,982,140
0564405.jpg,428,99,608,279,983,141
0564406.jpg,427,99,607,279,999,141
0564407.jpg,427,99,607,279,988,142
0564408.jpg,427,99,607,279,985,142
0564409.jpg,427,99,607,279,985,143
0564410.jpg,427,99,607,279,986,142
0564411.jpg,420,95,606,281,1022,129
0564412.jpg,420,95,606,281,1025,129
0564413.jpg,420,94,606,280,1026,127
0564414.jpg,420,94,606,280,1026,129
0564415.jpg,420,94,606,280,1028,129
0564416.jpg,420,94,606,280,1027,128
0564417.jpg,420,94,606,280,1027,128
0564418.jpg,420,95,606,281,1028,129
0564419.jpg,420,95,606,281,1028,130
0564420.jpg,420,95,606,281,1027,129
0564421.jpg,420,95,606,281,1027,130
0564422.jpg,420,95,606,281,1026,129
0564423.jpg,421,94,607,280,1026,129
0564424.jpg,423,95,605,277,1028,150
0564425.jpg,423,95,605,277,1032,152
0564426.jpg,423,94,605,276,1032,152
0564427.jpg,423,94,605,276,1033,152
0564428.jpg,422,94,604,276,1032,152
0564429.jpg,422,95,604,277,1034,152
0564430.jpg,422,95,604,277,1035,152
0564431.jpg,422,96,604,278,1031,152
0564432.jpg,421,96,603,278,1032,152
0564433.jpg,421,96,603,278,1004,167
0564434.jpg,421,96,603,278,1006,168
0564435.jpg,419,95,605,281,1005,169
0564436.jpg,419,95,605,281,1006,170
0564437.jpg,419,95,605,281,1005,170
0564438.jpg,419,95,605,281,1006,170
0564439.jpg,419,95,605,281,1001,170
0564440.jpg,419,95,605,281,999,171
0564441.jpg,426,99,606,279,998,171
0564442.jpg,426,99,606,279,999,171
0564443.jpg,426,99,606,279,997,171
0564444.jpg,428,102,604,278,997,170
0564445.jpg,429,102,605,278,995,170
0564446.jpg,429,102,605,278,996,171
0564447.jpg,429,102,605,278,995,171
0564448.jpg,429,102,605,278,996,172
0564449.jpg,429,102,605,278,995,173
0564450.jpg,429,102,605,278,992,174
0564451.jpg,429,102,605,278,985,179
0564452.jpg,429,102,605,278,986,183
0564453.jpg,428,102,604,278,951,153
0564454.jpg,428,102,604,278,956,150
0564455.jpg,428,102,604,278,955,151
0564456.jpg,428,102,604,278,954,150
0564457.jpg,429,102,605,278,954,151
0564458.jpg,429,102,605,278,954,149
0564459.jpg,429,102,605,278,954,150
0564460.jpg,429,102,605,278,953,151
0564461.jpg,429,102,605,278,953,152
0564462.jpg,429,102,605,278,951,152
0564463.jpg,428,102,604,278,952,152
0564464.jpg,428,102,604,278,952,152
0564465.jpg,428,103,604,279,952,152
0564466.jpg,428,103,604,279,953,151
0564467.jpg,428,103,604,279,953,151
0564468.jpg,428,103,604,279,952,151
0564469.jpg,428,103,604,279,952,152
0564470.jpg,428,103,604,279,952,152
0564471.jpg,428,103,604,279,952,153
0564472.jpg,428,103,604,279,953,154
0564473.jpg,428,103,604,279,952,154
0564474.jpg,428,103,604,279,952,154
0564475.jpg,428,103,604,279,952,153
0564476.jpg,428,103,604,279,952,152
0564477.jpg,428,103,604,279,953,152
0564478.jpg,426,100,606,280,952,151
0564479.jpg,426,100,606,280,952,152
0564480.jpg,426,100,606,280,952,152
0564481.jpg,426,100,606,280,951,152
0564482.jpg,425,100,605,280,952,152
0564483.jpg,425,100,605,280,951,152
0564484.jpg,425,100,605,280,950,152
