0571000.jpg,353,25,619,291,499,142
0571001.jpg,353,25,619,291,496,144
0571002.jpg,353,25,619,291,496,146
0571003.jpg,352,26,618,292,495,145
0571004.jpg,352,26,618,292,494,146
0571005.jpg,352,26,618,292,494,146
0571006.jpg,352,26,618,292,495,147
0571007.jpg,351,28,617,294,494,149
0571008.jpg,351,29,617,295,494,153
0571009.jpg,352,35,614,297,493,159
0571010.jpg,352,42,614,304,491,167
0571011.jpg,351,44,613,306,489,172
0571012.jpg,351,44,613,306,490,172
0571013.jpg,351,44,613,306,490,171
0571014.jpg,351,44,613,306,491,170
0571015.jpg,351,44,613,306,490,169
0571016.jpg,350,44,612,306,492,169
0571017.jpg,353,48,607,302,492,169
0571018.jpg,353,48,607,302,491,170
0571019.jpg,353,48,607,302,486,172
0571020.jpg,353,48,607,302,489,172
0571021.jpg,353,49,605,301,489,172
0571022.jpg,353,49,605,301,490,171
0571023.jpg,353,49,605,301,490,172
0571024.jpg,353,49,605,301,489,171
0571025.jpg,353,48,605,300,491,171
0571026.jpg,353,48,605,300,490,170
0571027.jpg,352,47,604,299,489,170
0571028.jpg,353,48,601,296,489,169
0571029.jpg,351,39,603,291,486,165
0571030.jpg,347,29,599,281,481,157
0571031.jpg,341,23,595,277,479,147
0571032.jpg,337,15,591,269,475,140
0571033.jpg,335,11,593,269,474,136
0571034.jpg,335,10,593,268,474,135
0571035.jpg,334,10,592,268,474,134
0571036.jpg,332,9,590,267,472,135
0571037.jpg,332,9,590,267,471,136
0571038.jpg,331,9,589,267,471,135
0571039.jpg,333,10,587,264,470,135
0571040.jpg,333,10,587,264,470,134
0571041.jpg,333,10,587,264,469,133
0571042.jpg,333,9,587,263,467,132
0571043.jpg,331,6,589,264,469,128
0571044.jpg,334,6,592,264,471,126
0571045.jpg,335,5,593,263,471,125
0571046.jpg,336,5,594,263,516,120
0571047.jpg,339,5,597,263,804,113
0571048.jpg,345,5,603,263,835,167
0571049.jpg,348,6,606,264,841,169
0571050.jpg,348,6,606,264,841,169
0571051.jpg,348,4,610,266,842,168
0571052.jpg,352,6,614,268,844,171
0571053.jpg,359,8,621,270,845,170
0571054.jpg,360,9,622,271,844,171
0571055.jpg,362,9,624,271,844,169
0571056.jpg,363,11,625,273,844,170
0571057.jpg,364,11,626,273,845,169
0571058.jpg,364,13,626,275,846,171
0571059.jpg,366,13,628,275,845,170
0571060.jpg,368,14,630,276,845,170
0571061.jpg,372,16,630,274,846,172
0571062.jpg,372,17,630,275,845,173
0571063.jpg,374,19,632,277,845,173
0571064.jpg,374,19,632,277,845,173
0571065.jpg,375,21,633,279,847,172
0571066.jpg,380,24,634,278,850,170
0571067.jpg,381,24,635,278,857,167
0571068.jpg,382,24,636,278,867,168
0571069.jpg,383,23,637,277,875,168
0571070.jpg,384,23,638,277,879,170
0571071.jpg,384,23,638,277,882,168
0571072.jpg,382,21,640,279,885,170
0571073.jpg,382,21,640,279,888,170
0571074.jpg,382,21,640,279,892,173
0571075.jpg,382,21,640,279,893,171
0571076.jpg,382,21,640,279,896,171
0571077.jpg,382,21,640,279,898,171
0571078.jpg,380,21,638,279,900,171
0571079.jpg,379,21,637,279,900,172
0571080.jpg,374,19,636,281,900,171
0571081.jpg,373,19,635,281,900,173
0571082.jpg,372,20,634,282,899,178
0571083.jpg,371,20,633,282,898,179
0571084.jpg,367,20,629,282,896,181
0571085.jpg,366,20,628,282,895,182
0571086.jpg,366,19,628,281,895,179
0571087.jpg,363,19,625,281,895,176
0571088.jpg,363,19,625,281,894,175
0571089.jpg,362,19,624,281,896,174
0571090.jpg,361,19,623,281,896,171
0571091.jpg,361,18,623,280,896,172
0571092.jpg,360,18,622,280,898,172
0571093.jpg,360,18,622,280,898,169
0571094.jpg,360,18,622,280,902,165
0571095.jpg,360,18,622,280,906,164
0571096.jpg,360,18,622,280,914,159
0571097.jpg,360,18,622,280,898,151
0571098.jpg,360,19,622,281,912,146
0571099.jpg,360,19,622,281,891,141
0571100.jpg,361,19,623,281,890,133
0571101.jpg,361,19,623,281,885,129
0571102.jpg,362,19,624,281,882,130
0571103.jpg,362,19,624,281,881,129
0571104.jpg,363,19,625,281,880,130
0571105.jpg,364,19,626,281,880,128
0571106.jpg,365,19,627,281,877,126
0571107.jpg,367,21,625,279,878,130
0571108.jpg,368,22,626,280,875,135
0571109.jpg,369,22,627,280,860,144
0571110.jpg,369,22,627,280,854,153
0571111.jpg,369,23,627,281,854,155
0571112.jpg,365,23,631,289,853,157
0571113.jpg,365,23,631,289,852,158
0571114.jpg,365,23,631,289,851,158
0571115.jpg,365,23,631,289,850,160
0571116.jpg,365,23,631,289,903,141
0571117.jpg,365,23,631,289,907,146
0571118.jpg,365,23,631,289,908,149
0571119.jpg,365,23,631,289,910,151
0571120.jpg,370,23,628,281,909,153
0571121.jpg,371,23,629,281,911,155
0571122.jpg,371,23,629,281,911,158
0571123.jpg,371,23,629,281,911,157
0571124.jpg,369,21,631,283,912,157
0571125.jpg,369,21,631,283,914,159
0571126.jpg,369,21,631,283,915,158
0571127.jpg,369,21,631,283,914,160
0571128.jpg,369,21,631,283,914,159
0571129.jpg,369,21,631,283,916,159
0571130.jpg,369,21,631,283,917,160
0571131.jpg,369,21,631,283,916,163
0571132.jpg,367,25,629,287,915,164
0571133.jpg,367,25,629,287,915,166
0571134.jpg,364,23,630,289,916,167
0571135.jpg,364,23,630,289,915,167
0571136.jpg,364,23,630,289,915,168
0571137.jpg,364,23,630,289,914,166
0571138.jpg,364,23,630,289,913,167
0571139.jpg,364,23,630,289,911,166
0571140.jpg,364,23,630,289,910,167
0571141.jpg,364,23,630,289,909,166
0571142.jpg,367,22,629,284,909,168
0571143.jpg,367,21,629,283,908,170
0571144.jpg,368,21,630,283,907,170
0571145.jpg,368,21,630,283,900,162
0571146.jpg,370,23,628,281,889,160
0571147.jpg,368,24,622,278,783,279
0571148.jpg,363,22,617,276,571,142
0571149.jpg,361,19,615,273,507,140
0571150.jpg,355,17,613,275,507,142
0571151.jpg,353,17,611,275,510,144
0571152.jpg,351,17,609,275,509,144
0571153.jpg,346,13,612,279,505,145
0571154.jpg,343,11,613,281,507,144
0571155.jpg,342,12,612,282,509,143
0571156.jpg,340,12,610,282,509,143
0571157.jpg,340,12,610,282,505,143
0571158.jpg,342,14,608,280,504,144
0571159.jpg,342,14,608,280,502,144
0571160.jpg,342,14,608,280,483,130
0571161.jpg,341,14,607,280,478,132
0571162.jpg,341,14,607,280,478,134
0571163.jpg,342,14,608,280,478,134
0571164.jpg,342,14,608,280,479,134
0571165.jpg,344,16,606,278,480,135
0571166.jpg,345,16,607,278,480,137
0571167.jpg,345,16,607,278,480,137
0571168.jpg,345,16,607,278,482,138
0571169.jpg,345,17,607,279,480,137
0571170.jpg,346,17,608,279,482,140
0571171.jpg,346,18,608,280,481,140
0571172.jpg,347,22,609,284,480,141
0571173.jpg,345,22,611,288,481,140
0571174.jpg,345,22,611,288,481,143
0571175.jpg,345,24,611,290,481,143
0571176.jpg,346,26,612,292,482,143
0571177.jpg,345,24,615,294,483,144
0571178.jpg,345,24,615,294,482,144
0571179.jpg,345,24,615,294,483,144
0571180.jpg,345,25,615,295,485,144
0571181.jpg,345,26,615,296,486,145
0571182.jpg,346,27,616,297,487,146
0571183.jpg,345,27,617,299,487,147
0571184.jpg,345,28,617,300,487,148
0571185.jpg,346,28,618,300,485,151
0571186.jpg,347,29,617,299,485,153
0571187.jpg,348,30,618,300,486,154
0571188.jpg,349,32,619,302,489,156
0571189.jpg,349,32,619,302,488,158
0571190.jpg,351,34,621,304,490,161
0571191.jpg,353,39,619,305,491,162
0571192.jpg,355,45,617,307,493,166
0571193.jpg,355,48,617,310,494,167
0571194.jpg,355,52,617,314,493,170
0571195.jpg,355,54,617,316,494,172
0571196.jpg,357,56,615,314,496,176
0571197.jpg,357,57,615,315,496,177
0571198.jpg,357,57,615,315,497,177
0571199.jpg,357,57,615,315,495,177
0571200.jpg,357,57,615,315,494,178
0571201.jpg,357,57,615,315,493,179
0571202.jpg,359,59,613,313,495,179
0571203.jpg,360,60,614,314,494,179
0571204.jpg,360,60,614,314,494,180
0571205.jpg,360,60,614,314,494,181
0571206.jpg,361,61,613,313,494,181
0571207.jpg,361,61,613,313,496,183
0571208.jpg,361,61,613,313,499,183
0571209.jpg,360,60,614,314,495,182
0571210.jpg,360,60,614,314,501,181
0571211.jpg,360,59,614,313,499,180
0571212.jpg,360,59,614,313,499,180
0571213.jpg,360,59,614,313,499,180
0571214.jpg,361,59,615,313,501,180
0571215.jpg,361,59,615,313,502,181
0571216.jpg,361,59,615,313,500,180
0571217.jpg,361,58,615,312,502,180
0571218.jpg,361,56,615,310,502,180
0571219.jpg,361,56,615,310,502,179
0571220.jpg,361,56,615,310,501,179
0571221.jpg,361,56,615,310,502,177
0571222.jpg,361,55,615,309,501,177
0571223.jpg,361,55,615,309,500,177
0571224.jpg,361,55,615,309,502,177
0571225.jpg,361,55,615,309,500,176
0571226.jpg,361,55,615,309,501,177
0571227.jpg,361,56,615,310,500,176
0571228.jpg,360,56,614,310,499,176
0571229.jpg,360,57,614,311,500,176
0571230.jpg,360,57,614,311,499,175
0571231.jpg,358,55,616,313,500,175
0571232.jpg,358,55,616,313,499,176
0571233.jpg,358,55,616,313,497,176
0571234.jpg,358,54,616,312,497,176
0571235.jpg,360,54,614,308,496,174
0571236.jpg,364,53,616,305,496,174
0571237.jpg,366,52,618,304,495,172
0571238.jpg,369,52,621,304,533,172
0571239.jpg,374,51,626,303,787,255
0571240.jpg,379,47,631,299,834,196
0571241.jpg,380,46,632,298,887,165
0571242.jpg,384,45,636,297,907,171
0571243.jpg,385,44,637,296,909,175
0571244.jpg,388,46,636,294,906,177
0571245.jpg,389,46,637,294,902,178
0571246.jpg,390,45,638,293,898,180
0571247.jpg,390,45,638,293,896,182
0571248.jpg,388,44,640,296,893,184
0571249.jpg,388,44,640,296,889,189
0571250.jpg,388,44,640,296,887,191
0571251.jpg,389,44,641,296,887,191
0571252.jpg,391,47,639,295,885,195
0571253.jpg,391,47,639,295,886,192
0571254.jpg,391,47,639,295,883,196
0571255.jpg,391,47,639,295,882,199
0571256.jpg,391,47,639,295,884,202
0571257.jpg,391,47,639,295,883,205
0571258.jpg,391,47,639,295,882,204
0571259.jpg,391,48,639,296,882,200
0571260.jpg,391,48,639,296,883,199
0571261.jpg,391,48,639,296,885,199
0571262.jpg,391,48,639,296,887,201
0571263.jpg,391,48,639,296,887,203
0571264.jpg,390,48,638,296,889,202
0571265.jpg,392,50,636,294,891,206
0571266.jpg,392,50,636,294,893,211
0571267.jpg,392,51,636,295,894,210
0571268.jpg,392,50,636,294,894,208
0571269.jpg,392,50,636,294,894,207
0571270.jpg,392,50,636,294,894,207
0571271.jpg,392,50,636,294,893,205
0571272.jpg,392,50,636,294,894,201
0571273.jpg,392,50,636,294,896,200
0571274.jpg,392,50,636,294,898,196
0571275.jpg,392,50,636,294,898,195
0571276.jpg,390,49,638,297,900,194
0571277.jpg,390,49,638,297,904,194
0571278.jpg,390,49,638,297,907,194
0571279.jpg,390,49,638,297,911,197
0571280.jpg,390,49,638,297,913,196
0571281.jpg,390,49,638,297,915,197
0571282.jpg,391,49,639,297,915,200
0571283.jpg,391,49,639,297,918,203
0571284.jpg,391,49,639,297,915,204
0571285.jpg,391,49,639,297,914,201
0571286.jpg,391,49,639,297,911,197
0571287.jpg,393,51,637,295,905,195
0571288.jpg,393,51,637,295,902,192
0571289.jpg,393,51,637,295,898,190
0571290.jpg,393,51,637,295,895,191
0571291.jpg,393,51,637,295,893,191
0571292.jpg,393,51,637,295,893,193
0571293.jpg,393,51,637,295,897,196
0571294.jpg,393,51,637,295,899,202
0571295.jpg,392,51,636,295,901,203
0571296.jpg,390,49,638,297,903,206
0571297.jpg,390,49,638,297,904,199
0571298.jpg,390,49,638,297,909,199
0571299.jpg,390,49,638,297,909,198
0571300.jpg,390,49,638,297,911,198
0571301.jpg,390,49,638,297,912,193
0571302.jpg,390,49,638,297,912,188
0571303.jpg,390,49,638,297,911,184
0571304.jpg,390,49,638,297,914,177
0571305.jpg,390,48,638,296,914,172
0571306.jpg,390,48,638,296,913,168
0571307.jpg,390,48,638,296,913,166
0571308.jpg,390,48,638,296,913,166
0571309.jpg,389,48,637,296,912,170
0571310.jpg,390,48,638,296,911,174
0571311.jpg,390,48,638,296,911,174
0571312.jpg,391,48,639,296,912,175
0571313.jpg,391,48,639,296,912,176
0571314.jpg,391,48,639,296,912,178
0571315.jpg,391,48,639,296,912,176
0571316.jpg,391,48,639,296,911,175
0571317.jpg,391,48,639,296,914,174
0571318.jpg,391,48,639,296,916,177
0571319.jpg,391,48,639,296,918,179
0571320.jpg,391,48,639,296,920,177
0571321.jpg,391,47,639,295,920,179
0571322.jpg,389,45,641,297,918,181
0571323.jpg,391,47,639,295,916,184
0571324.jpg,390,47,638,295,916,183
0571325.jpg,390,47,638,295,917,181
0571326.jpg,390,47,638,295,920,176
0571327.jpg,390,47,638,295,924,175
0571328.jpg,390,47,638,295,926,177
0571329.jpg,390,47,638,295,928,180
0571330.jpg,390,47,638,295,928,181
0571331.jpg,390,47,638,295,927,182
0571332.jpg,390,47,638,295,927,185
0571333.jpg,390,47,638,295,928,186
0571334.jpg,390,46,638,294,929,189
0571335.jpg,390,46,638,294,931,188
0571336.jpg,388,44,640,296,933,184
0571337.jpg,388,44,640,296,934,181
0571338.jpg,388,44,640,296,933,179
0571339.jpg,388,44,640,296,933,180
0571340.jpg,388,44,640,296,934,182
0571341.jpg,388,44,640,296,932,184
0571342.jpg,388,44,640,296,930,184
0571343.jpg,388,44,640,296,930,187
0571344.jpg,388,44,640,296,929,191
0571345.jpg,388,44,640,296,926,193
0571346.jpg,388,44,640,296,926,192
0571347.jpg,388,44,640,296,927,193
0571348.jpg,387,44,639,296,929,190
0571349.jpg,387,45,639,297,934,186
0571350.jpg,387,45,639,297,936,188
0571351.jpg,387,45,639,297,937,185
0571352.jpg,387,45,639,297,938,188
0571353.jpg,388,44,640,296,938,190
0571354.jpg,388,44,640,296,938,194
0571355.jpg,388,44,640,296,939,199
0571356.jpg,388,44,640,296,937,200
0571357.jpg,388,44,640,296,939,202
0571358.jpg,387,44,639,296,939,202
0571359.jpg,387,44,639,296,939,202
0571360.jpg,387,44,639,296,939,201
0571361.jpg,387,44,639,296,940,200
0571362.jpg,387,44,639,296,942,198
0571363.jpg,387,44,639,296,941,198
0571364.jpg,387,43,639,295,940,200
0571365.jpg,386,43,638,295,938,205
0571366.jpg,385,42,639,296,935,210
0571367.jpg,385,42,639,296,933,215
0571368.jpg,387,43,639,295,932,217
0571369.jpg,387,43,639,295,931,213
0571370.jpg,387,43,639,295,933,210
0571371.jpg,387,43,639,295,935,209
0571372.jpg,387,43,639,295,937,207
0571373.jpg,387,43,639,295,937,204
0571374.jpg,387,44,639,296,938,206
0571375.jpg,387,44,639,296,938,211
0571376.jpg,387,44,639,296,898,247
0571377.jpg,388,45,640,297,961,413
0571378.jpg,388,45,640,297,969,418
0571379.jpg,388,45,640,297,971,427
0571380.jpg,388,45,640,297,969,423
0571381.jpg,388,45,640,297,971,420
0571382.jpg,388,45,640,297,977,429
0571383.jpg,388,44,640,296,984,440
0571384.jpg,387,44,639,296,991,446
0571385.jpg,387,43,639,295,992,448
0571386.jpg,387,42,639,294,998,448
0571387.jpg,387,42,639,294,913,263
0571388.jpg,387,42,639,294,951,194
0571389.jpg,387,41,639,293,959,196
0571390.jpg,387,41,639,293,959,195
0571391.jpg,387,41,639,293,960,195
0571392.jpg,387,41,639,293,960,191
0571393.jpg,387,41,639,293,960,190
0571394.jpg,387,40,639,292,959,189
0571395.jpg,387,40,639,292,960,188
0571396.jpg,387,40,639,292,940,197
0571397.jpg,389,42,637,290,952,187
0571398.jpg,389,42,637,290,952,186
0571399.jpg,389,42,637,290,949,184
0571400.jpg,390,43,638,291,946,186
0571401.jpg,390,43,638,291,940,192
0571402.jpg,390,43,638,291,931,197
0571403.jpg,390,43,638,291,920,199
0571404.jpg,390,43,638,291,912,210
0571405.jpg,388,41,640,293,904,218
0571406.jpg,387,40,639,292,898,210
0571407.jpg,387,39,639,291,890,209
0571408.jpg,389,41,637,289,882,213
0571409.jpg,389,41,637,289,875,219
0571410.jpg,389,41,637,289,865,224
0571411.jpg,389,41,637,289,857,232
0571412.jpg,388,41,636,289,853,238
0571413.jpg,388,41,636,289,854,237
0571414.jpg,386,39,638,291,857,244
0571415.jpg,386,39,638,291,857,247
0571416.jpg,386,39,638,291,856,245
0571417.jpg,385,39,637,291,854,240
0571418.jpg,385,39,637,291,856,235
0571419.jpg,385,38,637,290,860,230
0571420.jpg,385,37,637,289,866,225
0571421.jpg,385,37,637,289,870,221
0571422.jpg,385,37,637,289,871,219
0571423.jpg,385,37,637,289,868,219
0571424.jpg,385,37,637,289,871,220
0571425.jpg,385,36,637,288,882,212
0571426.jpg,384,36,636,288,890,205
0571427.jpg,384,36,636,288,898,199
0571428.jpg,384,36,636,288,905,185
0571429.jpg,384,36,636,288,907,182
0571430.jpg,384,36,636,288,915,182
0571431.jpg,382,36,634,288,908,207
0571432.jpg,383,38,631,286,906,352
0571433.jpg,383,37,631,285,821,387
0571434.jpg,379,37,627,285,511,161
0571435.jpg,376,36,624,284,507,164
0571436.jpg,375,37,619,281,507,164
0571437.jpg,374,35,618,279,505,164
0571438.jpg,372,34,616,278,506,166
0571439.jpg,371,34,615,278,506,166
0571440.jpg,371,34,615,278,503,167
0571441.jpg,369,34,613,278,502,168
0571442.jpg,369,34,613,278,502,169
0571443.jpg,366,33,614,281,501,168
0571444.jpg,365,35,613,283,501,168
0571445.jpg,364,35,612,283,500,169
0571446.jpg,364,35,612,283,500,169
0571447.jpg,362,34,614,286,499,169
0571448.jpg,362,35,614,287,499,171
0571449.jpg,360,34,614,288,499,170
0571450.jpg,360,35,614,289,499,170
0571451.jpg,360,36,614,290,499,171
0571452.jpg,360,36,614,290,502,171
0571453.jpg,358,34,616,292,500,170
0571454.jpg,358,34,616,292,500,170
0571455.jpg,358,34,616,292,500,171
0571456.jpg,361,36,613,288,500,171
0571457.jpg,362,36,614,288,499,170
0571458.jpg,362,36,614,288,500,170
0571459.jpg,362,36,614,288,499,171
0571460.jpg,361,36,613,288,500,170
0571461.jpg,360,36,614,290,500,171
0571462.jpg,360,36,614,290,497,172
0571463.jpg,360,36,614,290,495,171
0571464.jpg,360,36,614,290,496,172
0571465.jpg,360,37,614,291,498,171
0571466.jpg,360,37,614,291,499,172
0571467.jpg,360,38,614,292,498,172
0571468.jpg,358,36,616,294,499,172
0571469.jpg,358,36,616,294,499,172
0571470.jpg,358,36,616,294,499,172
0571471.jpg,358,36,616,294,497,171
0571472.jpg,358,36,616,294,499,172
0572000.jpg,762,24,1014,276,890,141
0572001.jpg,762,24,1014,276,894,147
0572002.jpg,761,25,1015,279,895,148
0572003.jpg,761,27,1015,281,893,150
0572004.jpg,761,27,1015,281,893,153
0572005.jpg,760,31,1014,285,892,156
0572006.jpg,760,31,1014,285,891,158
0572007.jpg,759,31,1013,285,890,161
0572008.jpg,759,31,1013,285,889,163
0572009.jpg,759,31,1013,285,887,162
0572010.jpg,759,31,1013,285,890,160
0572011.jpg,759,31,1013,285,889,157
0572012.jpg,759,28,1017,286,890,152
0572013.jpg,757,25,1019,287,889,148
0572014.jpg,757,22,1019,284,888,144
0572015.jpg,756,18,1018,280,892,139
0572016.jpg,756,16,1018,278,892,135
0572017.jpg,758,10,1016,268,893,130
0572018.jpg,758,10,1016,268,895,129
0572019.jpg,758,10,1016,268,894,129
0572020.jpg,754,6,1020,272,894,129
0572021.jpg,754,13,1020,279,894,128
0572022.jpg,754,14,1020,280,893,130
0572023.jpg,753,15,1019,281,894,132
0572024.jpg,751,15,1017,281,893,136
0572025.jpg,751,16,1017,282,892,138
0572026.jpg,753,18,1015,280,892,140
0572027.jpg,753,18,1015,280,891,143
0572028.jpg,755,20,1013,278,891,143
0572029.jpg,754,20,1012,278,888,141
0572030.jpg,755,22,1009,276,886,140
0572031.jpg,757,25,1005,273,510,497
0572032.jpg,756,29,996,269,632,294
0572033.jpg,753,30,993,270,546,241
0572034.jpg,746,31,986,271,530,230
0572035.jpg,741,29,985,273,526,226
0572036.jpg,735,29,979,273,532,210
0572037.jpg,728,29,976,277,539,220
0572038.jpg,725,30,973,278,529,204
0572039.jpg,724,30,972,278,514,201
0572040.jpg,722,37,970,285,607,265
0572041.jpg,722,39,970,287,636,266
0572042.jpg,722,39,970,287,640,267
0572043.jpg,721,41,969,289,640,268
0572044.jpg,721,41,969,289,639,268
0572045.jpg,719,44,967,292,640,268
0572046.jpg,719,44,967,292,641,269
0572047.jpg,717,46,965,294,641,269
0572048.jpg,715,44,967,296,641,268
0572049.jpg,717,46,965,294,598,261
0572050.jpg,717,44,965,292,600,262
0572051.jpg,718,42,966,290,601,263
0572052.jpg,718,40,966,288,600,262
0572053.jpg,719,40,967,288,540,340
0572054.jpg,719,40,967,288,545,338
0572055.jpg,720,40,968,288,548,338
0572056.jpg,720,40,968,288,552,340
0572057.jpg,722,40,970,288,551,340
0572058.jpg,723,40,971,288,552,341
0572059.jpg,724,41,972,289,553,342
0572060.jpg,724,41,972,289,533,188
0572061.jpg,724,41,972,289,514,157
0572062.jpg,725,41,973,289,509,171
0572063.jpg,726,43,974,291,509,172
0572064.jpg,729,45,973,289,509,172
0572065.jpg,731,43,979,291,509,173
0572066.jpg,732,43,980,291,510,172
0572067.jpg,736,41,980,285,510,174
0572068.jpg,747,40,983,276,511,173
0572069.jpg,748,39,984,275,511,174
0572070.jpg,752,38,988,274,511,174
0572071.jpg,754,36,994,276,511,174
0572072.jpg,756,35,996,275,512,173
0572073.jpg,757,35,997,275,511,173
0572074.jpg,756,32,1000,276,512,174
0572075.jpg,760,32,1004,276,511,173
0572076.jpg,758,30,1006,278,511,173
0572077.jpg,759,30,1007,278,510,173
0572078.jpg,762,30,1010,278,508,173
0572079.jpg,761,31,1013,283,507,173
0572080.jpg,761,38,1013,290,505,172
0572081.jpg,761,43,1013,295,505,173
0572082.jpg,760,48,1012,300,501,171
0572083.jpg,761,53,1009,301,500,171
0572084.jpg,761,53,1009,301,498,172
0572085.jpg,760,53,1008,301,497,171
0572086.jpg,761,53,1009,301,494,172
0572087.jpg,760,52,1008,300,493,172
0572088.jpg,760,47,1008,295,491,172
0572089.jpg,757,41,1009,293,490,171
0572090.jpg,756,40,1010,294,490,171
0572091.jpg,756,39,1010,293,489,171
0572092.jpg,756,38,1010,292,488,172
0572093.jpg,757,36,1011,290,488,172
0572094.jpg,759,30,1011,282,516,163
0572095.jpg,763,21,1015,273,447,163
0572096.jpg,773,17,1025,269,282,296
0572097.jpg,775,14,1027,266,674,459
0572098.jpg,783,12,1035,264,754,497
0572099.jpg,785,10,1033,258,808,511
0572100.jpg,785,8,1033,256,859,485
0572101.jpg,783,4,1031,252,906,193
0572102.jpg,779,3,1027,251,901,193
0572103.jpg,774,0,1026,252,907,115
0572104.jpg,768,0,1020,252,903,119
0572105.jpg,765,0,1017,252,901,119
0572106.jpg,765,0,1017,252,899,120
0572107.jpg,764,0,1016,252,898,122
0572108.jpg,764,1,1016,253,901,123
0572109.jpg,764,2,1016,254,901,123
0572110.jpg,764,4,1016,256,901,125
0572111.jpg,764,6,1016,258,900,125
0572112.jpg,766,7,1018,259,899,127
0572113.jpg,768,7,1020,259,899,129
0572114.jpg,770,7,1022,259,900,130
0572115.jpg,775,11,1023,259,902,132
0572116.jpg,775,13,1023,261,903,135
0572117.jpg,776,15,1024,263,904,135
0572118.jpg,776,15,1024,263,905,137
0572119.jpg,776,16,1024,264,907,138
0572120.jpg,777,17,1029,269,907,139
0572121.jpg,777,17,1029,269,909,140
0572122.jpg,778,18,1030,270,908,141
0572123.jpg,780,20,1028,268,910,141
0572124.jpg,780,20,1028,268,910,141
0572125.jpg,781,20,1029,268,910,140
0572126.jpg,783,22,1027,266,911,140
0572127.jpg,784,21,1028,265,911,139
0572128.jpg,787,24,1027,264,912,139
0572129.jpg,789,24,1029,264,914,139
0572130.jpg,793,25,1029,261,918,141
0572131.jpg,797,26,1031,260,919,142
0572132.jpg,802,31,1028,257,921,141
0572133.jpg,805,33,1027,255,921,140
0572134.jpg,805,33,1027,255,921,143
0572135.jpg,805,33,1027,255,921,143
0572136.jpg,804,33,1026,255,920,143
0572137.jpg,804,33,1026,255,920,146
0572138.jpg,803,33,1025,255,918,144
0572139.jpg,800,31,1026,257,917,144
0572140.jpg,791,27,1025,261,914,146
0572141.jpg,779,24,1027,272,914,148
0572142.jpg,776,24,1028,276,912,149
0572143.jpg,774,25,1028,279,909,149
0572144.jpg,773,26,1027,280,904,149
0572145.jpg,772,28,1026,282,898,151
0572146.jpg,771,28,1025,282,898,151
0572147.jpg,769,28,1023,282,897,150
0572148.jpg,769,29,1021,281,897,150
0572149.jpg,769,26,1021,278,894,150
0572150.jpg,764,25,1016,277,894,150
0572151.jpg,761,25,1013,277,891,149
0572152.jpg,761,25,1013,277,891,150
0572153.jpg,759,24,1013,278,889,150
0572154.jpg,758,24,1012,278,889,150
0572155.jpg,758,24,1012,278,888,151
0572156.jpg,758,26,1012,280,889,153
0572157.jpg,758,29,1010,281,890,156
0572158.jpg,758,32,1010,284,889,158
0572159.jpg,757,34,1009,286,889,157
0572160.jpg,757,34,1009,286,889,159
0572161.jpg,757,34,1009,286,890,159
0572162.jpg,763,36,1011,284,889,161
0572163.jpg,763,36,1011,284,890,160
0572164.jpg,765,38,1009,282,889,159
0572165.jpg,764,38,1008,282,889,158
0572166.jpg,762,36,1010,284,891,157
0572167.jpg,763,38,1007,282,889,158
0572168.jpg,760,37,1008,285,889,159
0572169.jpg,757,38,1005,286,887,160
0572170.jpg,753,42,1001,290,886,162
0572171.jpg,753,44,1001,292,884,163
0572172.jpg,749,46,997,294,882,165
0572173.jpg,749,48,997,296,878,167
0572174.jpg,748,51,996,299,877,170
0572175.jpg,748,52,996,300,874,173
0572176.jpg,746,50,998,302,872,172
0572177.jpg,746,50,998,302,872,171
0572178.jpg,746,50,998,302,874,172
0572179.jpg,746,50,998,302,875,170
0572180.jpg,746,48,998,300,877,171
0572181.jpg,746,48,998,300,876,171
0572182.jpg,746,47,998,299,877,171
0572183.jpg,746,47,998,299,876,172
0572184.jpg,746,47,998,299,877,171
0572185.jpg,746,46,998,298,877,172
0572186.jpg,747,47,999,299,877,174
0572187.jpg,747,47,999,299,879,172
0572188.jpg,747,47,999,299,879,173
0572189.jpg,747,47,999,299,877,173
0572190.jpg,750,49,998,297,878,174
0572191.jpg,752,51,996,295,879,176
0572192.jpg,752,52,996,296,880,178
0572193.jpg,753,52,997,296,880,176
0572194.jpg,751,51,999,299,879,177
0572195.jpg,751,51,999,299,879,178
0572196.jpg,752,51,1000,299,880,177
0572197.jpg,752,51,1000,299,879,178
0572198.jpg,752,51,1000,299,879,177
0572199.jpg,750,50,1002,302,873,171
0572200.jpg,749,50,1003,304,882,175
0572201.jpg,744,46,1006,308,816,132
0572202.jpg,742,44,1008,310,820,128
0572203.jpg,738,42,1008,312,794,101
0572204.jpg,736,41,1006,311,798,101
0572205.jpg,735,40,1001,306,796,102
0572206.jpg,735,36,1001,302,795,101
0572207.jpg,739,38,997,296,794,102
0572208.jpg,741,39,995,293,558,66
0572209.jpg,744,42,992,290,551,65
0572210.jpg,742,42,990,290,557,115
0572211.jpg,739,42,987,290,551,112
0572212.jpg,739,48,987,296,544,110
0572213.jpg,734,52,986,304,545,109
0572214.jpg,732,60,984,312,496,193
0572215.jpg,730,65,978,313,503,191
0572216.jpg,728,66,976,314,504,188
0572217.jpg,730,68,974,312,504,187
0572218.jpg,730,68,974,312,505,184
0572219.jpg,730,68,974,312,504,185
0572220.jpg,730,69,974,313,505,182
0572221.jpg,730,69,974,313,504,182
0572222.jpg,730,68,974,312,505,183
0572223.jpg,730,68,974,312,503,182
0572224.jpg,729,68,973,312,504,182
0572225.jpg,729,68,973,312,503,181
0572226.jpg,729,68,973,312,479,218
0572227.jpg,729,65,973,309,505,247
0572228.jpg,736,60,980,304,602,279
0572229.jpg,738,52,986,300,757,321
0572230.jpg,742,46,990,294,750,317
0572231.jpg,746,42,994,290,841,154
0572232.jpg,747,36,995,284,848,153
0572233.jpg,747,33,995,281,848,152
0572234.jpg,749,35,993,279,845,152
0572235.jpg,746,35,990,279,845,152
0572236.jpg,746,31,990,275,851,147
0572237.jpg,746,26,990,270,854,138
0572238.jpg,753,26,997,270,870,136
0572239.jpg,767,26,1011,270,881,133
0572240.jpg,773,24,1021,272,894,141
0572241.jpg,778,24,1026,272,908,145
0572242.jpg,779,29,1027,277,915,152
0572243.jpg,779,32,1027,280,916,153
0572244.jpg,781,37,1025,281,914,156
0572245.jpg,779,40,1023,284,912,158
0572246.jpg,773,42,1017,286,900,150
0572247.jpg,766,43,1010,287,897,154
0572248.jpg,766,45,1010,289,892,157
0572249.jpg,765,47,1009,291,889,158
0572250.jpg,764,48,1008,292,888,160
0572251.jpg,763,50,1007,294,885,163
0572252.jpg,763,56,1003,296,884,166
0572253.jpg,761,60,1001,300,883,170
0572254.jpg,761,67,1001,307,882,175
0572255.jpg,761,67,1001,307,881,179
0572256.jpg,761,67,1001,307,880,181
0572257.jpg,761,67,1001,307,878,178
0572258.jpg,759,62,1003,306,878,176
0572259.jpg,758,62,1002,306,879,172
0572260.jpg,758,62,1002,306,879,173
0572261.jpg,758,61,1002,305,878,173
0572262.jpg,760,61,1004,305,881,174
0572263.jpg,761,62,1005,306,882,175
0572264.jpg,763,62,1007,306,883,176
0572265.jpg,760,59,1012,311,884,177
0572266.jpg,757,56,1015,314,887,177
0572267.jpg,757,56,1015,314,888,176
0572268.jpg,757,56,1015,314,889,174
0572269.jpg,758,54,1012,308,887,175
0572270.jpg,758,54,1012,308,889,174
0572271.jpg,759,55,1011,307,890,172
0572272.jpg,759,54,1011,306,891,170
0572273.jpg,761,52,1013,304,892,168
0572274.jpg,764,49,1016,301,893,166
0572275.jpg,766,48,1018,300,894,165
0572276.jpg,768,47,1020,299,895,163
0572277.jpg,772,47,1024,299,903,163
0572278.jpg,778,47,1030,299,908,163
0572279.jpg,779,46,1033,300,913,165
0572280.jpg,781,47,1035,301,918,165
0572281.jpg,784,49,1036,301,923,167
0572282.jpg,794,52,1042,300,926,171
0572283.jpg,794,52,1042,300,929,175
0572284.jpg,794,52,1042,300,927,175
0572285.jpg,789,52,1037,300,924,171
0572286.jpg,784,50,1032,298,916,167
0572287.jpg,782,50,1030,298,909,163
0572288.jpg,774,50,1022,298,903,161
0572289.jpg,769,49,1017,297,898,160
0572290.jpg,765,49,1013,297,895,161
0572291.jpg,765,49,1013,297,893,161
0572292.jpg,765,49,1013,297,894,161
0572293.jpg,767,51,1015,299,894,165
0572294.jpg,770,54,1018,302,896,168
0572295.jpg,771,58,1019,306,897,171
0572296.jpg,772,58,1020,306,898,174
0572297.jpg,774,58,1022,306,897,175
0572298.jpg,775,58,1023,306,906,175
0572299.jpg,778,58,1026,306,905,174
0572300.jpg,778,52,1026,300,907,170
0572301.jpg,779,46,1031,298,909,166
0572302.jpg,781,47,1029,295,911,160
0572303.jpg,781,42,1029,290,910,154
0572304.jpg,782,34,1030,282,910,150
0572305.jpg,782,31,1030,279,910,147
0572306.jpg,782,29,1030,277,911,143
0572307.jpg,782,29,1030,277,911,141
0572308.jpg,782,29,1030,277,908,139
0572309.jpg,779,27,1031,279,908,137
0572310.jpg,778,28,1032,282,909,139
0572311.jpg,777,31,1031,285,908,140
0572312.jpg,777,33,1031,287,907,143
0572313.jpg,780,36,1028,284,906,146
0572314.jpg,779,36,1027,284,906,148
0572315.jpg,781,39,1025,283,904,149
0572316.jpg,781,39,1025,283,906,149
0572317.jpg,787,41,1027,281,907,150
0572318.jpg,789,41,1029,281,911,152
0572319.jpg,792,45,1032,285,910,153
0572320.jpg,790,45,1034,289,909,155
0572321.jpg,788,44,1036,292,908,157
0572322.jpg,787,44,1035,292,909,160
0572323.jpg,787,44,1035,292,907,160
0572324.jpg,787,44,1035,292,907,157
0572325.jpg,787,42,1035,290,906,152
0572326.jpg,787,42,1035,290,911,148
0572327.jpg,785,40,1037,292,916,147
0572328.jpg,788,40,1040,292,918,150
0572329.jpg,791,40,1045,294,916,153
0572330.jpg,791,42,1045,296,918,156
0572331.jpg,792,44,1046,298,918,159
0572332.jpg,792,44,1046,298,919,161
0572333.jpg,795,45,1047,297,918,161
0572334.jpg,797,45,1049,297,923,159
0572335.jpg,801,45,1053,297,923,158
0572336.jpg,800,41,1054,295,926,154
0572337.jpg,800,40,1054,294,927,154
0572338.jpg,800,40,1054,294,928,153
0572339.jpg,801,41,1053,293,927,152
0572340.jpg,801,41,1053,293,927,156
0572341.jpg,800,44,1052,296,925,160
0572342.jpg,800,51,1052,303,924,165
0572343.jpg,799,53,1051,305,923,167
0572344.jpg,801,55,1049,303,920,170
0572345.jpg,800,55,1048,303,918,170
0572346.jpg,798,53,1050,305,916,170
0572347.jpg,798,51,1050,303,917,167
0572348.jpg,799,47,1051,299,921,165
0572349.jpg,800,47,1052,299,925,162
0572350.jpg,800,47,1052,299,927,162
0572351.jpg,801,47,1053,299,926,163
0572352.jpg,803,50,1051,298,926,167
0572353.jpg,807,57,1047,297,925,170
0572354.jpg,806,60,1046,300,929,175
0572355.jpg,806,62,1046,302,927,179
0572356.jpg,804,63,1048,307,928,181
0572357.jpg,804,64,1048,308,928,183
0572358.jpg,804,64,1048,308,928,182
0572359.jpg,802,62,1050,310,929,180
0572360.jpg,802,62,1050,310,930,178
0572361.jpg,803,64,1051,312,932,176
0572362.jpg,803,64,1051,312,935,176
0572363.jpg,803,64,1051,312,933,177
0572364.jpg,803,64,1051,312,929,182
0572365.jpg,803,67,1051,315,925,188
0572366.jpg,803,71,1051,319,924,194
0572367.jpg,806,73,1050,317,922,196
0572368.jpg,806,73,1050,317,921,195
0572369.jpg,806,73,1050,317,921,193
0572370.jpg,806,73,1050,317,923,190
0572371.jpg,804,70,1052,318,924,188
0572372.jpg,803,70,1051,318,925,187
0572373.jpg,803,70,1051,318,926,187
0572374.jpg,802,70,1050,318,928,190
0572375.jpg,804,72,1048,316,927,192
0572376.jpg,806,74,1046,314,926,195
0572377.jpg,806,74,1046,314,924,195
0572378.jpg,807,74,1047,314,925,192
0572379.jpg,808,68,1056,316,927,188
0572380.jpg,810,68,1058,316,930,186
0572381.jpg,815,68,1063,316,934,183
0572382.jpg,817,68,1065,316,935,186
0572383.jpg,817,71,1065,319,935,189
0572384.jpg,817,71,1065,319,935,191
0572385.jpg,817,71,1065,319,937,192
0572386.jpg,819,73,1063,317,939,193
0572387.jpg,820,73,1064,317,940,192
0572388.jpg,821,72,1065,316,942,191
0572389.jpg,822,71,1066,315,943,189
0572390.jpg,821,68,1069,316,943,190
0572391.jpg,821,68,1069,316,944,189
0572392.jpg,821,68,1069,316,944,188
0572393.jpg,821,68,1069,316,944,187
0572394.jpg,819,65,1071,317,944,187
0572395.jpg,819,65,1071,317,943,186
0572396.jpg,819,65,1071,317,946,185
0572397.jpg,819,64,1071,316,945,183
0572398.jpg,820,64,1068,312,930,173
0572399.jpg,816,64,1064,312,900,170
0572400.jpg,812,64,1060,312,871,162
0572401.jpg,802,64,1050,312,550,154
0572402.jpg,794,59,1048,313,534,181
0572403.jpg,784,57,1042,315,528,183
0572404.jpg,779,57,1037,315,528,183
0572405.jpg,769,56,1027,314,525,183
0572406.jpg,764,56,1022,314,524,184
0572407.jpg,761,59,1013,311,524,183
0572408.jpg,762,63,1006,307,525,183
0572409.jpg,757,67,1001,311,525,183
0572410.jpg,747,68,999,320,525,184
0572411.jpg,741,79,989,327,524,185
0572412.jpg,731,80,983,332,524,183
0572413.jpg,729,85,981,337,523,184
0572414.jpg,729,85,981,337,524,184
0572415.jpg,729,85,981,337,523,185
0572416.jpg,733,85,985,337,522,183
0572417.jpg,734,82,986,334,523,184
0572418.jpg,740,74,992,326,522,184
0572419.jpg,744,68,998,322,522,184
0572420.jpg,745,68,997,320,522,185
0572421.jpg,744,65,998,319,522,184
0572422.jpg,745,63,997,315,522,184
0572423.jpg,744,56,998,310,521,184
0572424.jpg,747,52,1001,306,534,200
0572425.jpg,752,49,1006,303,530,247
0572426.jpg,761,45,1015,299,569,304
0572427.jpg,762,41,1016,295,808,162
0572428.jpg,772,38,1026,292,805,167
0572429.jpg,782,35,1030,283,806,167
0572430.jpg,785,35,1033,283,816,287
0572431.jpg,788,35,1036,283,913,300
0572432.jpg,786,32,1040,286,914,160
0572433.jpg,787,32,1041,286,923,163
0572434.jpg,786,34,1040,288,923,166
0572435.jpg,786,37,1040,291,921,168
0572436.jpg,783,42,1037,296,920,173
0572437.jpg,783,44,1037,298,918,175
0572438.jpg,783,44,1037,298,919,176
0572439.jpg,784,45,1038,299,924,178
0572440.jpg,784,47,1038,301,928,180
0572441.jpg,785,48,1039,302,912,162
0572442.jpg,784,46,1042,304,917,166
0572443.jpg,785,47,1043,305,916,166
0572444.jpg,789,47,1047,305,919,168
0572445.jpg,793,47,1051,305,921,168
0572446.jpg,797,49,1051,303,923,166
0572447.jpg,799,47,1051,299,926,167
0572448.jpg,799,46,1051,298,927,167
0572449.jpg,799,44,1051,296,928,165
0572450.jpg,801,46,1049,294,928,160
0572451.jpg,800,41,1052,293,929,157
0572452.jpg,804,33,1058,287,931,154
0572453.jpg,806,31,1060,285,977,134
0572454.jpg,811,28,1063,280,999,123
0572455.jpg,811,22,1063,274,1025,108
0572456.jpg,811,14,1063,266,1017,111
0572457.jpg,810,10,1062,262,1021,113
0572458.jpg,810,7,1062,259,1021,113
0572459.jpg,810,7,1062,259,1023,114
0572460.jpg,810,5,1062,257,1025,113
0572461.jpg,812,7,1060,255,1026,113
0572462.jpg,812,4,1060,252,1014,95
0572463.jpg,810,3,1058,251,940,115
0572464.jpg,808,3,1056,251,936,118
0572465.jpg,799,0,1053,254,918,111
0572466.jpg,796,-2,1054,256,928,110
0572467.jpg,795,-1,1053,257,929,108
0572468.jpg,795,2,1053,260,930,109
0572469.jpg,795,4,1053,262,930,110
0572470.jpg,795,4,1053,262,926,114
0572471.jpg,795,7,1053,265,925,116
0572472.jpg,795,11,1053,269,928,120
