0611000.jpg,150,166,420,436,290,289
0611001.jpg,150,166,420,436,286,290
0611002.jpg,151,166,421,436,285,290
0611003.jpg,151,166,421,436,288,290
0611004.jpg,151,166,421,436,286,289
0611005.jpg,153,168,419,434,286,289
0611006.jpg,153,168,419,434,286,290
0611007.jpg,153,168,419,434,287,289
0611008.jpg,153,168,419,434,286,289
0611009.jpg,153,168,419,434,287,289
0611010.jpg,153,168,419,434,289,289
0611011.jpg,151,166,421,436,288,290
0611012.jpg,150,168,422,440,286,290
0611013.jpg,150,168,422,440,286,289
0611014.jpg,150,168,422,440,287,289
0611015.jpg,149,168,421,440,286,290
0611016.jpg,149,168,421,440,286,290
0611017.jpg,149,168,421,440,286,289
0611018.jpg,149,168,421,440,286,289
0611019.jpg,149,168,421,440,285,289
0611020.jpg,149,168,421,440,285,289
0611021.jpg,149,168,421,440,285,289
0611022.jpg,149,168,421,440,286,290
0611023.jpg,149,168,421,440,285,290
0611024.jpg,150,168,420,438,286,289
0611025.jpg,150,167,420,437,286,289
0611026.jpg,150,167,420,437,286,289
0611027.jpg,150,167,420,437,285,289
0611028.jpg,150,167,420,437,285,289
0611029.jpg,150,167,420,437,285,289
0611030.jpg,150,167,420,437,285,290
0611031.jpg,150,166,420,436,285,290
0611032.jpg,150,166,420,436,286,289
0611033.jpg,150,166,420,436,286,289
0611034.jpg,150,166,420,436,285,290
0611035.jpg,149,166,419,436,284,289
0611036.jpg,149,166,419,436,284,289
0611037.jpg,149,166,419,436,285,289
0611038.jpg,149,166,419,436,286,290
0611039.jpg,149,166,419,436,285,290
0611040.jpg,151,166,421,436,286,290
0611041.jpg,151,166,421,436,287,289
0611042.jpg,154,166,424,436,329,298
0611043.jpg,163,166,433,436,361,291
0611044.jpg,168,165,438,435,750,468
0611045.jpg,171,165,441,435,827,439
0611046.jpg,175,165,445,435,910,348
0611047.jpg,183,167,449,433,919,345
0611048.jpg,185,167,451,433,921,345
0611049.jpg,191,167,457,433,920,345
0611050.jpg,191,165,461,435,919,343
0611051.jpg,193,165,463,435,917,342
0611052.jpg,193,165,463,435,914,342
0611053.jpg,193,165,463,435,912,340
0611054.jpg,192,163,464,435,913,339
0611055.jpg,192,163,464,435,912,338
0611056.jpg,192,162,464,434,911,339
0611057.jpg,192,162,464,434,909,339
0611058.jpg,192,162,464,434,910,339
0611059.jpg,194,163,464,433,909,338
0611060.jpg,194,163,464,433,909,339
0611061.jpg,194,163,464,433,910,340
0611062.jpg,194,163,464,433,910,339
0611063.jpg,194,163,464,433,911,339
0611064.jpg,193,162,465,434,913,338
0611065.jpg,193,162,465,434,913,337
0611066.jpg,193,162,465,434,913,334
0611067.jpg,193,162,465,434,899,414
0611068.jpg,193,161,465,433,993,511
0611069.jpg,190,159,466,435,767,497
0611070.jpg,186,159,462,435,308,277
0611071.jpg,183,159,459,435,297,285
0611072.jpg,182,159,458,435,294,288
0611073.jpg,179,160,455,436,292,287
0611074.jpg,178,161,454,437,288,287
0611075.jpg,177,161,453,437,289,287
0611076.jpg,175,161,451,437,282,287
0611077.jpg,173,161,449,437,283,287
0611078.jpg,172,161,448,437,279,287
0611079.jpg,172,162,444,434,275,287
0611080.jpg,172,162,442,432,274,287
0611081.jpg,170,161,440,431,313,294
0611082.jpg,170,161,440,431,308,295
0611083.jpg,168,161,438,431,306,294
0611084.jpg,166,160,438,432,304,294
0611085.jpg,166,160,438,432,303,294
0611086.jpg,166,160,438,432,303,294
0611087.jpg,166,160,438,432,302,295
0611088.jpg,166,161,438,433,303,294
0611089.jpg,166,161,438,433,305,295
0611090.jpg,166,161,438,433,305,295
0611091.jpg,167,161,439,433,303,295
0611092.jpg,167,161,439,433,302,298
0611093.jpg,168,162,440,434,304,300
0611094.jpg,169,163,441,435,304,299
0611095.jpg,171,165,441,435,306,301
0611096.jpg,172,166,442,436,306,304
0611097.jpg,172,166,442,436,306,305
0611098.jpg,172,165,444,437,308,306
0611099.jpg,171,164,447,440,307,306
0611100.jpg,172,164,448,440,306,307
0611101.jpg,170,163,450,443,308,307
0611102.jpg,171,163,451,443,310,309
0611103.jpg,171,163,451,443,315,285
0611104.jpg,171,163,451,443,314,285
0611105.jpg,171,163,451,443,314,285
0611106.jpg,172,164,448,440,314,285
0611107.jpg,172,163,448,439,313,283
0611108.jpg,173,165,445,437,313,283
0611109.jpg,173,165,445,437,312,283
0611110.jpg,173,165,445,437,311,283
0611111.jpg,172,165,444,437,310,282
0611112.jpg,172,166,444,438,311,284
0611113.jpg,172,166,444,438,311,285
0611114.jpg,171,166,443,438,311,286
0611115.jpg,171,166,443,438,310,285
0611116.jpg,171,166,443,438,310,285
0611117.jpg,171,166,443,438,310,285
0611118.jpg,171,166,443,438,310,285
0611119.jpg,172,167,442,437,309,287
0611120.jpg,172,167,442,437,308,286
0611121.jpg,172,166,442,436,308,286
0611122.jpg,172,166,442,436,309,287
0611123.jpg,172,166,442,436,308,287
0611124.jpg,172,167,442,437,309,287
0611125.jpg,171,167,443,439,308,288
0611126.jpg,170,167,442,439,309,289
0611127.jpg,170,167,442,439,308,290
0611128.jpg,170,168,442,440,309,290
0611129.jpg,170,168,442,440,307,289
0611130.jpg,171,168,443,440,308,291
0611131.jpg,171,168,443,440,308,289
0611132.jpg,171,167,443,439,309,290
0611133.jpg,172,168,442,438,309,291
0611134.jpg,172,168,442,438,308,291
0611135.jpg,172,168,442,438,309,291
0611136.jpg,172,168,442,438,309,291
0611137.jpg,172,168,442,438,308,291
0611138.jpg,172,168,442,438,308,290
0611139.jpg,172,168,442,438,309,289
0611140.jpg,171,167,443,439,308,288
0611141.jpg,171,167,443,439,309,289
0611142.jpg,171,167,443,439,307,288
0611143.jpg,171,167,443,439,308,289
0611144.jpg,171,167,443,439,309,289
0611145.jpg,171,167,443,439,309,290
0611146.jpg,171,167,443,439,309,289
0611147.jpg,171,166,443,438,307,290
0611148.jpg,171,165,443,437,308,289
0611149.jpg,172,166,442,436,308,287
0611150.jpg,172,165,442,435,307,287
0611151.jpg,172,164,442,434,306,287
0611152.jpg,172,164,442,434,307,286
0611153.jpg,172,163,442,433,307,284
0611154.jpg,172,163,442,433,307,285
0611155.jpg,172,163,442,433,307,285
0611156.jpg,172,163,442,433,308,285
0611157.jpg,172,164,442,434,309,285
0611158.jpg,172,164,442,434,309,284
0611159.jpg,172,164,442,434,309,284
0611160.jpg,173,164,443,434,309,285
0611161.jpg,173,164,443,434,308,285
0611162.jpg,173,164,443,434,308,285
0611163.jpg,173,164,443,434,309,284
0611164.jpg,172,164,442,434,309,285
0611165.jpg,172,164,442,434,308,286
0611166.jpg,172,164,442,434,308,286
0611167.jpg,172,164,442,434,308,285
0611168.jpg,172,163,442,433,308,286
0611169.jpg,172,163,442,433,308,286
0611170.jpg,170,163,442,435,309,287
0611171.jpg,170,163,442,435,306,287
0611172.jpg,170,163,442,435,306,287
0611173.jpg,170,163,442,435,305,287
0611174.jpg,169,163,441,435,305,287
0611175.jpg,169,163,441,435,305,287
0611176.jpg,169,163,441,435,305,288
0611177.jpg,169,164,441,436,304,289
0611178.jpg,169,164,441,436,305,289
0611179.jpg,169,164,441,436,304,290
0611180.jpg,169,165,441,437,304,290
0611181.jpg,169,165,441,437,305,289
0611182.jpg,169,165,441,437,304,290
0611183.jpg,169,166,441,438,305,289
0611184.jpg,169,166,441,438,304,290
0611185.jpg,169,166,441,438,305,289
0611186.jpg,169,166,441,438,305,289
0611187.jpg,169,166,441,438,305,289
0611188.jpg,169,166,441,438,306,289
0611189.jpg,169,166,441,438,305,290
0611190.jpg,170,166,442,438,306,291
0611191.jpg,170,166,442,438,306,292
0611192.jpg,171,167,441,437,308,292
0611193.jpg,171,168,441,438,307,294
0611194.jpg,171,168,441,438,335,303
0611196.jpg,173,168,445,440,363,291
0611197.jpg,173,167,449,443,367,299
0611198.jpg,176,167,452,443,371,299
0611199.jpg,179,168,455,444,877,416
0611200.jpg,181,168,457,444,875,416
0611201.jpg,186,170,458,442,873,418
0611202.jpg,186,170,458,442,872,418
0611203.jpg,185,168,461,444,872,417
0611204.jpg,185,168,461,444,887,361
0611205.jpg,186,170,458,442,912,363
0611206.jpg,186,170,458,442,883,410
0611207.jpg,186,171,458,443,865,602
0611208.jpg,186,171,458,443,879,603
0611209.jpg,185,171,457,443,881,604
0611210.jpg,185,171,457,443,881,604
0611211.jpg,185,172,457,444,880,605
0611212.jpg,185,173,457,445,881,606
0611213.jpg,185,173,457,445,881,608
0611214.jpg,181,169,461,449,881,609
0611215.jpg,181,169,461,449,882,609
0611216.jpg,179,169,459,449,881,609
0611217.jpg,180,170,456,446,879,610
0611218.jpg,180,170,456,446,879,611
0611219.jpg,179,170,455,446,859,608
0611220.jpg,179,170,455,446,872,597
0611221.jpg,179,169,455,445,883,501
0611222.jpg,182,169,458,445,891,367
0611223.jpg,186,170,458,442,886,365
0611224.jpg,191,171,461,441,891,367
0611225.jpg,196,171,466,441,892,367
0611226.jpg,203,173,469,439,892,368
0611227.jpg,207,175,469,437,893,368
0611228.jpg,208,175,470,437,894,369
0611229.jpg,211,176,469,434,893,369
0611230.jpg,214,176,472,434,893,369
0611231.jpg,215,176,473,434,895,369
0611232.jpg,217,176,475,434,895,370
0611233.jpg,219,176,477,434,895,370
0611234.jpg,219,175,477,433,894,369
0611235.jpg,219,175,477,433,894,367
0611236.jpg,219,175,477,433,894,368
0611237.jpg,219,175,477,433,894,368
0611238.jpg,219,175,477,433,894,370
0611239.jpg,219,175,477,433,893,371
0611240.jpg,215,173,477,435,893,369
0611241.jpg,213,173,475,435,893,366
0611242.jpg,208,171,474,437,1038,501
0611243.jpg,202,169,472,439,325,283
0611244.jpg,194,167,466,439,326,284
0611245.jpg,190,167,462,439,323,284
0611246.jpg,187,165,463,441,317,282
0611247.jpg,183,163,459,439,315,281
0611248.jpg,182,163,458,439,313,281
0611249.jpg,182,163,458,439,330,290
0611250.jpg,181,163,457,439,327,292
0611251.jpg,179,161,459,441,326,291
0611252.jpg,178,161,458,441,326,291
0611253.jpg,174,160,458,444,324,291
0611254.jpg,174,160,458,444,323,292
0611255.jpg,172,161,456,445,320,292
0611256.jpg,170,161,454,445,321,293
0611257.jpg,169,161,453,445,320,293
0611258.jpg,169,161,453,445,320,293
0611259.jpg,168,161,452,445,320,293
0611260.jpg,168,160,452,444,317,292
0611261.jpg,168,160,452,444,320,291
0611262.jpg,170,161,450,441,319,292
0611263.jpg,172,162,448,438,320,290
0611264.jpg,172,162,448,438,318,290
0611265.jpg,172,162,448,438,318,290
0611266.jpg,171,162,447,438,318,291
0611267.jpg,170,163,446,439,316,291
0611268.jpg,164,160,452,448,315,291
0611269.jpg,164,163,452,451,314,291
0611270.jpg,163,166,451,454,311,293
0611271.jpg,164,169,448,453,309,295
0611272.jpg,163,171,447,455,311,300
0611273.jpg,164,176,444,456,309,303
0611274.jpg,164,178,444,458,312,310
0611275.jpg,164,179,444,459,314,313
0611276.jpg,163,179,447,463,315,317
0611277.jpg,165,182,449,466,315,319
0611278.jpg,166,182,450,466,316,320
0611279.jpg,166,182,450,466,317,320
0611280.jpg,166,182,450,466,317,318
0611281.jpg,169,181,449,461,317,315
0611282.jpg,173,182,445,454,317,311
0611283.jpg,173,181,445,453,316,309
0611284.jpg,173,179,445,451,314,305
0611285.jpg,173,177,445,449,314,303
0611286.jpg,166,167,450,451,314,302
0611287.jpg,166,167,450,451,315,301
0611288.jpg,166,166,450,450,309,300
0611289.jpg,168,168,448,448,311,300
0611290.jpg,168,168,448,448,311,300
0611291.jpg,170,170,446,446,312,300
0611292.jpg,170,169,446,445,312,298
0611293.jpg,171,167,447,443,314,297
0611294.jpg,172,165,448,441,313,297
0611295.jpg,171,163,451,443,315,296
0611296.jpg,173,162,453,442,315,294
0611297.jpg,174,162,454,442,315,293
0611298.jpg,176,162,456,442,314,292
0611299.jpg,177,162,457,442,316,291
0611300.jpg,177,162,457,442,316,292
0611301.jpg,177,162,457,442,316,292
0611302.jpg,176,161,456,441,316,294
0611303.jpg,175,161,455,441,315,293
0611304.jpg,176,163,452,439,317,293
0611305.jpg,175,162,451,438,313,293
0611306.jpg,174,162,450,438,313,293
0611307.jpg,174,161,450,437,314,293
0611308.jpg,175,163,447,435,311,292
0611309.jpg,175,163,447,435,313,292
0611310.jpg,175,162,447,434,312,292
0611311.jpg,174,162,446,434,314,291
0611312.jpg,175,163,445,433,313,293
0611313.jpg,176,163,446,433,402,298
0611314.jpg,177,163,447,433,420,296
0611315.jpg,179,163,449,433,423,296
0611316.jpg,183,163,453,433,425,297
0611317.jpg,187,163,457,433,868,408
0611318.jpg,192,163,462,433,903,373
0611319.jpg,195,164,465,434,910,379
0611320.jpg,204,167,470,433,911,379
0611321.jpg,208,169,470,431,911,380
0611322.jpg,211,171,469,429,908,381
0611323.jpg,211,171,469,429,907,382
0611324.jpg,211,171,469,429,904,382
0611325.jpg,215,173,469,427,903,383
0611326.jpg,216,173,470,427,903,382
0611327.jpg,216,173,470,427,901,382
0611328.jpg,217,173,471,427,899,383
0611329.jpg,219,173,473,427,901,383
0611330.jpg,218,171,476,429,900,385
0611331.jpg,218,171,476,429,900,386
0611332.jpg,220,171,478,429,901,385
0611333.jpg,219,169,481,431,901,387
0611334.jpg,220,169,482,431,902,388
0611335.jpg,222,169,484,431,902,385
0611336.jpg,225,173,483,431,905,387
0611337.jpg,225,174,483,432,908,387
0611338.jpg,226,174,484,432,909,388
0611339.jpg,225,172,487,434,912,388
0611340.jpg,225,172,487,434,914,387
0611341.jpg,224,171,490,437,914,388
0611342.jpg,224,171,490,437,914,388
0611343.jpg,226,174,488,436,914,390
0611344.jpg,226,172,492,438,913,391
0611345.jpg,228,174,490,436,914,391
0611346.jpg,229,174,491,436,915,392
0611347.jpg,229,175,491,437,915,391
0611348.jpg,229,175,491,437,914,392
0611349.jpg,229,175,491,437,915,393
0611350.jpg,229,176,491,438,912,390
0611351.jpg,229,176,491,438,910,390
0611352.jpg,228,176,490,438,909,390
0611353.jpg,228,176,490,438,908,389
0611354.jpg,228,176,490,438,906,389
0611355.jpg,227,175,489,437,905,389
0611356.jpg,227,175,489,437,905,389
0611357.jpg,224,172,490,438,906,389
0611358.jpg,224,172,490,438,905,389
0611359.jpg,224,172,490,438,905,389
0611360.jpg,224,172,490,438,907,389
0611361.jpg,224,171,490,437,910,390
0611362.jpg,224,171,490,437,912,390
0611363.jpg,225,170,491,436,915,390
0611364.jpg,225,170,491,436,919,390
0611365.jpg,225,169,491,435,923,389
0611366.jpg,225,169,491,435,926,388
0611367.jpg,226,169,492,435,928,388
0611368.jpg,226,169,492,435,930,386
0611369.jpg,226,169,492,435,932,386
0611370.jpg,226,169,492,435,933,386
0611371.jpg,226,169,492,435,936,386
0611372.jpg,225,168,495,438,937,386
0611373.jpg,225,168,495,438,940,386
0611374.jpg,225,168,495,438,940,384
0611375.jpg,226,168,496,438,942,383
0611376.jpg,227,169,497,439,942,383
0611377.jpg,227,170,497,440,942,383
0611378.jpg,228,171,498,441,943,382
0611379.jpg,228,171,498,441,945,382
0611380.jpg,228,172,498,442,946,381
0611381.jpg,228,172,498,442,948,380
0611382.jpg,228,172,498,442,948,380
0611383.jpg,228,172,498,442,950,379
0611384.jpg,228,172,498,442,949,379
0611385.jpg,228,172,498,442,953,378
0611386.jpg,228,172,498,442,951,377
0611387.jpg,227,171,497,441,953,376
0611388.jpg,226,171,496,441,953,374
0611389.jpg,228,173,494,439,954,375
0611390.jpg,228,173,494,439,955,373
0611391.jpg,227,173,493,439,957,373
0611392.jpg,227,173,493,439,957,373
0611393.jpg,227,173,493,439,956,374
0611394.jpg,226,173,492,439,956,374
0611395.jpg,226,173,492,439,956,374
0611396.jpg,226,173,492,439,954,373
0611397.jpg,226,173,492,439,955,374
0611398.jpg,225,173,491,439,955,371
0611399.jpg,225,173,491,439,956,371
0611400.jpg,227,175,489,437,955,371
0611401.jpg,226,175,488,437,954,371
0611402.jpg,225,174,487,436,954,373
0611403.jpg,224,174,486,436,955,373
0611404.jpg,223,174,485,436,954,373
0611405.jpg,221,172,487,438,956,373
0611406.jpg,221,172,487,438,955,371
0611407.jpg,221,172,487,438,956,370
0611408.jpg,221,172,487,438,960,371
0611409.jpg,221,173,487,439,962,371
0611410.jpg,221,174,487,440,966,373
0611411.jpg,221,174,487,440,964,372
0611412.jpg,221,174,487,440,964,366
0611413.jpg,221,174,487,440,968,378
0611414.jpg,221,174,487,440,969,376
0611415.jpg,221,174,487,440,965,377
0611416.jpg,221,174,487,440,962,378
0611417.jpg,222,174,488,440,962,378
0611418.jpg,222,174,488,440,960,380
0611419.jpg,222,174,488,440,959,380
0611420.jpg,222,175,488,441,958,380
0611421.jpg,222,175,488,441,958,381
0611422.jpg,222,175,488,441,956,382
0611423.jpg,222,175,488,441,958,382
0611424.jpg,222,176,488,442,958,382
0611425.jpg,221,176,487,442,958,383
0611426.jpg,221,176,487,442,958,382
0611427.jpg,221,176,487,442,959,384
0611428.jpg,221,178,487,444,959,383
0611429.jpg,222,178,488,444,960,384
0611430.jpg,222,178,488,444,960,383
0611431.jpg,222,178,488,444,959,383
0611432.jpg,222,176,488,442,958,384
0611433.jpg,222,175,488,441,957,384
0611434.jpg,222,173,488,439,957,384
0611435.jpg,221,172,487,438,958,385
0611436.jpg,221,171,487,437,958,387
0611437.jpg,221,171,487,437,957,386
0611438.jpg,221,170,487,436,957,385
0611439.jpg,221,170,487,436,957,386
0611440.jpg,221,170,487,436,957,386
0611441.jpg,221,170,487,436,956,385
0611442.jpg,221,170,487,436,954,386
0611443.jpg,220,170,486,436,953,386
0611444.jpg,219,170,485,436,952,386
0611445.jpg,219,171,485,437,951,386
0611446.jpg,219,171,485,437,950,386
0611447.jpg,219,171,485,437,951,386
0611448.jpg,218,171,484,437,948,386
0611449.jpg,218,171,484,437,949,386
0611450.jpg,218,171,484,437,948,387
0611451.jpg,218,171,484,437,945,388
0611452.jpg,219,173,481,435,942,390
0611453.jpg,217,171,483,437,936,391
0611454.jpg,217,172,483,438,926,386
0611455.jpg,216,172,482,438,920,385
0611456.jpg,216,172,482,438,916,385
0611457.jpg,216,172,482,438,918,385
0611458.jpg,216,172,482,438,918,383
0611459.jpg,218,173,484,439,919,384
0611460.jpg,220,175,482,437,920,383
0611461.jpg,222,176,484,438,921,383
0611462.jpg,222,177,484,439,922,385
0611463.jpg,222,177,484,439,923,386
0611464.jpg,222,177,484,439,924,386
0611465.jpg,220,175,486,441,925,387
0611466.jpg,220,175,486,441,925,387
0611467.jpg,220,175,486,441,924,387
0611468.jpg,220,175,486,441,924,385
0611469.jpg,218,173,488,443,924,384
0611470.jpg,218,172,488,442,924,383
0611471.jpg,218,172,488,442,923,382
0611472.jpg,220,174,486,440,923,385
0611473.jpg,220,174,486,440,923,385
0611474.jpg,221,174,487,440,924,386
0611475.jpg,223,176,485,438,922,385
0611476.jpg,224,177,486,439,922,384
0611477.jpg,224,177,486,439,924,385
0611478.jpg,225,177,487,439,925,386
0611479.jpg,226,178,488,440,925,385
0611480.jpg,226,178,488,440,926,384
0611481.jpg,227,178,489,440,928,385
0611482.jpg,227,178,489,440,927,383
0611483.jpg,227,178,489,440,928,384
0611484.jpg,227,178,489,440,928,383
0611485.jpg,227,178,489,440,926,383
0611486.jpg,227,178,489,440,927,383
0611487.jpg,226,178,488,440,926,382
0611488.jpg,226,178,488,440,927,382
0611489.jpg,225,177,487,439,926,383
0611490.jpg,224,177,486,439,927,382
0611491.jpg,222,175,488,441,926,383
0611492.jpg,220,174,486,440,925,383
0612000.jpg,797,218,1045,466,921,322
0612001.jpg,797,218,1045,466,924,324
0612002.jpg,797,219,1045,467,925,327
0612003.jpg,797,221,1045,469,925,327
0612004.jpg,799,224,1043,468,923,328
0612005.jpg,802,229,1042,469,922,331
0612006.jpg,802,233,1042,473,922,334
0612007.jpg,802,235,1042,475,922,336
0612008.jpg,803,235,1043,475,923,338
0612009.jpg,801,233,1045,477,925,341
0612010.jpg,802,233,1046,477,927,339
0612011.jpg,802,233,1050,481,930,337
0612012.jpg,803,233,1051,481,932,335
0612013.jpg,803,233,1051,481,932,336
0612014.jpg,801,231,1055,485,933,335
0612015.jpg,802,234,1056,488,936,336
0612016.jpg,802,235,1056,489,936,337
0612017.jpg,802,235,1056,489,935,338
0612018.jpg,800,233,1058,491,935,338
0612019.jpg,800,233,1058,491,935,338
0612020.jpg,800,233,1058,491,936,337
0612021.jpg,800,232,1058,490,935,336
0612022.jpg,800,232,1058,490,935,336
0612023.jpg,799,232,1057,490,934,337
0612024.jpg,799,232,1057,490,934,337
0612025.jpg,799,232,1057,490,933,338
0612026.jpg,798,232,1056,490,932,338
0612027.jpg,798,232,1056,490,932,337
0612028.jpg,798,232,1056,490,931,338
0612029.jpg,797,232,1055,490,930,337
0612030.jpg,799,234,1053,488,931,337
0612031.jpg,798,234,1052,488,930,339
0612032.jpg,798,234,1052,488,930,338
0612033.jpg,798,235,1052,489,931,339
0612034.jpg,798,235,1052,489,930,339
0612035.jpg,798,235,1052,489,930,340
0612036.jpg,798,235,1052,489,930,342
0612037.jpg,799,235,1051,487,930,342
0612038.jpg,798,232,1050,484,928,341
0612039.jpg,797,230,1049,482,927,339
0612040.jpg,797,228,1049,480,926,341
0612041.jpg,797,227,1049,479,927,339
0612042.jpg,796,225,1048,477,926,337
0612043.jpg,796,224,1048,476,926,335
0612044.jpg,798,225,1046,473,925,335
0612045.jpg,800,227,1044,471,922,335
0612046.jpg,800,227,1044,471,921,336
0612047.jpg,800,227,1044,471,919,336
0612048.jpg,799,227,1043,471,919,336
0612049.jpg,799,225,1043,469,919,335
0612050.jpg,799,224,1043,468,917,333
0612051.jpg,798,223,1042,467,917,334
0612052.jpg,796,222,1040,466,914,333
0612053.jpg,795,222,1039,466,914,331
0612054.jpg,793,221,1037,465,913,331
0612055.jpg,792,221,1036,465,911,329
0612056.jpg,790,220,1034,464,910,330
0612057.jpg,788,220,1032,464,908,329
0612058.jpg,788,220,1032,464,907,330
0612059.jpg,788,220,1032,464,907,329
0612060.jpg,788,220,1032,464,908,329
0612061.jpg,788,220,1032,464,908,330
0612062.jpg,789,219,1033,463,908,329
0612063.jpg,790,219,1034,463,910,329
0612064.jpg,792,219,1036,463,912,328
0612065.jpg,793,219,1037,463,913,328
0612066.jpg,793,219,1037,463,913,326
0612067.jpg,794,216,1038,460,914,322
0612068.jpg,796,214,1036,454,913,320
0612069.jpg,798,215,1034,451,911,317
0612070.jpg,797,215,1033,451,909,315
0612071.jpg,795,215,1031,451,909,316
0612072.jpg,794,215,1030,451,905,317
0612073.jpg,792,214,1032,454,904,318
0612074.jpg,792,216,1032,456,904,318
0612075.jpg,790,218,1030,458,904,320
0612076.jpg,789,218,1029,458,904,321
0612077.jpg,787,216,1031,460,903,322
0612078.jpg,786,216,1030,460,901,321
0612079.jpg,785,216,1029,460,901,322
0612080.jpg,785,216,1029,460,902,322
0612081.jpg,785,216,1029,460,902,322
0612082.jpg,786,216,1030,460,902,321
0612083.jpg,787,216,1031,460,902,322
0612084.jpg,786,216,1034,464,903,324
0612085.jpg,787,217,1035,465,907,324
0612086.jpg,788,218,1036,466,907,327
0612087.jpg,790,218,1038,466,909,328
0612088.jpg,792,218,1040,466,911,327
0612089.jpg,793,218,1041,466,912,327
0612090.jpg,794,219,1042,467,916,327
0612091.jpg,797,221,1041,465,917,329
0612092.jpg,798,221,1042,465,916,330
0612093.jpg,798,221,1042,465,918,331
0612094.jpg,798,221,1042,465,918,332
0612095.jpg,798,221,1042,465,920,333
0612096.jpg,799,221,1043,465,920,333
0612097.jpg,799,221,1043,465,920,333
0612098.jpg,799,221,1043,465,919,330
0612099.jpg,800,222,1040,462,919,331
0612100.jpg,800,222,1040,462,919,331
0612101.jpg,799,222,1039,462,918,331
0612102.jpg,797,220,1041,464,917,330
0612103.jpg,795,220,1039,464,915,330
0612104.jpg,795,220,1039,464,915,330
0612105.jpg,795,220,1039,464,914,329
0612106.jpg,794,220,1038,464,913,329
0612107.jpg,794,220,1038,464,914,330
0612108.jpg,794,221,1038,465,914,331
0612109.jpg,794,221,1038,465,914,330
0612110.jpg,794,221,1038,465,915,330
0612111.jpg,794,221,1038,465,915,330
0612112.jpg,795,221,1039,465,916,330
0612113.jpg,795,221,1039,465,916,330
0612114.jpg,795,221,1039,465,916,330
0612115.jpg,796,221,1040,465,916,332
0612116.jpg,797,221,1041,465,917,331
0612117.jpg,797,221,1041,465,918,332
0612118.jpg,797,223,1041,467,918,333
0612119.jpg,798,224,1042,468,919,331
0612120.jpg,796,222,1044,470,921,331
0612121.jpg,797,223,1045,471,922,330
0612122.jpg,797,224,1045,472,925,331
0612123.jpg,798,225,1046,473,927,332
0612124.jpg,802,226,1050,474,929,333
0612125.jpg,803,226,1051,474,933,332
0612126.jpg,807,229,1051,473,936,332
0612127.jpg,810,229,1054,473,937,330
0612128.jpg,814,229,1058,473,939,330
0612129.jpg,817,229,1061,473,942,333
0612130.jpg,819,229,1063,473,943,334
0612131.jpg,820,229,1064,473,943,334
0612132.jpg,821,228,1065,472,945,334
0612133.jpg,822,228,1066,472,945,334
0612134.jpg,822,228,1066,472,945,334
0612135.jpg,822,228,1066,472,944,335
0612136.jpg,822,228,1066,472,945,334
0612137.jpg,821,228,1065,472,944,335
0612138.jpg,821,229,1065,473,943,335
0612139.jpg,820,229,1064,473,943,336
0612140.jpg,819,230,1063,474,943,337
0612141.jpg,819,230,1063,474,941,338
0612142.jpg,818,231,1062,475,940,337
0612143.jpg,818,231,1062,475,940,338
0612144.jpg,818,231,1062,475,940,336
0612145.jpg,818,231,1062,475,940,337
0612146.jpg,818,231,1062,475,940,337
0612147.jpg,818,231,1062,475,939,337
0612148.jpg,817,231,1061,475,939,336
0612149.jpg,817,231,1061,475,940,337
0612150.jpg,817,231,1061,475,940,338
0612151.jpg,817,231,1061,475,940,338
0612152.jpg,817,231,1061,475,941,338
0612153.jpg,817,230,1061,474,940,338
0612154.jpg,817,230,1061,474,941,337
0612155.jpg,817,230,1061,474,939,336
0612156.jpg,816,229,1060,473,938,336
0612157.jpg,813,229,1057,473,936,337
0612158.jpg,812,229,1056,473,936,337
0612159.jpg,809,229,1053,473,934,337
0612160.jpg,808,230,1052,474,932,337
0612161.jpg,807,230,1051,474,932,338
0612162.jpg,806,230,1050,474,930,338
0612163.jpg,805,230,1049,474,931,338
0612164.jpg,805,230,1049,474,929,336
0612165.jpg,805,230,1049,474,929,338
0612166.jpg,804,230,1048,474,929,337
0612167.jpg,804,230,1048,474,931,339
0612168.jpg,803,228,1047,472,929,337
0612169.jpg,803,228,1047,472,929,338
0612170.jpg,802,228,1046,472,926,337
0612171.jpg,804,230,1044,470,925,337
0612172.jpg,804,230,1044,470,924,337
0612173.jpg,804,230,1044,470,923,337
0612174.jpg,804,230,1044,470,866,340
0612175.jpg,804,231,1044,471,864,337
0612176.jpg,803,231,1043,471,853,332
0612177.jpg,803,231,1043,471,355,358
0612178.jpg,803,231,1043,471,341,342
0612179.jpg,802,231,1042,471,344,342
0612180.jpg,801,231,1041,471,344,342
0612181.jpg,799,229,1043,473,310,313
0612182.jpg,799,230,1043,474,305,310
0612183.jpg,799,230,1043,474,304,311
0612184.jpg,798,230,1042,474,305,312
0612185.jpg,796,228,1044,476,304,311
0612186.jpg,796,228,1044,476,304,311
0612187.jpg,796,228,1044,476,304,311
0612188.jpg,794,226,1046,478,305,311
0612189.jpg,793,226,1045,478,304,311
0612190.jpg,793,227,1045,479,304,313
0612191.jpg,794,229,1042,477,304,311
0612192.jpg,794,232,1042,480,409,469
0612194.jpg,794,233,1046,485,815,343
0612195.jpg,793,232,1047,486,902,343
0612196.jpg,794,232,1048,486,922,346
0612197.jpg,794,232,1048,486,922,344
0612198.jpg,795,229,1049,483,922,344
0612199.jpg,796,227,1050,481,922,343
0612200.jpg,796,227,1050,481,921,341
0612201.jpg,796,227,1050,481,923,339
0612202.jpg,796,226,1050,480,924,338
0612203.jpg,796,226,1050,480,924,338
0612204.jpg,796,226,1050,480,923,339
0612205.jpg,797,227,1049,479,924,339
0612206.jpg,797,227,1049,479,924,339
0612207.jpg,798,229,1046,477,924,339
0612208.jpg,798,228,1046,476,926,338
0612209.jpg,798,228,1046,476,925,337
0612210.jpg,798,228,1046,476,926,338
0612211.jpg,798,228,1046,476,926,337
0612212.jpg,798,227,1046,475,926,337
0612213.jpg,798,227,1046,475,863,341
0612214.jpg,789,225,1041,477,192,494
0612215.jpg,781,225,1035,479,346,370
0612216.jpg,775,225,1029,479,334,319
0612217.jpg,775,225,1029,479,331,316
0612218.jpg,775,225,1029,479,331,316
0612219.jpg,779,227,1033,481,331,318
0612220.jpg,781,227,1035,481,330,318
0612221.jpg,785,228,1037,480,332,316
0612222.jpg,787,228,1039,480,333,315
0612223.jpg,789,228,1041,480,336,315
0612224.jpg,792,230,1040,478,340,315
0612225.jpg,793,230,1041,478,345,316
0612226.jpg,793,230,1041,478,349,315
0612227.jpg,794,230,1042,478,351,313
0612228.jpg,796,232,1040,476,355,304
0612229.jpg,796,232,1040,476,356,305
0612230.jpg,797,232,1041,476,357,303
0612231.jpg,797,232,1041,476,356,300
0612232.jpg,797,232,1041,476,359,299
0612233.jpg,796,232,1040,476,358,300
0612234.jpg,796,232,1040,476,359,300
0612235.jpg,794,230,1042,478,361,300
0612236.jpg,794,231,1042,479,362,299
0612237.jpg,793,231,1041,479,362,300
0612238.jpg,793,231,1041,479,362,305
0612239.jpg,793,231,1041,479,361,304
0612240.jpg,793,232,1041,480,360,303
0612241.jpg,795,234,1039,478,357,302
0612242.jpg,795,234,1039,478,354,301
0612243.jpg,796,234,1040,478,350,298
0612244.jpg,798,235,1038,475,347,297
0612245.jpg,799,235,1039,475,345,295
0612246.jpg,799,235,1039,475,342,294
0612247.jpg,799,235,1039,475,338,292
0612248.jpg,799,235,1039,475,337,290
0612249.jpg,799,235,1039,475,334,290
0612250.jpg,796,234,1040,478,331,289
0612251.jpg,795,234,1039,478,331,290
0612252.jpg,792,234,1040,482,330,289
0612253.jpg,788,235,1036,483,329,289
0612254.jpg,785,233,1037,485,327,289
0612255.jpg,780,232,1034,486,325,291
0612256.jpg,774,233,1026,485,325,290
0612257.jpg,769,233,1021,485,323,291
0612258.jpg,767,232,1019,484,323,290
0612259.jpg,762,231,1014,483,322,291
0612260.jpg,762,231,1014,483,321,290
0612261.jpg,763,233,1011,481,319,290
0612262.jpg,763,233,1011,481,319,290
0612263.jpg,762,233,1010,481,319,290
0612264.jpg,762,233,1010,481,320,290
0612265.jpg,762,233,1010,481,318,289
0612266.jpg,762,233,1010,481,325,363
0612267.jpg,763,233,1011,481,179,470
0612268.jpg,769,231,1021,483,105,616
0612269.jpg,780,231,1032,483,837,357
0612270.jpg,781,230,1035,484,844,345
0612271.jpg,784,226,1038,480,886,326
0612272.jpg,787,225,1039,477,903,324
0612273.jpg,788,223,1040,475,906,322
0612274.jpg,790,221,1042,473,906,320
0612275.jpg,793,220,1041,468,908,317
0612276.jpg,793,219,1041,467,910,318
0612277.jpg,794,219,1042,467,910,316
0612278.jpg,795,219,1043,467,911,317
0612279.jpg,797,221,1041,465,913,317
0612280.jpg,798,221,1042,465,914,317
0612281.jpg,796,221,1044,469,915,318
0612282.jpg,797,223,1045,471,916,321
0612283.jpg,797,227,1045,475,918,324
0612284.jpg,798,234,1046,482,920,330
0612285.jpg,799,237,1047,485,920,339
0612286.jpg,799,243,1047,491,922,346
0612287.jpg,800,245,1048,493,924,352
0612288.jpg,800,245,1048,493,925,354
0612289.jpg,798,243,1050,495,926,352
0612290.jpg,800,243,1052,495,927,349
0612291.jpg,800,239,1054,493,929,345
0612292.jpg,800,236,1054,490,929,341
0612293.jpg,800,234,1054,488,931,337
0612294.jpg,800,232,1054,486,930,335
0612295.jpg,799,231,1053,485,929,334
0612296.jpg,800,232,1052,484,929,332
0612297.jpg,800,231,1052,483,927,331
0612298.jpg,799,230,1051,482,927,331
0612299.jpg,800,232,1048,480,926,332
0612300.jpg,799,232,1047,480,926,331
0612301.jpg,799,232,1047,480,924,330
0612302.jpg,796,230,1048,482,922,330
0612303.jpg,795,230,1047,482,920,329
0612304.jpg,795,229,1047,481,920,331
0612305.jpg,797,231,1045,479,916,330
0612306.jpg,796,232,1044,480,914,332
0612307.jpg,795,232,1043,480,915,332
0612308.jpg,795,232,1043,480,914,333
0612309.jpg,795,232,1043,480,906,386
0612310.jpg,795,233,1043,481,907,411
0612311.jpg,793,233,1045,485,917,414
0612312.jpg,793,234,1045,486,918,416
0612313.jpg,793,235,1047,489,919,419
0612314.jpg,793,237,1047,491,920,421
0612315.jpg,793,238,1047,492,923,424
0612316.jpg,793,238,1047,492,922,422
0612317.jpg,794,238,1048,492,921,422
0612318.jpg,794,239,1048,493,923,421
0612319.jpg,794,239,1048,493,921,421
0612320.jpg,794,240,1046,492,921,421
0612321.jpg,794,239,1046,491,841,404
0612322.jpg,794,239,1046,491,825,409
0612323.jpg,793,239,1045,491,822,415
0612324.jpg,791,239,1043,491,822,420
0612325.jpg,789,239,1041,491,821,421
0612326.jpg,788,239,1040,491,824,422
0612327.jpg,788,241,1036,489,828,403
0612328.jpg,787,241,1035,489,816,407
0612329.jpg,787,241,1035,489,816,407
0612330.jpg,785,242,1037,494,815,407
0612331.jpg,785,243,1037,495,815,406
0612332.jpg,785,243,1037,495,815,408
0612333.jpg,785,244,1037,496,817,398
0612334.jpg,785,244,1037,496,814,401
0612335.jpg,787,244,1039,496,815,403
0612336.jpg,789,245,1041,497,819,401
0612337.jpg,790,245,1042,497,820,401
0612338.jpg,793,246,1045,498,820,400
0612339.jpg,796,247,1048,499,823,401
0612340.jpg,798,247,1050,499,824,400
0612341.jpg,798,247,1050,499,825,401
0612342.jpg,798,247,1050,499,827,402
0612343.jpg,798,247,1050,499,828,405
0612344.jpg,797,247,1049,499,826,405
0612345.jpg,797,247,1049,499,828,404
0612346.jpg,799,249,1047,497,828,404
0612347.jpg,799,249,1047,497,828,405
0612348.jpg,799,249,1047,497,829,403
0612349.jpg,801,251,1049,499,829,404
0612350.jpg,799,249,1051,501,826,404
0612351.jpg,799,249,1051,501,824,403
0612352.jpg,799,249,1051,501,406,676
0612353.jpg,798,251,1046,499,458,642
0612354.jpg,797,251,1045,499,459,650
0612355.jpg,797,251,1045,499,458,650
0612356.jpg,797,251,1045,499,459,651
0612357.jpg,798,251,1046,499,458,650
0612358.jpg,798,251,1046,499,458,652
0612359.jpg,799,251,1047,499,457,650
0612360.jpg,796,248,1050,502,459,652
0612361.jpg,797,248,1051,502,460,650
0612362.jpg,800,248,1054,502,462,651
0612363.jpg,801,248,1055,502,462,650
0612364.jpg,803,248,1057,502,463,648
0612365.jpg,806,248,1060,502,466,648
0612366.jpg,806,246,1060,500,466,647
0612367.jpg,813,245,1067,499,468,645
0612368.jpg,815,245,1069,499,468,645
0612369.jpg,817,245,1071,499,469,645
0612370.jpg,819,245,1073,499,469,645
0612371.jpg,822,244,1076,498,468,644
0612372.jpg,823,244,1077,498,469,646
0612373.jpg,825,244,1079,498,468,646
0612374.jpg,828,243,1082,497,468,646
0612375.jpg,829,243,1083,497,468,648
0612376.jpg,833,238,1081,486,468,649
0612377.jpg,833,238,1081,486,421,509
0612378.jpg,834,238,1082,486,391,353
0612379.jpg,835,237,1083,485,385,319
0612380.jpg,836,237,1084,485,383,314
0612381.jpg,837,237,1085,485,383,315
0612382.jpg,837,236,1085,484,383,314
0612383.jpg,837,234,1085,482,384,315
0612384.jpg,838,233,1086,481,384,314
0612385.jpg,838,232,1086,480,384,314
0612386.jpg,838,232,1086,480,383,314
0612387.jpg,838,231,1086,479,383,312
0612388.jpg,838,231,1086,479,381,312
0612389.jpg,838,231,1086,479,380,312
0612390.jpg,838,231,1086,479,380,312
0612391.jpg,837,229,1089,481,380,310
0612392.jpg,837,229,1089,481,379,310
0612393.jpg,839,229,1087,477,379,311
0612394.jpg,839,229,1087,477,377,313
0612395.jpg,837,227,1089,479,377,310
0612396.jpg,838,228,1086,476,378,310
0612397.jpg,838,228,1086,476,377,311
0612398.jpg,836,226,1088,478,377,311
0612399.jpg,835,226,1087,478,375,311
0612400.jpg,831,227,1083,479,376,309
0612401.jpg,831,227,1083,479,375,310
0612402.jpg,831,227,1083,479,375,308
0612403.jpg,831,227,1083,479,374,311
0612404.jpg,835,227,1087,479,374,309
0612405.jpg,837,229,1085,477,373,311
0612406.jpg,837,229,1085,477,373,364
0612407.jpg,837,229,1085,477,422,531
0612408.jpg,837,229,1085,477,166,504
0612409.jpg,837,230,1085,478,283,586
0612410.jpg,839,230,1087,478,860,384
0612411.jpg,840,230,1088,478,848,386
0612412.jpg,838,228,1090,480,924,358
0612413.jpg,838,228,1090,480,897,341
0612414.jpg,837,228,1089,480,936,335
0612415.jpg,837,227,1089,479,963,338
0612416.jpg,835,227,1087,479,963,339
0612417.jpg,834,227,1086,479,962,341
0612418.jpg,834,227,1086,479,961,339
0612419.jpg,834,227,1086,479,959,340
0612420.jpg,834,227,1086,479,957,341
0612421.jpg,836,227,1088,479,957,342
0612422.jpg,836,227,1088,479,957,342
0612423.jpg,837,227,1089,479,956,341
0612424.jpg,837,227,1089,479,957,342
0612425.jpg,837,227,1089,479,958,342
0612426.jpg,837,228,1089,480,958,344
0612427.jpg,837,228,1089,480,959,344
0612428.jpg,837,228,1089,480,960,342
0612429.jpg,837,228,1089,480,960,343
0612430.jpg,837,228,1089,480,962,344
0612431.jpg,836,229,1088,481,961,346
0612433.jpg,836,230,1088,482,1001,333
0612434.jpg,836,230,1088,482,992,342
0612435.jpg,836,230,1088,482,993,342
0612436.jpg,835,231,1087,483,991,343
0612437.jpg,835,231,1087,483,991,343
0612438.jpg,835,231,1087,483,992,343
0612439.jpg,834,231,1086,483,990,342
0612440.jpg,834,231,1086,483,990,343
0612441.jpg,834,229,1086,481,1002,334
0612442.jpg,833,229,1085,481,994,339
0612443.jpg,832,229,1084,481,993,340
0612444.jpg,830,229,1082,481,993,340
0612445.jpg,829,229,1081,481,993,340
0612446.jpg,828,230,1080,482,992,340
0612447.jpg,827,230,1079,482,991,341
0612448.jpg,825,230,1077,482,988,340
0612449.jpg,824,230,1076,482,934,348
0612450.jpg,822,231,1074,483,945,350
0612451.jpg,818,232,1070,484,944,350
0612452.jpg,815,234,1063,482,870,358
0612453.jpg,804,235,1052,483,390,654
0612454.jpg,803,239,1043,479,385,485
0612455.jpg,802,242,1038,478,361,332
0612456.jpg,802,242,1038,478,358,331
0612457.jpg,802,242,1038,478,358,331
0612458.jpg,803,242,1039,478,358,331
0612459.jpg,803,241,1039,477,358,333
0612460.jpg,802,239,1042,479,359,333
0612461.jpg,800,237,1044,481,360,332
0612462.jpg,800,237,1044,481,360,331
0612463.jpg,800,237,1044,481,361,331
0612464.jpg,800,237,1044,481,361,331
0612465.jpg,800,237,1044,481,360,331
0612466.jpg,801,237,1045,481,361,331
0612467.jpg,800,242,1048,490,360,330
0612468.jpg,800,243,1048,491,360,330
0612469.jpg,800,243,1048,491,361,331
0612470.jpg,800,243,1048,491,363,333
0612471.jpg,797,240,1049,492,362,332
0612472.jpg,796,240,1048,492,363,332
0612473.jpg,798,241,1046,489,364,331
0612474.jpg,800,236,1044,480,363,331
0612475.jpg,800,236,1044,480,365,332
0612476.jpg,800,235,1044,479,366,332
0612477.jpg,800,235,1044,479,366,333
0612478.jpg,801,235,1045,479,366,332
0612479.jpg,801,235,1045,479,367,333
0612480.jpg,802,235,1046,479,367,332
0612481.jpg,803,235,1047,479,366,332
0612482.jpg,804,235,1048,479,366,332
0612483.jpg,805,234,1049,478,366,332
0612484.jpg,805,234,1049,478,366,332
0612485.jpg,805,234,1049,478,367,333
0612486.jpg,805,234,1049,478,366,334
0612487.jpg,805,234,1049,478,366,332
0612488.jpg,805,233,1049,477,365,334
0612489.jpg,805,233,1049,477,365,333
0612490.jpg,805,233,1049,477,364,334
0612491.jpg,804,233,1048,477,364,335
0612492.jpg,803,233,1047,477,362,334
