0621000.jpg,949,38,1149,238,231,105
0621001.jpg,949,38,1149,238,231,107
0621002.jpg,949,38,1149,238,230,107
0621003.jpg,949,38,1149,238,231,106
0621004.jpg,949,38,1149,238,232,106
0621005.jpg,949,38,1149,238,214,113
0621006.jpg,949,38,1149,238,1031,155
0621007.jpg,949,38,1149,238,996,244
0621008.jpg,949,38,1149,238,742,175
0621009.jpg,949,38,1149,238,750,165
0621010.jpg,949,38,1149,238,721,184
0621011.jpg,949,38,1149,238,467,171
0621012.jpg,949,38,1149,238,402,157
0621013.jpg,949,38,1149,238,411,160
0621014.jpg,950,38,1150,238,413,160
0621015.jpg,950,38,1150,238,417,159
0621016.jpg,950,38,1150,238,420,161
0621017.jpg,949,38,1149,238,423,160
0621018.jpg,949,38,1149,238,426,159
0621019.jpg,949,38,1149,238,431,159
0621020.jpg,948,37,1148,237,436,160
0621021.jpg,948,37,1148,237,438,158
0621022.jpg,948,37,1148,237,439,157
0621023.jpg,949,38,1147,236,441,159
0621024.jpg,949,37,1147,235,442,157
0621025.jpg,949,37,1147,235,442,157
0621026.jpg,949,38,1147,236,442,156
0621027.jpg,949,38,1147,236,441,156
0621028.jpg,949,37,1147,235,440,157
0621029.jpg,948,37,1146,235,441,157
0621030.jpg,948,37,1146,235,440,157
0621031.jpg,948,37,1146,235,438,156
0621032.jpg,947,37,1145,235,438,157
0621033.jpg,949,39,1143,233,437,157
0621034.jpg,949,39,1143,233,437,157
0621035.jpg,949,39,1143,233,437,157
0621036.jpg,949,40,1143,234,437,158
0621037.jpg,949,40,1143,234,439,159
0621038.jpg,949,40,1143,234,439,159
0621039.jpg,949,40,1143,234,439,160
0621040.jpg,949,40,1143,234,439,159
0621041.jpg,949,40,1143,234,439,160
0621042.jpg,949,40,1143,234,439,159
0621043.jpg,949,40,1143,234,440,159
0621044.jpg,949,40,1143,234,441,157
0621045.jpg,949,40,1143,234,441,157
0621046.jpg,949,40,1143,234,442,157
0621047.jpg,949,40,1143,234,441,157
0621048.jpg,947,38,1145,236,441,157
0621049.jpg,947,38,1145,236,441,156
0621050.jpg,947,38,1145,236,441,157
0621051.jpg,947,38,1145,236,440,157
0621052.jpg,946,38,1144,236,440,157
0621053.jpg,946,38,1144,236,439,159
0621054.jpg,946,38,1144,236,439,160
0621055.jpg,947,38,1145,236,440,161
0621056.jpg,947,38,1145,236,440,162
0621057.jpg,948,38,1146,236,440,162
0621058.jpg,948,38,1146,236,440,161
0621059.jpg,948,38,1146,236,440,161
0621060.jpg,948,38,1146,236,438,162
0621061.jpg,948,38,1146,236,438,161
0621062.jpg,950,40,1144,234,438,161
0621063.jpg,950,40,1144,234,437,161
0621064.jpg,950,39,1144,233,436,160
0621065.jpg,950,39,1144,233,436,160
0621066.jpg,950,39,1144,233,436,159
0621067.jpg,950,39,1144,233,436,161
0621068.jpg,950,39,1144,233,436,159
0621069.jpg,950,39,1144,233,435,159
0621070.jpg,950,39,1144,233,434,159
0621071.jpg,950,39,1144,233,434,159
0621072.jpg,950,39,1144,233,433,160
0621073.jpg,950,39,1144,233,434,159
0621074.jpg,949,39,1143,233,433,159
0621075.jpg,949,38,1143,232,433,159
0621076.jpg,949,37,1143,231,433,159
0621077.jpg,951,37,1145,231,432,159
0621078.jpg,951,33,1145,227,432,158
0621079.jpg,951,33,1145,227,432,159
0621080.jpg,951,33,1145,227,433,160
0621081.jpg,952,33,1146,227,432,159
0621082.jpg,952,32,1146,226,708,270
0621083.jpg,953,32,1147,226,765,166
0621084.jpg,955,34,1145,224,772,169
0621085.jpg,955,34,1145,224,773,170
0621086.jpg,955,31,1145,221,772,171
0621087.jpg,955,30,1145,220,772,172
0621088.jpg,957,32,1143,218,771,170
0621089.jpg,957,32,1143,218,770,170
0621090.jpg,957,32,1143,218,768,172
0621091.jpg,957,32,1143,218,767,171
0621092.jpg,957,32,1143,218,767,173
0621093.jpg,957,32,1143,218,766,172
0621094.jpg,955,30,1145,220,763,174
0621095.jpg,955,30,1145,220,763,174
0621096.jpg,957,30,1147,220,762,174
0621097.jpg,957,30,1147,220,762,176
0621098.jpg,957,30,1147,220,762,177
0621099.jpg,957,30,1147,220,762,177
0621100.jpg,956,31,1146,221,746,169
0621101.jpg,955,31,1145,221,755,171
0621102.jpg,954,31,1144,221,755,170
0621103.jpg,948,27,1146,225,755,171
0621104.jpg,947,27,1145,225,753,170
0621105.jpg,947,23,1145,221,753,171
0621106.jpg,949,25,1143,219,753,170
0621107.jpg,949,25,1143,219,1031,142
0621108.jpg,948,25,1142,219,1040,146
0621109.jpg,947,26,1141,220,1018,244
0621110.jpg,947,26,1141,220,1138,374
0621111.jpg,947,26,1141,220,206,112
0621112.jpg,949,28,1139,218,228,101
0621113.jpg,950,28,1140,218,234,107
0621114.jpg,950,28,1140,218,235,106
0621115.jpg,950,26,1144,220,234,106
0621116.jpg,950,26,1144,220,232,106
0621117.jpg,950,27,1144,221,233,106
0621118.jpg,949,27,1143,221,232,107
0621119.jpg,949,27,1143,221,230,107
0621120.jpg,951,29,1141,219,231,107
0621121.jpg,951,29,1141,219,230,106
0621122.jpg,952,29,1142,219,231,107
0621123.jpg,952,29,1142,219,230,108
0621124.jpg,953,32,1143,222,229,106
0621125.jpg,953,34,1143,224,228,108
0621126.jpg,956,34,1146,224,227,106
0621127.jpg,952,31,1150,229,228,106
0621128.jpg,956,31,1154,229,228,106
0621129.jpg,956,31,1156,231,228,106
0621130.jpg,959,31,1159,231,227,107
0621131.jpg,960,31,1160,231,202,117
0621132.jpg,962,31,1162,231,1215,253
0621133.jpg,962,31,1162,231,1192,232
0621134.jpg,963,33,1163,233,1155,222
0621135.jpg,962,33,1162,233,1097,197
0621136.jpg,962,33,1162,233,1066,192
0621137.jpg,963,33,1163,233,1041,148
0621138.jpg,967,34,1161,228,1045,150
0621139.jpg,970,26,1160,216,1047,151
0621140.jpg,970,26,1160,216,1048,151
0621141.jpg,970,26,1160,216,1047,152
0621142.jpg,967,26,1157,216,1049,150
0621143.jpg,965,25,1159,219,1050,150
0621144.jpg,959,32,1153,226,1049,149
0621145.jpg,954,35,1148,229,1049,150
0621146.jpg,952,36,1146,230,1049,153
0621147.jpg,951,37,1145,231,1050,154
0621148.jpg,950,37,1144,231,1053,155
0621149.jpg,950,38,1144,232,1053,157
0621150.jpg,950,38,1144,232,1055,159
0621151.jpg,949,37,1147,235,1057,158
0621152.jpg,950,37,1148,235,1058,157
0621153.jpg,950,38,1148,236,1062,155
0621154.jpg,950,42,1148,240,1063,155
0621155.jpg,950,45,1148,243,1063,153
0621156.jpg,949,49,1147,247,1065,152
0621157.jpg,949,51,1147,249,1065,152
0621158.jpg,948,50,1148,250,1064,152
0621159.jpg,948,50,1148,250,1063,152
0621160.jpg,950,50,1150,250,1062,153
0621161.jpg,951,49,1151,249,1062,152
0621162.jpg,952,49,1150,247,1063,154
0621163.jpg,952,47,1150,245,1064,152
0621164.jpg,952,47,1150,245,1065,150
0621165.jpg,952,47,1150,245,1065,149
0621166.jpg,952,45,1150,243,1064,147
0621167.jpg,952,45,1150,243,1062,147
0621168.jpg,952,44,1150,242,1061,148
0621169.jpg,952,44,1150,242,1058,150
0621170.jpg,952,44,1150,242,1056,152
0621171.jpg,950,42,1150,242,1053,155
0621172.jpg,950,42,1150,242,1052,158
0621173.jpg,949,41,1149,241,1051,161
0621174.jpg,949,37,1149,237,1049,162
0621175.jpg,949,35,1149,235,1047,164
0621176.jpg,949,34,1147,232,1046,165
0621177.jpg,951,36,1145,230,1046,166
0621178.jpg,951,36,1145,230,1046,165
0621179.jpg,950,34,1148,232,1045,166
0621180.jpg,952,36,1146,230,1046,165
0621181.jpg,950,34,1148,232,1045,168
0621182.jpg,950,34,1148,232,1045,169
0621183.jpg,952,36,1146,230,1045,172
0621184.jpg,952,33,1146,227,1046,173
0621185.jpg,953,31,1147,225,1044,176
0621186.jpg,955,32,1145,222,1044,178
0621187.jpg,955,30,1145,220,1044,178
0621188.jpg,957,32,1143,218,1044,179
0621189.jpg,959,34,1141,216,1045,177
0621190.jpg,959,34,1141,216,1046,176
0621191.jpg,959,34,1141,216,1047,176
0621192.jpg,959,34,1141,216,1048,175
0621193.jpg,956,32,1142,218,1048,176
0621194.jpg,955,32,1141,218,1049,175
0621195.jpg,955,32,1141,218,1049,176
0621196.jpg,954,32,1140,218,1049,175
0621197.jpg,954,31,1140,217,1049,175
0621198.jpg,954,31,1140,217,1051,174
0621199.jpg,954,31,1140,217,1051,173
0621200.jpg,954,31,1140,217,1051,173
0621201.jpg,954,31,1140,217,1050,172
0621202.jpg,955,31,1141,217,1050,171
0621203.jpg,955,31,1141,217,1050,173
0621204.jpg,953,25,1143,215,1049,173
0621205.jpg,954,24,1144,214,1049,172
0621206.jpg,954,23,1144,213,1049,171
0621207.jpg,954,23,1144,213,1048,169
0621208.jpg,956,24,1142,210,1049,167
0621209.jpg,958,23,1144,209,1049,164
0621210.jpg,959,22,1145,208,1049,162
0621211.jpg,961,24,1143,206,1051,160
0621212.jpg,961,24,1143,206,1051,160
0621213.jpg,961,24,1143,206,1052,161
0621214.jpg,961,24,1143,206,1052,161
0621215.jpg,961,24,1143,206,1051,160
0621216.jpg,959,22,1145,208,1051,160
0621217.jpg,959,22,1145,208,1051,160
0621218.jpg,958,20,1148,210,1051,158
0621219.jpg,963,20,1153,210,1051,158
0621220.jpg,964,21,1154,211,1051,156
0621221.jpg,964,19,1158,213,1051,154
0621222.jpg,966,19,1160,213,1053,153
0621223.jpg,966,19,1160,213,1052,154
0621224.jpg,966,20,1160,214,1051,154
0621225.jpg,966,21,1160,215,1052,154
0621226.jpg,966,21,1160,215,1051,153
0621227.jpg,965,22,1159,216,1050,154
0621228.jpg,963,20,1161,218,1050,154
0621229.jpg,962,24,1162,224,1050,153
0621230.jpg,962,26,1162,226,1051,153
0621231.jpg,961,28,1161,228,1050,152
0621232.jpg,960,28,1160,228,1051,153
0621233.jpg,957,29,1161,233,1051,152
0621234.jpg,955,29,1163,237,1049,152
0621235.jpg,955,29,1163,237,1050,153
0621236.jpg,954,29,1162,237,1049,152
0621237.jpg,953,29,1161,237,1050,153
0621238.jpg,952,30,1160,238,1050,154
0621239.jpg,949,30,1157,238,1050,153
0621240.jpg,950,32,1154,236,1051,151
0621241.jpg,950,33,1154,237,1053,152
0621242.jpg,950,33,1154,237,1053,149
0621243.jpg,950,33,1154,237,1054,150
0621244.jpg,949,33,1153,237,1054,148
0621245.jpg,947,33,1151,237,1054,149
0621246.jpg,947,33,1151,237,1056,147
0621247.jpg,947,32,1151,236,208,90
0621248.jpg,948,34,1148,234,214,92
0621249.jpg,949,35,1147,233,224,98
0621250.jpg,949,35,1147,233,227,98
0621251.jpg,948,34,1146,232,226,98
0621252.jpg,950,36,1144,230,228,97
0621253.jpg,949,36,1143,230,229,97
0621254.jpg,947,36,1141,230,228,97
0621255.jpg,947,36,1141,230,226,91
0621256.jpg,947,36,1141,230,225,91
0621257.jpg,946,36,1140,230,224,92
0621258.jpg,936,41,1130,235,225,91
0621259.jpg,935,41,1129,235,225,91
0621260.jpg,934,43,1128,237,224,92
0621261.jpg,934,43,1128,237,223,92
0621262.jpg,934,43,1128,237,221,98
0621263.jpg,933,43,1127,237,223,99
0621264.jpg,935,45,1125,235,221,99
0621265.jpg,935,45,1125,235,223,99
0621266.jpg,935,45,1125,235,224,100
0621267.jpg,935,45,1125,235,220,105
0621268.jpg,935,45,1125,235,225,99
0621269.jpg,933,43,1127,237,225,99
0621270.jpg,934,44,1128,238,223,100
0621271.jpg,934,44,1128,238,221,99
0621272.jpg,934,44,1128,238,218,100
0621273.jpg,934,44,1128,238,216,105
0621274.jpg,934,42,1128,236,212,101
0621275.jpg,939,43,1125,229,209,104
0621276.jpg,941,43,1123,225,208,104
0621277.jpg,942,39,1124,221,204,105
0621278.jpg,942,39,1124,221,202,105
0621279.jpg,942,39,1124,221,199,105
0621280.jpg,942,39,1124,221,194,106
0621281.jpg,942,37,1124,219,193,105
0621282.jpg,942,34,1124,216,191,106
0621283.jpg,942,34,1124,216,190,106
0621284.jpg,951,32,1137,218,192,106
0621285.jpg,952,32,1138,218,193,106
0621286.jpg,953,32,1139,218,193,107
0621287.jpg,953,32,1139,218,195,106
0621288.jpg,953,32,1139,218,196,106
0621289.jpg,952,30,1142,220,197,109
0621290.jpg,950,27,1144,221,197,109
0621291.jpg,950,26,1144,220,197,109
0621292.jpg,950,26,1144,220,199,106
0621293.jpg,950,26,1144,220,200,106
0621294.jpg,950,27,1144,221,191,125
0621295.jpg,949,28,1143,222,200,125
0621296.jpg,948,28,1142,222,200,123
0621297.jpg,948,28,1142,222,201,123
0621298.jpg,948,28,1142,222,204,122
0621299.jpg,948,28,1142,222,204,121
0621300.jpg,950,31,1140,221,204,119
0621301.jpg,950,31,1140,221,207,119
0621302.jpg,951,31,1141,221,207,120
0621303.jpg,951,31,1141,221,207,120
0621304.jpg,952,32,1142,222,208,119
0621305.jpg,953,33,1143,223,209,119
0621306.jpg,953,34,1143,224,211,120
0621307.jpg,953,34,1143,224,214,120
0621308.jpg,954,34,1144,224,216,120
0621309.jpg,955,34,1145,224,219,118
0621310.jpg,958,34,1148,224,220,118
0621311.jpg,959,34,1149,224,224,118
0621312.jpg,959,35,1149,225,225,119
0621313.jpg,957,33,1151,227,228,119
0621314.jpg,957,31,1155,229,1025,144
0621315.jpg,958,31,1156,229,1029,144
0621316.jpg,960,31,1158,229,1028,145
0621317.jpg,960,32,1158,230,1030,146
0621318.jpg,960,31,1160,231,1029,146
0621319.jpg,960,33,1160,233,1029,146
0621320.jpg,958,32,1162,236,1030,147
0621321.jpg,958,32,1162,236,1030,146
0621322.jpg,958,32,1162,236,1030,146
0621323.jpg,957,32,1161,236,1031,147
0621324.jpg,957,32,1161,236,1031,148
0621325.jpg,957,32,1161,236,1031,146
0621326.jpg,957,32,1161,236,1031,146
0621327.jpg,957,32,1161,236,1033,144
0621328.jpg,959,34,1159,234,1035,142
0621329.jpg,959,34,1159,234,1037,141
0621330.jpg,958,34,1158,234,1040,139
0621331.jpg,958,34,1158,234,1042,139
0621332.jpg,957,34,1157,234,1043,139
0621333.jpg,957,34,1157,234,1043,139
0621334.jpg,955,32,1159,236,1043,139
0621335.jpg,955,32,1159,236,1033,145
0621337.jpg,955,32,1159,236,259,118
0621338.jpg,955,32,1159,236,258,120
0621339.jpg,955,32,1159,236,258,120
0621340.jpg,955,32,1159,236,258,119
0621341.jpg,954,32,1158,236,259,120
0621342.jpg,954,32,1158,236,260,117
0621343.jpg,954,33,1158,237,259,116
0621344.jpg,953,31,1161,239,259,117
0621345.jpg,954,31,1162,239,259,118
0621346.jpg,954,31,1162,239,257,116
0621347.jpg,954,31,1162,239,255,115
0621348.jpg,953,31,1161,239,253,115
0621349.jpg,953,32,1161,240,251,114
0621350.jpg,953,32,1161,240,252,114
0621351.jpg,953,32,1161,240,249,113
0621352.jpg,953,32,1161,240,249,111
0621353.jpg,953,32,1161,240,246,110
0621354.jpg,952,32,1160,240,243,110
0621355.jpg,952,32,1160,240,241,109
0621356.jpg,952,32,1160,240,238,110
0621357.jpg,952,32,1160,240,237,108
0621358.jpg,952,32,1160,240,235,106
0621359.jpg,952,32,1160,240,232,104
0621360.jpg,952,32,1160,240,231,103
0621361.jpg,952,32,1160,240,229,103
0621362.jpg,952,31,1160,239,229,103
0621363.jpg,952,31,1160,239,227,103
0621364.jpg,952,31,1160,239,226,103
0621365.jpg,952,31,1160,239,225,103
0621366.jpg,952,31,1160,239,180,85
0621367.jpg,952,31,1160,239,182,88
0621368.jpg,952,32,1160,240,181,89
0621369.jpg,952,32,1160,240,180,88
0621370.jpg,950,30,1162,242,198,91
0621371.jpg,950,31,1162,243,203,91
0621372.jpg,950,31,1162,243,205,98
0621373.jpg,950,31,1162,243,204,99
0621374.jpg,951,31,1163,243,204,98
0621375.jpg,950,31,1162,243,204,99
0621376.jpg,949,29,1165,245,207,99
0621377.jpg,949,29,1165,245,209,100
0621378.jpg,949,29,1165,245,209,100
0621379.jpg,949,29,1165,245,210,101
0621380.jpg,949,29,1165,245,211,104
0621381.jpg,949,30,1165,246,212,104
0621382.jpg,948,30,1164,246,211,100
0621383.jpg,948,30,1164,246,213,101
0621384.jpg,950,32,1162,244,214,100
0621385.jpg,950,31,1162,243,214,101
0621386.jpg,952,31,1160,239,214,101
0621387.jpg,952,29,1160,237,217,104
0621388.jpg,952,29,1160,237,218,105
0621389.jpg,953,29,1161,237,219,106
0621390.jpg,953,29,1161,237,219,105
0621391.jpg,953,31,1161,239,221,105
0621392.jpg,954,31,1162,239,221,105
0621393.jpg,955,31,1163,239,221,106
0621394.jpg,958,33,1162,237,222,104
0621395.jpg,959,33,1163,237,222,104
0621396.jpg,959,33,1163,237,221,104
0621397.jpg,959,33,1163,237,221,104
0621398.jpg,959,35,1163,239,220,104
0621399.jpg,956,33,1164,241,220,104
0621400.jpg,956,33,1164,241,220,106
0621401.jpg,956,33,1164,241,218,104
0621402.jpg,957,34,1165,242,217,104
0621403.jpg,957,34,1165,242,217,105
0621404.jpg,957,34,1165,242,216,104
0621405.jpg,954,31,1166,243,216,105
0621406.jpg,954,31,1166,243,216,105
0621407.jpg,954,31,1166,243,214,104
0621408.jpg,956,33,1164,241,211,104
0621409.jpg,956,32,1164,240,209,103
0621410.jpg,957,31,1165,239,208,102
0621411.jpg,957,31,1165,239,209,102
0621412.jpg,957,31,1165,239,208,105
0621413.jpg,956,31,1164,239,208,105
0621414.jpg,956,32,1164,240,208,106
0621415.jpg,956,32,1164,240,205,104
0621416.jpg,956,32,1164,240,204,105
0621417.jpg,955,32,1163,240,203,104
0621418.jpg,955,32,1163,240,201,105
0621419.jpg,954,32,1162,240,198,105
0621420.jpg,953,32,1161,240,197,105
0621421.jpg,953,32,1161,240,196,105
0621422.jpg,953,32,1161,240,197,103
0621423.jpg,953,32,1161,240,196,104
0621424.jpg,953,32,1161,240,195,103
0621425.jpg,953,33,1161,241,194,104
0621426.jpg,952,33,1160,241,193,105
0621427.jpg,952,33,1160,241,193,103
0621428.jpg,952,33,1160,241,192,104
0621429.jpg,952,33,1160,241,192,103
0621430.jpg,952,33,1160,241,189,103
0621431.jpg,952,33,1160,241,189,102
0621432.jpg,952,33,1160,241,187,102
0621433.jpg,950,31,1162,243,185,102
0621434.jpg,950,31,1162,243,185,102
0621435.jpg,952,33,1160,241,185,101
0621436.jpg,953,33,1161,241,184,102
0621437.jpg,953,33,1161,241,143,105
0621438.jpg,953,33,1161,241,148,101
0621439.jpg,953,33,1161,241,745,176
0621440.jpg,954,33,1162,241,752,179
0621441.jpg,955,34,1163,242,753,177
0621442.jpg,959,36,1163,240,755,178
0621443.jpg,961,36,1165,240,758,177
0621444.jpg,962,36,1166,240,759,178
0621445.jpg,966,35,1170,239,759,176
0621446.jpg,968,35,1172,239,759,176
0621447.jpg,969,33,1177,241,759,177
0621448.jpg,970,33,1178,241,760,175
0621449.jpg,973,33,1181,241,759,176
0621450.jpg,973,32,1185,244,759,177
0621451.jpg,973,33,1185,245,760,175
0621452.jpg,972,32,1188,248,761,176
0621453.jpg,972,32,1188,248,761,177
0621454.jpg,973,32,1189,248,761,178
0621455.jpg,973,32,1189,248,761,177
0621456.jpg,974,34,1186,246,762,178
0621457.jpg,974,34,1186,246,762,178
0621458.jpg,976,36,1184,244,761,178
0621459.jpg,975,36,1183,244,762,178
0621460.jpg,972,36,1180,244,763,178
0621461.jpg,971,39,1175,243,762,178
0621462.jpg,967,39,1171,243,762,177
0621463.jpg,963,38,1171,246,762,178
0621464.jpg,960,38,1168,246,762,178
0621465.jpg,961,40,1165,244,763,178
0621466.jpg,954,38,1162,246,763,178
0621467.jpg,953,38,1161,246,765,179
0621468.jpg,952,37,1160,245,764,179
0621469.jpg,952,37,1160,245,765,179
0621470.jpg,949,35,1161,247,765,179
0621471.jpg,947,34,1159,246,764,179
0621472.jpg,946,34,1158,246,765,179
0621473.jpg,947,36,1155,244,764,178
0622000.jpg,317,69,499,251,156,122
0622001.jpg,315,67,501,253,159,125
0622002.jpg,315,67,501,253,159,126
0622003.jpg,315,68,501,254,160,126
0622004.jpg,317,70,499,252,160,127
0622005.jpg,317,70,499,252,159,126
0622006.jpg,317,70,499,252,161,126
0622007.jpg,317,70,499,252,162,128
0622008.jpg,317,70,499,252,164,128
0622009.jpg,317,70,499,252,167,129
0622010.jpg,317,69,499,251,170,130
0622011.jpg,318,70,498,250,174,133
0622012.jpg,318,70,498,250,177,134
0622013.jpg,321,70,501,250,179,136
0622014.jpg,327,72,503,248,225,237
0622015.jpg,332,72,508,248,297,614
0622017.jpg,342,74,514,246,407,617
0622018.jpg,348,73,520,245,523,319
0622019.jpg,349,72,521,244,1075,510
0622020.jpg,349,70,521,242,1045,136
0622021.jpg,349,68,521,240,1042,147
0622022.jpg,349,67,521,239,1011,192
0622023.jpg,349,65,521,237,771,155
0622024.jpg,349,65,521,237,742,171
0622025.jpg,348,65,520,237,756,169
0622026.jpg,350,66,518,234,756,170
0622027.jpg,349,66,517,234,757,169
0622028.jpg,349,66,517,234,757,168
0622029.jpg,349,66,517,234,758,169
0622030.jpg,350,68,514,232,757,167
0622031.jpg,350,68,514,232,757,169
0622032.jpg,350,68,514,232,757,168
0622033.jpg,350,68,514,232,759,166
0622034.jpg,350,67,514,231,759,165
0622035.jpg,350,67,514,231,760,167
0622036.jpg,350,67,514,231,761,167
0622037.jpg,350,67,514,231,762,165
0622038.jpg,351,67,515,231,762,164
0622039.jpg,351,67,515,231,763,165
0622040.jpg,349,65,517,233,764,164
0622041.jpg,349,65,517,233,763,164
0622042.jpg,348,65,516,233,763,164
0622043.jpg,348,65,516,233,764,163
0622044.jpg,348,65,516,233,764,164
0622045.jpg,348,65,516,233,764,165
0622046.jpg,350,67,514,231,763,164
0622047.jpg,351,67,515,231,764,164
0622048.jpg,351,67,515,231,764,164
0622049.jpg,351,68,515,232,764,165
0622050.jpg,351,68,515,232,765,165
0622051.jpg,351,68,515,232,764,165
0622052.jpg,351,68,515,232,764,165
0622053.jpg,348,67,516,235,764,164
0622054.jpg,346,65,518,237,764,165
0622055.jpg,346,65,518,237,764,166
0622056.jpg,346,65,518,237,765,165
0622057.jpg,346,65,518,237,764,165
0622058.jpg,350,68,514,232,766,165
0622059.jpg,349,67,513,231,766,164
0622060.jpg,349,66,513,230,769,163
0622061.jpg,349,66,513,230,771,163
0622062.jpg,349,66,513,230,774,162
0622063.jpg,346,64,514,232,776,159
0622064.jpg,346,63,514,231,778,158
0622065.jpg,346,63,514,231,780,157
0622066.jpg,346,63,514,231,781,157
0622067.jpg,346,63,514,231,780,158
0622068.jpg,346,64,514,232,779,157
0622069.jpg,346,64,514,232,778,159
0622070.jpg,346,64,514,232,777,157
0622071.jpg,346,64,514,232,778,158
0622072.jpg,347,64,515,232,776,157
0622073.jpg,347,64,515,232,776,158
0622074.jpg,349,66,513,230,775,157
0622075.jpg,349,66,513,230,773,157
0622076.jpg,349,66,513,230,772,156
0622077.jpg,349,66,513,230,771,155
0622078.jpg,348,66,512,230,770,156
0622079.jpg,348,66,512,230,769,155
0622080.jpg,347,66,511,230,771,155
0622081.jpg,347,66,511,230,769,156
0622082.jpg,345,64,513,232,770,156
0622083.jpg,344,64,512,232,769,156
0622084.jpg,345,65,509,229,768,157
0622085.jpg,345,64,509,228,768,156
0622086.jpg,344,63,508,227,767,158
0622087.jpg,343,62,507,226,766,157
0622088.jpg,342,62,506,226,765,157
0622089.jpg,342,62,506,226,765,159
0622090.jpg,342,62,506,226,763,159
0622091.jpg,341,62,505,226,763,160
0622092.jpg,341,62,505,226,761,161
0622093.jpg,339,60,507,228,758,163
0622094.jpg,339,60,507,228,758,162
0622095.jpg,338,60,506,228,756,162
0622096.jpg,338,60,506,228,755,163
0622097.jpg,338,60,506,228,756,165
0622098.jpg,338,61,506,229,756,164
0622099.jpg,333,57,509,233,755,165
0622100.jpg,333,58,509,234,755,166
0622101.jpg,332,59,508,235,755,165
0622102.jpg,329,57,509,237,754,165
0622103.jpg,328,57,508,237,755,165
0622104.jpg,326,57,506,237,1054,141
0622105.jpg,326,57,506,237,1065,155
0622106.jpg,326,58,506,238,1065,157
0622107.jpg,326,58,506,238,1065,158
0622108.jpg,326,58,506,238,1065,156
0622109.jpg,325,58,507,240,1065,155
0622110.jpg,325,58,507,240,1064,154
0622111.jpg,325,58,507,240,1064,153
0622112.jpg,325,58,507,240,1065,152
0622113.jpg,327,59,509,241,1066,153
0622114.jpg,328,59,510,241,1066,152
0622115.jpg,329,59,511,241,1065,152
0622116.jpg,329,60,511,242,1065,152
0622117.jpg,330,60,512,242,1064,151
0622118.jpg,330,61,512,243,1064,151
0622119.jpg,330,61,512,243,1064,153
0622120.jpg,332,62,514,244,1061,152
0622121.jpg,332,63,514,245,1060,152
0622122.jpg,332,63,514,245,1059,150
0622123.jpg,332,63,514,245,1058,149
0622124.jpg,334,64,514,244,1058,148
0622125.jpg,334,64,514,244,1057,149
0622126.jpg,334,64,514,244,1058,151
0622127.jpg,334,65,514,245,1057,150
0622128.jpg,335,65,515,245,1056,150
0622129.jpg,334,65,516,247,1056,150
0622130.jpg,334,65,516,247,1055,152
0622131.jpg,334,66,516,248,1057,154
0622132.jpg,332,65,518,251,1055,152
0622133.jpg,332,65,518,251,1056,153
0622134.jpg,331,66,517,252,1057,152
0622135.jpg,333,68,515,250,1059,155
0622136.jpg,333,68,515,250,1059,154
0622137.jpg,333,68,515,250,1058,155
0622138.jpg,331,66,517,252,1059,154
0622139.jpg,330,66,516,252,1059,154
0622140.jpg,330,66,516,252,1059,155
0622141.jpg,330,66,516,252,1059,154
0622142.jpg,329,64,519,254,1060,155
0622143.jpg,329,64,519,254,1061,155
0622144.jpg,330,64,520,254,1061,154
0622145.jpg,330,64,520,254,1061,155
0622146.jpg,330,64,520,254,1062,155
0622147.jpg,330,63,520,253,1061,155
0622148.jpg,330,63,520,253,1063,159
0622149.jpg,332,65,518,251,1064,158
0622150.jpg,332,65,518,251,1066,158
0622151.jpg,332,65,518,251,1066,157
0622152.jpg,332,65,518,251,1066,156
0622153.jpg,332,65,518,251,1068,155
0622154.jpg,333,65,519,251,1070,154
0622155.jpg,333,65,519,251,1070,152
0622156.jpg,333,65,519,251,1072,151
0622157.jpg,333,65,519,251,1071,150
0622158.jpg,333,65,519,251,1072,152
0622159.jpg,333,65,519,251,1072,154
0622160.jpg,333,65,519,251,1072,155
0622161.jpg,333,65,519,251,1071,153
0622162.jpg,333,65,519,251,1073,155
0622163.jpg,333,65,519,251,1073,155
0622164.jpg,332,65,518,251,1075,155
0622165.jpg,333,66,515,248,1074,154
0622166.jpg,332,65,514,247,1074,154
0622167.jpg,332,65,514,247,1073,153
0622168.jpg,329,65,511,247,1071,155
0622169.jpg,324,62,506,244,1070,156
0622170.jpg,321,62,503,244,1069,159
0622171.jpg,318,60,504,246,1066,160
0622172.jpg,316,59,502,245,1064,163
0622173.jpg,314,59,500,245,1063,163
0622174.jpg,312,62,492,242,1061,166
0622175.jpg,310,62,490,242,1061,165
0622176.jpg,311,66,483,238,1059,167
0622177.jpg,310,66,482,238,1059,166
0622178.jpg,308,65,480,237,1058,165
0622179.jpg,302,63,478,239,1057,165
0622180.jpg,301,63,477,239,1058,165
0622181.jpg,298,63,474,239,1057,166
0622182.jpg,293,63,469,239,1057,167
0622183.jpg,290,63,466,239,1057,168
0622184.jpg,279,63,459,243,1056,170
0622185.jpg,276,63,456,243,1056,171
0622186.jpg,273,64,453,244,1055,174
0622187.jpg,274,70,446,242,1055,174
0622188.jpg,272,70,444,242,1055,174
0622189.jpg,268,73,440,245,1057,173
0622190.jpg,266,75,438,247,1057,172
0622191.jpg,265,75,437,247,1057,173
0622192.jpg,262,74,438,250,1058,171
0622193.jpg,258,74,434,250,1058,172
0622194.jpg,250,73,430,253,1058,172
0622195.jpg,248,73,428,253,1058,173
0622196.jpg,245,75,425,255,1059,172
0622197.jpg,241,76,421,256,1059,173
0622198.jpg,238,77,418,257,1060,172
0622199.jpg,234,78,414,258,1061,171
0622200.jpg,234,80,410,256,1061,171
0622201.jpg,234,81,410,257,1061,171
0622202.jpg,233,81,409,257,1060,170
0622203.jpg,233,82,409,258,1060,169
0622204.jpg,235,86,407,258,1060,169
0622205.jpg,235,87,407,259,1059,169
0622206.jpg,236,89,404,257,1057,168
0622207.jpg,236,89,404,257,1058,166
0622208.jpg,238,92,402,256,1059,165
0622209.jpg,237,92,401,256,1059,163
0622210.jpg,236,92,400,256,1061,163
0622211.jpg,236,93,398,255,1061,163
0622212.jpg,236,93,398,255,1061,161
0622213.jpg,235,93,397,255,1062,162
0622214.jpg,235,93,397,255,1061,162
0622215.jpg,234,92,396,254,1060,162
0622216.jpg,235,94,393,252,1061,161
0622217.jpg,236,93,394,251,1061,160
0622218.jpg,236,92,394,250,1060,158
0622219.jpg,234,90,396,252,1061,159
0622220.jpg,235,90,397,252,1062,156
0622221.jpg,236,89,398,251,1063,157
0622222.jpg,236,89,398,251,1063,157
0622223.jpg,237,89,399,251,1063,156
0622224.jpg,239,89,401,251,1063,156
0622225.jpg,237,85,405,253,1063,156
0622226.jpg,235,83,407,255,1062,156
0622227.jpg,236,81,408,253,1062,158
0622228.jpg,240,81,412,253,1062,157
0622229.jpg,251,78,423,250,1063,158
0622230.jpg,256,78,428,250,1063,157
0622231.jpg,259,78,431,250,1062,157
0622232.jpg,264,76,436,248,1061,155
0622233.jpg,265,76,437,248,1062,157
0622234.jpg,274,73,446,245,1061,156
0622235.jpg,274,70,450,246,1061,156
0622236.jpg,283,70,455,242,1060,156
0622237.jpg,290,68,462,240,1060,157
0622238.jpg,295,68,467,240,1060,156
0622239.jpg,305,67,477,239,1062,157
0622240.jpg,308,66,480,238,1062,157
0622241.jpg,309,64,485,240,1064,157
0622242.jpg,311,61,491,241,1064,157
0622243.jpg,315,61,495,241,1064,155
0622244.jpg,326,61,506,241,1065,154
0622245.jpg,331,61,511,241,1066,154
0622246.jpg,335,61,515,241,1066,154
0622247.jpg,338,61,518,241,1066,154
0622248.jpg,342,63,518,239,1066,154
0622249.jpg,345,63,521,239,1067,154
0622250.jpg,346,63,522,239,1068,152
0622251.jpg,347,63,523,239,1068,152
0622252.jpg,348,63,524,239,1068,153
0622253.jpg,349,63,525,239,1067,151
0622254.jpg,349,63,525,239,1066,152
0622255.jpg,349,63,525,239,1066,151
0622256.jpg,347,61,527,241,1065,150
0622257.jpg,347,61,527,241,1066,150
0622258.jpg,347,61,527,241,1067,152
0622259.jpg,349,63,525,239,1068,152
0622260.jpg,349,63,525,239,1068,152
0622261.jpg,349,63,525,239,1069,151
0622262.jpg,349,63,525,239,1070,151
0622263.jpg,348,63,524,239,1070,151
0622264.jpg,348,65,520,237,1070,152
0622265.jpg,348,65,520,237,1070,152
0622266.jpg,347,65,519,237,1071,152
0622267.jpg,344,64,520,240,1070,152
0622268.jpg,343,64,519,240,1069,153
0622269.jpg,340,64,516,240,1069,153
0622270.jpg,338,63,514,239,1070,154
0622271.jpg,335,63,511,239,1069,154
0622272.jpg,333,63,509,239,1069,155
0622273.jpg,329,63,505,239,1068,156
0622274.jpg,322,63,498,239,1068,157
0622275.jpg,316,60,498,242,1069,159
0622276.jpg,313,60,495,242,1069,159
0622277.jpg,311,61,493,243,1069,160
0622278.jpg,311,62,491,242,1068,161
0622279.jpg,311,64,487,240,1066,161
0622280.jpg,309,64,485,240,1068,164
0622281.jpg,310,66,482,238,1067,164
0622282.jpg,309,67,481,239,1068,165
0622283.jpg,309,67,481,239,1066,165
0622284.jpg,307,68,479,240,1066,165
0622285.jpg,307,68,479,240,1067,167
0622286.jpg,307,69,479,241,1066,166
0622287.jpg,307,69,479,241,1066,166
0622288.jpg,307,68,479,240,1065,167
0622289.jpg,307,68,479,240,1066,167
0622290.jpg,306,66,482,242,1065,167
0622291.jpg,306,65,482,241,1065,169
0622292.jpg,307,64,483,240,1066,168
0622293.jpg,307,64,483,240,1064,169
0622294.jpg,309,64,485,240,1065,167
0622295.jpg,313,64,489,240,1064,167
0622296.jpg,311,62,491,242,1062,168
0622297.jpg,311,61,493,243,1062,166
0622298.jpg,313,61,495,243,1061,167
0622299.jpg,315,61,497,243,1061,168
0622300.jpg,318,61,500,243,1059,167
0622301.jpg,320,61,502,243,1058,166
0622302.jpg,323,61,505,243,1058,166
0622303.jpg,326,62,506,242,1057,164
0622304.jpg,329,62,509,242,1057,166
0622305.jpg,332,62,512,242,1056,166
0622306.jpg,333,62,513,242,1055,164
0622307.jpg,333,62,513,242,1054,164
0622308.jpg,334,62,514,242,1053,165
0622309.jpg,334,63,514,243,1052,165
0622310.jpg,335,64,515,244,1052,165
0622311.jpg,335,64,515,244,1051,165
0622312.jpg,335,65,515,245,1050,166
0622313.jpg,335,65,515,245,1051,166
0622314.jpg,335,65,515,245,1051,166
0622315.jpg,335,65,515,245,1051,167
0622316.jpg,335,65,515,245,1050,167
0622317.jpg,335,65,515,245,1050,166
0622318.jpg,335,65,515,245,1050,168
0622319.jpg,335,65,515,245,1051,167
0622320.jpg,334,64,514,244,1051,168
0622321.jpg,334,64,514,244,1051,167
0622322.jpg,334,63,514,243,1051,167
0622323.jpg,334,63,514,243,1050,167
0622324.jpg,334,63,514,243,1051,168
0622325.jpg,336,65,512,241,1052,167
0622326.jpg,335,65,511,241,1053,166
0622327.jpg,335,65,511,241,1053,164
0622328.jpg,335,65,511,241,1055,162
0622329.jpg,335,65,511,241,1056,160
0622330.jpg,334,65,510,241,1058,159
0622331.jpg,334,65,510,241,1059,157
0622332.jpg,334,65,510,241,1059,156
0622333.jpg,333,65,509,241,1059,157
0622334.jpg,332,65,508,241,1061,157
0622335.jpg,329,63,509,243,1061,157
0622336.jpg,328,63,508,243,1061,157
0622337.jpg,328,63,508,243,1062,158
0622338.jpg,327,63,507,243,1062,156
0622339.jpg,327,62,507,242,1062,156
0622340.jpg,326,62,506,242,1063,157
0622341.jpg,326,62,506,242,1063,156
0622342.jpg,326,62,506,242,1063,156
0622343.jpg,326,62,506,242,1063,157
0622344.jpg,326,62,506,242,1063,156
0622345.jpg,325,62,505,242,1065,156
0622346.jpg,325,62,505,242,1065,154
0622347.jpg,325,62,505,242,1066,156
0622348.jpg,326,62,506,242,1066,156
0622349.jpg,326,62,506,242,1066,155
0622350.jpg,327,62,507,242,1066,156
0622351.jpg,327,62,507,242,1065,156
0622352.jpg,327,62,507,242,1064,156
0622353.jpg,328,62,508,242,1062,155
0622354.jpg,330,64,506,240,1063,156
0622355.jpg,330,64,506,240,1062,156
0622356.jpg,330,64,506,240,1062,157
0622357.jpg,330,64,506,240,1062,157
0622358.jpg,330,64,506,240,1061,156
0622359.jpg,329,64,505,240,1061,158
0622360.jpg,329,64,505,240,1061,157
0622361.jpg,329,64,505,240,1062,158
0622362.jpg,329,63,505,239,1062,158
0622363.jpg,329,63,505,239,1063,158
0622364.jpg,329,63,505,239,1062,158
0622365.jpg,330,63,506,239,1063,160
0622366.jpg,330,63,506,239,1064,161
0622367.jpg,330,63,506,239,1064,159
0622368.jpg,330,63,506,239,1065,160
0622369.jpg,330,63,506,239,1066,162
0622370.jpg,331,63,507,239,1067,162
0622371.jpg,331,63,507,239,1068,162
0622372.jpg,331,63,507,239,1069,162
0622373.jpg,332,62,508,238,1069,162
0622374.jpg,332,62,508,238,1070,162
0622375.jpg,332,62,508,238,1069,162
0622376.jpg,332,62,508,238,1070,162
0622377.jpg,333,62,509,238,1070,160
0622378.jpg,333,62,509,238,1070,162
0622379.jpg,333,62,509,238,1070,161
0622380.jpg,333,62,509,238,1070,161
0622381.jpg,333,62,509,238,1071,161
0622382.jpg,333,62,509,238,1072,163
0622383.jpg,334,62,510,238,1071,161
0622384.jpg,334,62,510,238,1070,161
0622385.jpg,334,62,510,238,1072,163
0622386.jpg,334,62,510,238,1070,162
0622387.jpg,334,62,510,238,1071,162
0622388.jpg,335,62,511,238,1071,162
0622389.jpg,335,62,511,238,1071,162
0622390.jpg,335,62,511,238,1070,161
0622391.jpg,335,62,511,238,1071,162
0622392.jpg,335,62,511,238,1071,162
0622393.jpg,335,62,511,238,1070,162
0622394.jpg,335,62,511,238,1071,163
0622395.jpg,335,62,511,238,1070,163
0622396.jpg,335,62,511,238,1071,162
0622397.jpg,334,60,514,240,1070,161
0622398.jpg,334,60,514,240,1070,162
0622399.jpg,334,60,514,240,1070,161
0622400.jpg,334,60,514,240,1070,162
0622401.jpg,335,60,515,240,1069,162
0622402.jpg,335,60,515,240,1071,163
0622403.jpg,335,61,515,241,1070,163
0622404.jpg,335,61,515,241,1070,163
0622405.jpg,335,61,515,241,1070,163
0622406.jpg,335,61,515,241,1069,162
0622407.jpg,335,61,515,241,1070,162
0622408.jpg,336,61,516,241,1071,161
0622409.jpg,336,62,516,242,1071,163
0622410.jpg,336,62,516,242,1071,163
0622411.jpg,336,62,516,242,1071,162
0622412.jpg,337,63,517,243,1071,164
0622413.jpg,337,63,517,243,1072,164
0622414.jpg,337,64,517,244,1072,165
0622415.jpg,339,67,515,243,1071,165
0622416.jpg,339,67,515,243,1071,164
0622417.jpg,339,67,515,243,1072,164
0622418.jpg,339,67,515,243,1071,163
0622419.jpg,339,67,515,243,1070,164
0622420.jpg,339,67,515,243,1071,163
0622421.jpg,340,68,516,244,1071,165
0622422.jpg,341,69,517,245,1070,165
0622423.jpg,341,69,517,245,1071,165
0622424.jpg,341,69,517,245,1071,165
0622425.jpg,342,69,518,245,1070,165
0622426.jpg,342,69,518,245,1070,165
0622427.jpg,342,69,518,245,1070,164
0622428.jpg,342,69,518,245,1071,164
0622429.jpg,342,69,518,245,1071,165
0622430.jpg,342,69,518,245,1071,165
0622431.jpg,342,69,518,245,1071,163
0622432.jpg,342,68,518,244,1071,164
0622433.jpg,342,68,518,244,1070,164
0622434.jpg,342,68,518,244,1069,162
0622435.jpg,342,68,518,244,1069,163
0622436.jpg,342,68,518,244,1071,163
0622437.jpg,340,66,520,246,1069,163
0622438.jpg,340,66,520,246,1071,163
0622439.jpg,339,66,519,246,1070,164
0622440.jpg,339,65,519,245,1070,164
0622441.jpg,339,65,519,245,1070,165
0622442.jpg,341,67,517,243,1071,164
0622443.jpg,340,67,516,243,1071,165
0622444.jpg,340,67,516,243,1071,164
0622445.jpg,340,66,516,242,1071,165
0622446.jpg,340,66,516,242,1070,164
0622447.jpg,340,66,516,242,1071,164
0622448.jpg,340,66,516,242,1071,165
0622449.jpg,340,66,516,242,1072,164
0622450.jpg,340,67,516,243,1071,164
0622451.jpg,340,67,516,243,1072,164
0622452.jpg,340,67,516,243,1072,165
0622453.jpg,340,67,516,243,1071,165
0622454.jpg,340,67,516,243,1071,164
0622455.jpg,340,67,516,243,1070,165
0622456.jpg,339,67,515,243,1071,165
0622457.jpg,339,66,515,242,1071,165
0622458.jpg,340,66,516,242,1070,166
0622459.jpg,340,66,516,242,1070,166
0622460.jpg,340,66,516,242,1070,164
0622461.jpg,340,66,516,242,1069,163
0622462.jpg,340,67,516,243,1070,162
0622463.jpg,341,67,517,243,1069,162
0622464.jpg,341,67,517,243,1070,162
0622465.jpg,341,67,517,243,1072,164
0622466.jpg,341,69,517,245,1072,163
0622467.jpg,341,69,517,245,1071,165
0622468.jpg,339,67,519,247,1071,165
0622469.jpg,341,70,517,246,1073,165
0622470.jpg,341,72,517,248,1073,164
0622471.jpg,344,77,516,249,1074,163
0622472.jpg,345,82,517,254,1074,162
0622473.jpg,346,86,518,258,1073,163
0623000.jpg,685,74,843,232,165,131
0623001.jpg,683,73,845,235,161,129
0623002.jpg,684,73,846,235,162,129
0623003.jpg,684,73,846,235,161,130
0623004.jpg,683,73,845,235,162,130
0623005.jpg,683,73,845,235,161,129
0623006.jpg,683,74,845,236,163,129
0623007.jpg,680,83,834,237,163,130
0623008.jpg,679,84,833,238,166,131
0623009.jpg,679,84,833,238,170,132
0623010.jpg,679,85,833,239,174,132
0623011.jpg,679,85,833,239,176,134
0623012.jpg,678,85,832,239,180,135
0623013.jpg,678,85,832,239,183,137
0623014.jpg,678,85,832,239,196,127
0623015.jpg,678,85,832,239,417,162
0623016.jpg,678,85,832,239,421,163
0623017.jpg,677,85,831,239,424,163
0623018.jpg,677,86,831,240,427,161
0623019.jpg,679,88,829,238,432,161
0623020.jpg,679,88,829,238,435,161
0623021.jpg,679,89,829,239,438,160
0623022.jpg,679,89,829,239,439,160
0623023.jpg,679,89,829,239,441,158
0623024.jpg,679,89,829,239,441,159
0623025.jpg,679,89,829,239,440,158
0623026.jpg,679,89,829,239,439,159
0623027.jpg,679,89,829,239,439,158
0623028.jpg,679,89,829,239,440,159
0623029.jpg,679,89,829,239,438,158
0623030.jpg,680,88,830,238,437,158
0623031.jpg,680,87,830,237,437,159
0623032.jpg,680,87,830,237,435,160
0623033.jpg,681,87,831,237,434,161
0623034.jpg,681,87,831,237,434,163
0623035.jpg,681,87,831,237,433,163
0623036.jpg,681,87,831,237,434,163
0623037.jpg,681,87,831,237,433,163
0623038.jpg,681,87,831,237,435,163
0623039.jpg,681,87,831,237,434,163
0623040.jpg,681,87,831,237,434,165
0623041.jpg,681,87,831,237,434,164
0623042.jpg,682,87,832,237,434,165
0623043.jpg,682,88,832,238,434,164
0623044.jpg,682,88,832,238,434,166
0623045.jpg,682,88,832,238,434,166
0623046.jpg,682,88,832,238,435,166
0623047.jpg,682,88,832,238,435,166
0623048.jpg,682,88,832,238,434,165
0623049.jpg,682,88,832,238,434,166
0623050.jpg,682,81,844,243,432,167
0623051.jpg,683,81,845,243,432,167
0623052.jpg,684,80,846,242,431,167
0623053.jpg,692,80,854,242,432,168
0623054.jpg,696,80,858,242,432,167
0623055.jpg,699,80,861,242,434,167
0623056.jpg,702,82,860,240,433,167
0623057.jpg,702,82,860,240,435,166
0623058.jpg,702,82,860,240,433,166
0623059.jpg,703,82,861,240,433,166
0623060.jpg,702,82,860,240,431,166
0623061.jpg,700,80,862,242,562,310
0623062.jpg,695,74,863,242,556,313
0623063.jpg,695,74,863,242,742,193
0623064.jpg,694,74,862,242,754,195
0623066.jpg,692,73,860,241,776,157
0623067.jpg,691,72,859,240,783,159
0623068.jpg,689,72,857,240,783,160
0623069.jpg,689,72,857,240,784,159
0623070.jpg,689,72,857,240,782,160
0623071.jpg,688,72,856,240,781,159
0623072.jpg,687,72,855,240,781,159
0623073.jpg,685,72,853,240,733,158
0623074.jpg,684,72,852,240,725,163
0623075.jpg,679,75,847,243,725,163
0623076.jpg,678,76,846,244,723,162
0623077.jpg,677,76,845,244,722,162
0623078.jpg,678,84,832,238,722,163
0623079.jpg,677,86,831,240,721,163
0623080.jpg,678,88,828,238,719,163
0623081.jpg,677,89,827,239,719,163
0623082.jpg,676,89,826,239,718,162
0623083.jpg,674,87,828,241,718,163
0623084.jpg,674,87,828,241,724,163
0623085.jpg,672,85,830,243,712,164
0623086.jpg,672,85,830,243,712,165
0623087.jpg,671,84,829,242,710,165
0623088.jpg,671,84,829,242,710,165
0623089.jpg,670,84,828,242,709,166
0623090.jpg,670,83,828,241,717,169
0623091.jpg,672,85,826,239,418,168
0623092.jpg,672,84,826,238,421,172
0623093.jpg,673,86,823,236,421,172
0623094.jpg,673,86,823,236,421,172
0623095.jpg,672,86,822,236,420,172
0623096.jpg,672,86,822,236,420,173
0623097.jpg,671,86,821,236,420,172
0623098.jpg,673,88,819,234,418,172
0623099.jpg,673,88,819,234,419,171
0623100.jpg,674,88,820,234,418,171
0623101.jpg,674,88,820,234,417,172
0623102.jpg,675,89,821,235,415,172
0623103.jpg,676,87,826,237,415,174
0623104.jpg,677,85,831,239,414,176
0623105.jpg,679,85,833,239,413,177
0623106.jpg,680,79,844,243,414,176
0623107.jpg,688,79,852,243,414,176
0623108.jpg,697,79,861,243,413,177
0623109.jpg,703,81,861,239,413,177
0623110.jpg,704,81,862,239,412,175
0623111.jpg,705,81,863,239,412,175
0623112.jpg,708,82,866,240,414,174
0623113.jpg,709,82,867,240,414,175
0623114.jpg,709,82,867,240,413,176
0623115.jpg,709,82,867,240,414,176
0623116.jpg,709,82,867,240,412,176
0623117.jpg,706,82,864,240,413,176
0623118.jpg,705,82,863,240,412,176
0623119.jpg,703,82,861,240,411,177
0623120.jpg,701,81,859,239,410,177
0623121.jpg,697,79,859,241,411,176
0623122.jpg,697,79,859,241,497,266
0623123.jpg,697,79,859,241,579,330
0623124.jpg,701,81,859,239,736,181
0623125.jpg,702,82,860,240,757,181
0623126.jpg,705,84,859,238,758,156
0623127.jpg,706,84,860,238,775,159
0623128.jpg,708,84,862,238,779,158
0623129.jpg,706,82,864,240,782,158
0623130.jpg,707,81,865,239,783,160
0623131.jpg,710,81,868,239,789,160
0623132.jpg,710,75,872,237,789,160
0623133.jpg,714,75,876,237,790,160
0623134.jpg,720,73,882,235,792,158
0623135.jpg,719,72,883,236,740,153
0623136.jpg,719,72,883,236,743,158
0623137.jpg,718,70,886,238,732,161
0623138.jpg,718,71,886,239,729,162
0623139.jpg,718,71,886,239,727,161
0623140.jpg,718,71,886,239,723,162
0623141.jpg,718,71,886,239,718,161
0623142.jpg,718,71,886,239,719,162
0623143.jpg,718,71,886,239,714,162
0623144.jpg,718,72,886,240,715,162
0623145.jpg,719,73,887,241,714,162
0623146.jpg,719,73,887,241,714,162
0623147.jpg,719,73,887,241,715,162
0623148.jpg,719,74,887,242,713,157
0623149.jpg,722,79,886,243,710,162
0623150.jpg,723,79,887,243,710,163
0623151.jpg,724,79,888,243,744,157
0623152.jpg,724,79,888,243,776,160
0623153.jpg,725,79,889,243,771,173
0623154.jpg,726,79,890,243,783,156
0623155.jpg,727,79,891,243,796,157
0623156.jpg,728,79,892,243,905,319
0623157.jpg,728,79,892,243,950,222
0623158.jpg,729,79,893,243,1058,141
0623159.jpg,729,80,893,244,1059,144
0623160.jpg,729,80,893,244,1059,147
0623161.jpg,729,80,893,244,1060,147
0623162.jpg,729,80,893,244,1059,146
0623163.jpg,729,80,893,244,1060,145
0623164.jpg,729,80,893,244,1061,144
0623165.jpg,729,82,891,244,1062,143
0623166.jpg,729,83,891,245,1061,141
0623167.jpg,728,84,890,246,1060,140
0623168.jpg,728,84,890,246,1060,141
0623169.jpg,726,84,888,246,1058,143
0623170.jpg,725,84,887,246,1054,144
0623171.jpg,725,83,887,245,1053,147
0623172.jpg,725,83,887,245,1052,150
0623173.jpg,725,82,887,244,1049,153
0623174.jpg,723,77,887,241,1048,154
0623175.jpg,723,76,887,240,1047,156
0623176.jpg,723,75,887,239,1047,157
0623177.jpg,723,75,887,239,1046,157
0623178.jpg,723,75,887,239,1045,158
0623179.jpg,723,75,887,239,1045,159
0623180.jpg,719,75,883,239,1044,158
0623181.jpg,717,74,881,238,1045,159
0623182.jpg,714,75,876,237,1044,162
0623183.jpg,711,76,869,234,1045,164
0623184.jpg,703,72,861,230,1045,166
0623185.jpg,701,74,855,228,1045,169
0623186.jpg,698,74,852,228,1043,170
0623187.jpg,696,76,846,226,1043,172
0623188.jpg,699,79,843,223,1045,172
0623189.jpg,699,81,843,225,1044,173
0623190.jpg,701,83,841,223,1045,173
0623191.jpg,701,83,841,223,1046,172
0623192.jpg,700,83,840,223,1046,171
0623193.jpg,700,83,840,223,1047,171
0623194.jpg,700,83,840,223,1047,173
0623195.jpg,688,93,824,229,1048,172
0623196.jpg,687,93,823,229,1048,172
0623197.jpg,687,93,823,229,1048,172
0623198.jpg,687,93,823,229,1049,170
0623199.jpg,687,93,823,229,1049,169
0623200.jpg,686,93,822,229,1049,169
0623201.jpg,686,93,822,229,1049,167
0623202.jpg,686,93,822,229,1049,169
0623203.jpg,686,93,822,229,1048,169
0623204.jpg,686,93,822,229,1048,168
0623205.jpg,686,93,822,229,1048,168
0623206.jpg,686,93,822,229,1046,166
0623207.jpg,686,93,822,229,1045,164
0623208.jpg,686,93,822,229,1046,163
0623209.jpg,688,93,824,229,1047,159
0623210.jpg,686,91,826,231,1048,159
0623211.jpg,685,89,829,233,1048,158
0623212.jpg,686,82,840,236,1050,156
0623213.jpg,685,76,843,234,1050,157
0623214.jpg,687,75,845,233,1036,159
0623215.jpg,689,77,843,231,1074,577
0623216.jpg,690,77,844,231,885,568
0623217.jpg,691,77,845,231,320,625
0623218.jpg,693,78,843,228,89,366
0623219.jpg,693,78,843,228,374,157
0623220.jpg,691,76,845,230,370,159
0623221.jpg,691,76,845,230,365,162
0623222.jpg,691,76,845,230,363,162
0623223.jpg,691,76,845,230,360,163
0623224.jpg,691,76,845,230,357,163
0623225.jpg,691,76,845,230,356,163
0623226.jpg,689,74,847,232,352,164
0623227.jpg,690,73,848,231,351,165
0623228.jpg,691,73,849,231,348,166
0623229.jpg,699,73,857,231,345,167
0623230.jpg,702,73,860,231,344,167
0623231.jpg,706,76,860,230,341,167
0623232.jpg,707,77,861,231,339,169
0623233.jpg,711,77,865,231,338,169
0623234.jpg,712,78,870,236,336,171
0623235.jpg,714,80,876,242,334,171
0623236.jpg,714,81,876,243,334,172
0623237.jpg,714,82,876,244,332,173
0623238.jpg,713,81,877,245,331,172
0623239.jpg,711,81,875,245,330,174
0623240.jpg,710,82,872,244,328,173
0623241.jpg,708,82,870,244,327,175
0623242.jpg,706,82,868,244,326,176
0623243.jpg,704,82,866,244,326,177
0623244.jpg,701,82,863,244,326,177
0623245.jpg,700,82,862,244,325,177
0623246.jpg,692,79,860,247,324,179
0623247.jpg,687,78,859,250,322,179
0623248.jpg,684,78,856,250,321,178
0623249.jpg,682,79,854,251,320,179
0623250.jpg,681,79,853,251,319,179
0623251.jpg,679,80,851,252,317,179
0623252.jpg,679,80,851,252,165,122
0623253.jpg,678,80,850,252,163,125
0623254.jpg,678,80,850,252,161,125
0623255.jpg,678,80,850,252,159,124
0623256.jpg,678,80,850,252,159,123
0623257.jpg,678,80,850,252,156,123
0623258.jpg,679,80,851,252,154,123
0623259.jpg,679,80,851,252,152,122
0623260.jpg,680,80,852,252,150,124
0623261.jpg,681,80,853,252,150,123
0623262.jpg,682,80,854,252,149,124
0623263.jpg,683,80,855,252,149,125
0623264.jpg,684,81,856,253,149,125
0623265.jpg,686,81,858,253,149,125
0623266.jpg,686,81,858,253,148,125
0623267.jpg,687,81,859,253,146,126
0623268.jpg,688,80,860,252,145,129
0623269.jpg,694,82,862,250,145,131
0623270.jpg,694,82,862,250,143,131
0623271.jpg,696,84,860,248,239,254
0623272.jpg,696,84,860,248,235,255
0623273.jpg,696,84,860,248,226,257
0623274.jpg,690,84,854,248,764,186
0623275.jpg,690,83,854,247,975,252
0623276.jpg,688,84,850,246,1039,142
0623277.jpg,686,86,844,244,1049,143
0623278.jpg,682,88,836,242,1050,144
0623279.jpg,681,89,835,243,1049,145
0623280.jpg,681,90,835,244,1049,145
0623281.jpg,681,90,835,244,1049,146
0623282.jpg,681,90,835,244,1049,147
0623283.jpg,679,88,837,246,1048,147
0623284.jpg,679,81,851,253,1049,149
0623285.jpg,680,81,852,253,1048,148
0623286.jpg,680,81,852,253,1047,149
0623287.jpg,680,81,852,253,1046,150
0623288.jpg,679,81,851,253,1047,151
0623289.jpg,679,81,851,253,1047,151
0623290.jpg,678,81,850,253,1047,151
0623291.jpg,680,83,848,251,1047,152
0623292.jpg,683,91,833,241,1045,150
0623293.jpg,682,91,832,241,1046,150
0623294.jpg,682,91,832,241,1044,151
0623295.jpg,679,89,833,243,1045,152
0623296.jpg,679,89,833,243,1044,153
0623297.jpg,679,89,833,243,1043,153
0623298.jpg,679,89,833,243,1042,152
0623299.jpg,679,89,833,243,1040,152
0623300.jpg,681,90,835,244,1039,153
0623301.jpg,678,81,850,253,1038,152
0623302.jpg,679,81,851,253,1037,151
0623303.jpg,682,81,854,253,1038,151
0623304.jpg,683,81,855,253,1037,151
0623305.jpg,688,83,856,251,1036,151
0623306.jpg,689,83,857,251,1035,152
0623307.jpg,691,84,855,248,1033,151
0623308.jpg,691,84,855,248,1032,152
0623309.jpg,691,84,855,248,1032,153
0623310.jpg,691,84,855,248,1031,153
0623311.jpg,691,85,855,249,1030,152
0623312.jpg,690,85,854,249,1030,154
0623313.jpg,690,85,854,249,1029,154
0623314.jpg,690,85,854,249,1029,154
0623315.jpg,690,85,854,249,1029,154
0623316.jpg,690,86,854,250,1028,154
0623317.jpg,690,86,854,250,1028,154
0623318.jpg,690,86,854,250,1028,154
0623319.jpg,690,86,854,250,1028,153
0623320.jpg,690,87,854,251,1029,153
0623321.jpg,690,87,854,251,1030,153
0623322.jpg,690,87,854,251,1029,153
0623323.jpg,690,87,854,251,1029,154
0623324.jpg,689,87,853,251,1030,154
0623325.jpg,681,83,853,255,1031,154
0623326.jpg,679,82,851,254,1040,266
0623327.jpg,676,82,848,254,1070,590
0623328.jpg,678,89,836,247,712,494
0623329.jpg,678,90,836,248,349,549
0623330.jpg,677,90,835,248,287,326
0623331.jpg,677,90,835,248,243,285
0623332.jpg,679,92,833,246,258,225
0623333.jpg,678,92,832,246,254,229
0623334.jpg,678,92,832,246,237,202
0623335.jpg,678,92,832,246,224,155
0623336.jpg,678,92,832,246,213,149
0623337.jpg,678,92,832,246,209,146
0623338.jpg,678,92,832,246,210,147
0623339.jpg,678,92,832,246,209,149
0623340.jpg,677,91,831,245,209,150
0623341.jpg,677,91,827,241,206,155
0623342.jpg,675,91,825,241,206,154
0623343.jpg,674,91,824,241,206,153
0623344.jpg,675,93,821,239,204,155
0623345.jpg,675,94,821,240,203,155
0623346.jpg,674,94,820,240,201,155
0623347.jpg,674,94,820,240,198,153
0623348.jpg,674,94,820,240,195,154
0623349.jpg,674,94,820,240,192,152
0623350.jpg,674,95,820,241,189,152
0623351.jpg,674,95,820,241,187,153
0623352.jpg,673,93,823,243,182,152
0623353.jpg,673,93,823,243,179,152
0623354.jpg,673,94,823,244,176,151
0623355.jpg,673,94,823,244,171,151
0623356.jpg,673,94,823,244,166,149
0623357.jpg,672,94,822,244,271,317
0623358.jpg,672,94,822,244,266,333
0623359.jpg,672,94,822,244,255,337
0623360.jpg,671,92,825,246,374,599
0623361.jpg,671,91,825,245,772,161
0623362.jpg,671,91,825,245,782,167
0623363.jpg,670,91,824,245,785,168
0623364.jpg,670,91,824,245,785,167
0623365.jpg,670,91,824,245,784,166
0623366.jpg,670,91,824,245,784,166
0623367.jpg,672,92,822,242,765,159
0623368.jpg,672,92,822,242,773,162
0623369.jpg,672,92,822,242,774,162
0623370.jpg,673,92,823,242,774,162
0623371.jpg,675,92,825,242,774,162
0623372.jpg,676,92,826,242,772,164
0623373.jpg,677,92,827,242,772,165
0623374.jpg,678,92,828,242,788,183
0623375.jpg,676,90,830,244,790,191
0623376.jpg,676,90,830,244,788,193
0623377.jpg,676,90,830,244,783,194
0623378.jpg,676,90,830,244,777,196
0623379.jpg,676,91,830,245,776,195
0623380.jpg,679,93,829,243,777,196
0623381.jpg,679,93,829,243,776,195
0623382.jpg,679,93,829,243,777,195
0623383.jpg,679,94,829,244,776,197
0623384.jpg,679,94,829,244,775,197
0623385.jpg,679,94,829,244,823,629
0623386.jpg,679,94,829,244,681,491
0623387.jpg,679,94,829,244,470,534
0623388.jpg,679,94,829,244,252,400
0623389.jpg,679,94,829,244,248,378
0623390.jpg,680,94,830,244,147,145
0623391.jpg,680,94,830,244,148,144
0623392.jpg,680,94,830,244,149,146
0623393.jpg,680,94,830,244,151,146
0623394.jpg,680,94,830,244,150,145
0623395.jpg,680,94,830,244,150,146
0623396.jpg,680,93,830,243,151,147
0623397.jpg,680,93,830,243,151,147
0623398.jpg,680,93,830,243,148,147
0623399.jpg,680,93,830,243,148,149
0623400.jpg,680,93,830,243,146,149
0623401.jpg,680,93,830,243,146,150
0623402.jpg,680,93,830,243,145,149
0623403.jpg,680,93,830,243,142,149
0623404.jpg,680,92,830,242,141,149
0623405.jpg,680,92,830,242,149,135
0623406.jpg,682,94,828,240,228,219
0623407.jpg,682,94,828,240,323,257
0623408.jpg,680,92,830,242,381,211
0623409.jpg,680,92,830,242,435,165
0623410.jpg,680,92,830,242,423,165
0623411.jpg,679,92,829,242,422,164
0623412.jpg,679,92,829,242,421,164
0623413.jpg,679,92,829,242,422,163
0623414.jpg,679,92,829,242,421,163
0623415.jpg,678,92,828,242,422,164
0623416.jpg,678,92,828,242,422,164
0623417.jpg,677,92,827,242,421,164
0623418.jpg,677,92,827,242,423,164
0623419.jpg,676,92,826,242,422,164
0623420.jpg,675,92,825,242,421,164
0623421.jpg,674,93,824,243,422,164
0623422.jpg,674,93,824,243,422,165
0623423.jpg,674,94,824,244,421,164
0623424.jpg,674,94,824,244,422,165
0623425.jpg,675,95,825,245,421,165
0623426.jpg,677,97,823,243,422,163
0623427.jpg,677,97,823,243,421,163
0623428.jpg,677,97,823,243,423,163
0623429.jpg,677,97,823,243,422,163
0623430.jpg,677,95,823,241,423,164
0623431.jpg,677,95,823,241,422,164
0623432.jpg,677,93,823,239,422,163
0623433.jpg,677,93,823,239,422,163
0623434.jpg,676,91,826,241,422,164
0623435.jpg,677,91,827,241,422,164
0623436.jpg,680,90,830,240,423,163
0623437.jpg,680,89,830,239,423,164
0623438.jpg,679,85,833,239,422,164
0623439.jpg,680,79,844,243,477,251
0623440.jpg,681,78,845,242,343,257
0623441.jpg,682,77,846,241,130,132
0623442.jpg,684,77,848,241,124,133
0623443.jpg,689,76,853,240,125,134
0623444.jpg,689,76,853,240,126,132
0623445.jpg,695,77,857,239,129,131
0623446.jpg,698,74,860,236,131,130
0623447.jpg,703,76,861,234,133,132
0623448.jpg,706,81,860,235,137,132
0623449.jpg,707,81,861,235,140,134
0623450.jpg,708,83,862,237,146,139
0623451.jpg,708,83,862,237,154,144
0623452.jpg,708,84,862,238,161,149
0623453.jpg,710,84,864,238,167,153
0623454.jpg,711,84,865,238,172,154
0623455.jpg,711,84,865,238,176,156
0623456.jpg,711,84,865,238,181,157
0623457.jpg,711,84,865,238,187,155
0623458.jpg,711,84,865,238,189,155
0623459.jpg,711,84,865,238,193,158
0623460.jpg,711,84,865,238,196,159
0623461.jpg,711,85,865,239,199,159
0623462.jpg,711,85,865,239,203,160
0623463.jpg,711,85,865,239,204,160
0623464.jpg,712,87,862,237,206,161
0623465.jpg,712,87,862,237,209,160
0623466.jpg,711,88,861,238,211,159
0623467.jpg,711,89,861,239,212,161
0623468.jpg,711,89,861,239,212,161
0623469.jpg,708,87,862,241,214,162
0623470.jpg,707,87,861,241,215,163
0623471.jpg,706,88,860,242,215,162
0623472.jpg,704,86,862,244,214,163
0623473.jpg,704,86,862,244,215,163
0624000.jpg,62,33,256,227,158,113
0624001.jpg,62,33,256,227,161,119
0624002.jpg,62,33,256,227,161,120
0624003.jpg,62,33,256,227,161,120
0624004.jpg,62,33,256,227,161,120
0624005.jpg,60,31,258,229,155,129
0624006.jpg,59,31,259,231,158,130
0624007.jpg,61,31,261,231,158,132
0624008.jpg,59,29,263,233,160,136
0624009.jpg,59,29,263,233,165,136
0624010.jpg,65,29,269,233,169,137
0624011.jpg,69,30,269,230,171,137
0624012.jpg,77,28,277,228,174,140
0624013.jpg,84,31,278,225,177,142
0624014.jpg,86,31,280,225,181,144
0624015.jpg,88,33,278,223,182,145
0624016.jpg,89,34,279,224,183,145
0624017.jpg,90,34,280,224,415,158
0624018.jpg,91,37,281,227,427,162
0624019.jpg,90,35,284,229,433,162
0624020.jpg,90,35,284,229,436,160
0624021.jpg,91,37,285,231,441,159
0624022.jpg,91,38,285,232,443,159
0624023.jpg,91,40,285,234,442,157
0624024.jpg,91,40,285,234,443,156
0624025.jpg,91,41,285,235,443,154
0624026.jpg,91,41,285,235,443,154
0624027.jpg,91,41,285,235,443,154
0624028.jpg,90,40,288,238,442,155
0624029.jpg,90,40,288,238,442,154
0624030.jpg,89,39,289,239,441,154
0624031.jpg,89,39,289,239,441,154
0624032.jpg,89,39,289,239,440,155
0624033.jpg,89,40,289,240,440,154
0624034.jpg,88,40,288,240,440,155
0624035.jpg,88,40,288,240,439,154
0624036.jpg,89,41,287,239,439,155
0624037.jpg,90,41,288,239,440,155
0624038.jpg,90,41,288,239,441,156
0624039.jpg,90,41,288,239,440,155
0624040.jpg,89,41,287,239,440,155
0624041.jpg,89,41,287,239,440,155
0624042.jpg,89,41,287,239,441,156
0624043.jpg,89,41,287,239,441,156
0624044.jpg,88,40,288,240,441,155
0624045.jpg,88,40,288,240,443,155
0624046.jpg,88,40,288,240,442,156
0624047.jpg,89,41,287,239,442,156
0624048.jpg,91,43,285,237,443,156
0624049.jpg,91,43,285,237,443,156
0624050.jpg,91,43,285,237,443,155
0624051.jpg,91,43,285,237,442,156
0624052.jpg,91,43,285,237,441,156
0624053.jpg,89,42,287,240,441,157
0624054.jpg,89,42,287,240,442,157
0624055.jpg,89,42,287,240,443,157
0624056.jpg,89,42,287,240,444,158
0624057.jpg,89,42,287,240,443,157
0624058.jpg,89,42,287,240,443,156
0624059.jpg,89,42,287,240,443,157
0624060.jpg,89,42,287,240,442,157
0624061.jpg,89,42,287,240,441,157
0624062.jpg,89,42,287,240,440,156
0624063.jpg,88,42,286,240,440,155
0624064.jpg,87,41,287,241,441,156
0624065.jpg,87,41,287,241,439,157
0624066.jpg,87,41,287,241,439,156
0624067.jpg,87,41,287,241,440,157
0624068.jpg,87,41,287,241,439,157
0624069.jpg,87,41,287,241,437,157
0624070.jpg,87,41,287,241,437,157
0624071.jpg,88,42,286,240,436,155
0624072.jpg,88,41,286,239,437,157
0624073.jpg,88,40,286,238,436,157
0624074.jpg,88,39,286,237,436,155
0624075.jpg,88,39,286,237,435,156
0624076.jpg,88,39,286,237,435,157
0624077.jpg,88,39,286,237,435,157
0624078.jpg,88,38,286,236,436,157
0624079.jpg,87,38,285,236,436,157
0624080.jpg,86,35,284,233,435,156
0624081.jpg,85,32,285,232,436,156
0624082.jpg,83,24,283,224,435,156
0624083.jpg,78,22,282,226,436,157
0624084.jpg,76,22,280,226,435,155
0624085.jpg,72,20,280,228,436,155
0624086.jpg,71,20,279,228,435,155
0624087.jpg,71,20,279,228,435,158
0624088.jpg,68,20,276,228,434,159
0624089.jpg,67,20,275,228,434,160
0624090.jpg,66,25,274,233,435,159
0624091.jpg,64,27,272,235,435,159
0624092.jpg,65,29,269,233,434,160
0624093.jpg,61,31,261,231,434,161
0624094.jpg,59,31,259,231,434,160
0624095.jpg,60,32,258,230,433,160
0624096.jpg,57,32,255,230,434,160
0624097.jpg,56,32,254,230,432,161
0624098.jpg,55,30,253,228,432,159
0624099.jpg,54,28,252,226,431,158
0624100.jpg,46,22,254,230,430,156
0624101.jpg,44,19,256,231,431,153
0624102.jpg,43,19,255,231,430,155
0624103.jpg,43,19,255,231,431,153
0624104.jpg,43,18,255,230,430,158
0624105.jpg,42,18,254,230,429,158
0624106.jpg,41,18,253,230,428,158
0624107.jpg,41,18,253,230,429,157
0624108.jpg,37,17,253,233,429,156
0624109.jpg,37,17,253,233,427,157
0624110.jpg,37,17,253,233,427,158
0624111.jpg,40,19,252,231,427,158
0624112.jpg,41,19,253,231,428,158
0624113.jpg,48,23,252,227,428,157
0624114.jpg,51,25,251,225,428,157
0624115.jpg,55,26,253,224,428,158
0624116.jpg,62,33,248,219,426,158
0624117.jpg,63,34,249,220,427,158
0624118.jpg,69,35,255,221,425,159
0624119.jpg,70,35,256,221,425,159
0624120.jpg,70,33,260,223,425,158
0624121.jpg,72,31,266,225,425,159
0624122.jpg,73,32,267,226,424,157
0624123.jpg,75,32,269,226,423,157
0624124.jpg,74,30,272,228,423,159
0624125.jpg,73,29,273,229,422,159
0624126.jpg,73,30,273,230,423,159
0624127.jpg,74,30,274,230,423,158
0624128.jpg,75,30,275,230,423,159
0624129.jpg,78,30,278,230,423,158
0624130.jpg,78,31,278,231,423,158
0624131.jpg,78,31,278,231,423,158
0624132.jpg,78,31,278,231,424,158
0624133.jpg,79,31,279,231,423,157
0624134.jpg,79,30,279,230,423,158
0624135.jpg,79,30,279,230,425,158
0624136.jpg,79,30,279,230,425,158
0624137.jpg,79,30,279,230,426,157
0624138.jpg,79,30,279,230,426,158
0624139.jpg,79,30,279,230,427,158
0624140.jpg,79,30,279,230,427,158
0624141.jpg,79,30,279,230,427,159
0624142.jpg,80,31,278,229,428,158
0624143.jpg,80,31,278,229,428,158
0624144.jpg,80,31,278,229,429,159
0624145.jpg,80,31,278,229,428,158
0624146.jpg,80,31,278,229,429,160
0624147.jpg,80,30,278,228,428,160
0624148.jpg,80,30,278,228,429,159
0624149.jpg,80,30,278,228,428,159
0624150.jpg,80,30,278,228,428,160
0624151.jpg,80,30,278,228,185,131
0624152.jpg,81,31,279,229,181,127
0624153.jpg,81,31,279,229,181,132
0624154.jpg,81,31,279,229,181,133
0624155.jpg,81,31,279,229,182,132
0624156.jpg,79,31,277,229,184,132
0624157.jpg,79,31,277,229,183,132
0624158.jpg,79,31,277,229,184,132
0624159.jpg,79,31,277,229,183,133
0624160.jpg,79,31,277,229,429,160
0624161.jpg,79,31,277,229,429,160
0624162.jpg,79,31,277,229,429,162
0624163.jpg,79,31,277,229,423,158
0624164.jpg,79,32,277,230,426,161
0624165.jpg,80,32,278,230,426,162
0624166.jpg,82,34,276,228,426,163
0624167.jpg,82,34,276,228,428,163
0624168.jpg,82,34,276,228,428,162
0624169.jpg,84,35,274,225,428,163
0624170.jpg,84,35,274,225,428,162
0624171.jpg,84,35,274,225,428,163
0624172.jpg,81,33,275,227,428,161
0624173.jpg,80,33,274,227,428,161
0624174.jpg,80,32,274,226,427,161
0624175.jpg,79,31,273,225,427,161
0624176.jpg,76,28,274,226,427,161
0624177.jpg,75,28,273,226,428,161
0624178.jpg,72,25,276,229,428,161
0624179.jpg,72,25,276,229,428,161
0624180.jpg,72,25,276,229,428,160
0624181.jpg,74,24,274,224,429,160
0624182.jpg,73,24,273,224,429,162
0624183.jpg,73,28,273,228,428,162
0624184.jpg,73,28,273,228,429,161
0624185.jpg,73,28,273,228,429,161
0624186.jpg,73,28,273,228,428,160
0624187.jpg,73,28,273,228,429,160
0624188.jpg,73,28,273,228,428,161
0624189.jpg,73,29,273,229,428,160
0624190.jpg,73,29,273,229,429,161
0624191.jpg,72,29,272,229,429,161
0624192.jpg,72,31,272,231,428,160
0624193.jpg,72,31,272,231,428,161
0624194.jpg,70,29,274,233,428,160
0624195.jpg,70,29,274,233,427,161
0624196.jpg,70,30,274,234,428,161
0624197.jpg,70,30,274,234,427,160
0624198.jpg,67,28,275,236,425,160
0624199.jpg,66,29,274,237,424,160
0624200.jpg,63,27,275,239,423,159
0624201.jpg,62,27,274,239,420,159
0624202.jpg,62,27,274,239,419,158
0624203.jpg,62,27,274,239,418,157
0624204.jpg,63,30,267,234,416,157
0624205.jpg,64,32,264,232,413,157
0624206.jpg,62,33,260,231,412,156
0624207.jpg,62,33,260,231,409,155
0624208.jpg,62,34,260,232,407,155
0624209.jpg,65,34,263,232,404,155
0624210.jpg,66,34,264,232,402,155
0624211.jpg,67,34,265,232,399,156
0624212.jpg,67,34,265,232,397,156
0624213.jpg,69,36,263,230,394,155
0624214.jpg,68,36,258,226,391,156
0624215.jpg,68,37,254,223,388,157
0624216.jpg,71,39,247,215,384,156
0624217.jpg,70,37,246,213,382,157
0624218.jpg,67,37,243,213,379,158
0624219.jpg,68,39,240,211,376,159
0624220.jpg,66,37,242,213,372,158
0624221.jpg,66,38,242,214,368,160
0624222.jpg,66,39,242,215,366,161
0624223.jpg,66,40,242,216,362,161
0624224.jpg,62,39,244,221,359,161
0624225.jpg,60,40,246,226,358,163
0624226.jpg,56,39,246,229,355,162
0624227.jpg,55,39,245,229,353,163
0624228.jpg,53,39,243,229,350,164
0624229.jpg,44,38,238,232,349,165
0624230.jpg,42,38,236,232,345,166
0624231.jpg,40,38,234,232,345,166
0624232.jpg,37,39,231,233,342,167
0624233.jpg,31,37,229,235,340,168
0624234.jpg,25,37,223,235,340,169
0624235.jpg,21,37,219,235,337,168
0624236.jpg,19,37,217,235,337,169
0624237.jpg,20,39,214,233,335,171
0624238.jpg,20,39,214,233,334,170
0624239.jpg,20,39,214,233,332,172
0624240.jpg,22,41,212,231,331,171
0624241.jpg,24,41,214,231,332,177
0624242.jpg,24,41,214,231,329,175
0624243.jpg,27,42,217,232,328,185
0624244.jpg,33,43,223,233,181,135
0624245.jpg,30,42,228,240,171,132
0624246.jpg,27,39,231,243,170,131
0624247.jpg,25,37,233,245,170,132
0624248.jpg,24,37,232,245,170,134
0624249.jpg,21,36,229,244,170,137
0624250.jpg,20,36,224,240,172,137
0624251.jpg,19,36,223,240,174,137
0624252.jpg,19,35,223,239,173,135
0624253.jpg,19,35,223,239,173,134
0624254.jpg,18,33,226,241,171,134
0624255.jpg,19,33,227,241,170,133
0624256.jpg,19,31,231,243,169,132
0624257.jpg,23,29,235,241,166,131
0624258.jpg,29,29,241,241,163,129
0624259.jpg,44,32,244,232,160,129
0624260.jpg,47,32,247,232,158,129
0624261.jpg,51,32,251,232,156,130
0624262.jpg,54,32,254,232,158,131
0624263.jpg,60,33,260,233,158,132
0624264.jpg,67,31,271,235,160,130
0624265.jpg,75,32,279,236,162,131
0624266.jpg,80,34,284,238,161,133
0624267.jpg,83,35,287,239,160,131
0624268.jpg,85,35,289,239,159,135
0624269.jpg,88,35,292,239,158,136
0624270.jpg,90,37,294,241,157,136
0624271.jpg,94,36,302,244,154,137
0624272.jpg,94,34,306,246,155,135
0624273.jpg,94,32,310,248,148,135
0624274.jpg,98,33,314,249,144,135
0624275.jpg,98,34,314,250,143,134
0624276.jpg,97,34,315,252,138,136
0624277.jpg,98,35,314,251,136,135
0624278.jpg,98,35,314,251,132,136
0624279.jpg,96,35,312,251,131,134
0624280.jpg,95,37,307,249,128,136
0624281.jpg,94,36,306,248,126,134
0624282.jpg,93,34,305,246,126,135
0624283.jpg,95,37,295,237,124,134
0624284.jpg,94,37,292,235,123,134
0624285.jpg,96,38,290,232,125,135
0624286.jpg,96,38,290,232,127,135
0624287.jpg,97,39,287,229,128,136
0624288.jpg,97,39,287,229,129,137
0624289.jpg,96,37,286,227,131,137
0624290.jpg,93,36,283,226,133,139
0624291.jpg,87,32,285,230,135,138
0624292.jpg,84,29,282,227,136,141
0624293.jpg,81,27,279,225,137,141
0624294.jpg,75,24,275,224,137,141
0624295.jpg,70,22,270,222,137,141
0624296.jpg,64,22,264,222,137,140
0624297.jpg,61,21,261,221,136,138
0624298.jpg,57,20,257,220,137,138
0624299.jpg,54,20,254,220,136,137
0624300.jpg,47,20,247,220,136,135
0624301.jpg,39,14,251,226,136,136
0624302.jpg,36,14,248,226,135,135
0624303.jpg,32,14,244,226,137,136
0624304.jpg,27,12,243,228,140,136
0624305.jpg,21,13,233,225,141,137
0624306.jpg,18,13,230,225,145,136
0624307.jpg,15,13,227,225,146,133
0624308.jpg,15,13,227,225,148,133
0624309.jpg,15,14,227,226,152,131
0624310.jpg,13,15,225,227,155,129
0624311.jpg,13,15,225,227,158,130
0624312.jpg,13,15,225,227,164,130
0624313.jpg,13,15,225,227,169,132
0624314.jpg,14,15,226,227,174,131
0624315.jpg,14,15,226,227,179,132
0624316.jpg,13,14,229,230,186,134
0624317.jpg,14,14,230,230,190,138
0624318.jpg,18,15,234,231,194,140
0624319.jpg,19,16,235,232,199,140
0624320.jpg,22,15,240,233,203,140
0624321.jpg,25,16,243,234,207,140
0624322.jpg,27,16,245,234,209,141
0624323.jpg,30,17,248,235,212,141
0624324.jpg,31,17,249,235,214,141
0624325.jpg,34,18,250,234,216,140
0624326.jpg,36,17,252,233,216,142
0624327.jpg,40,19,252,231,217,142
0624328.jpg,41,19,253,231,217,145
0624329.jpg,41,19,253,231,218,145
0624330.jpg,39,17,255,233,217,147
0624331.jpg,38,17,254,233,216,147
0624332.jpg,38,17,254,233,214,147
0624333.jpg,38,17,254,233,213,147
0624334.jpg,40,19,252,231,211,145
0624335.jpg,39,20,251,232,209,145
0624336.jpg,38,20,250,232,207,143
0624337.jpg,36,20,248,232,206,141
0624338.jpg,35,20,247,232,204,139
0624339.jpg,34,19,246,231,202,138
0624340.jpg,27,15,245,233,202,136
0624341.jpg,21,13,243,235,201,135
0624342.jpg,15,11,241,237,200,134
0624343.jpg,14,11,240,237,199,132
0624344.jpg,11,10,237,236,198,131
0624345.jpg,12,13,230,231,196,131
0624346.jpg,12,14,228,230,194,128
0624347.jpg,10,13,226,229,191,128
0624348.jpg,10,11,222,223,188,127
0624349.jpg,8,11,220,223,184,126
0624350.jpg,6,13,214,221,181,125
0624351.jpg,6,13,214,221,179,124
0624352.jpg,5,14,213,222,176,124
0624353.jpg,4,14,212,222,172,125
0624354.jpg,2,15,210,223,169,123
0624355.jpg,-5,13,211,229,164,123
0624356.jpg,-7,13,209,229,161,121
0624357.jpg,-9,13,209,231,158,121
0624358.jpg,-11,13,207,231,155,120
0624359.jpg,-13,13,205,231,150,120
0624360.jpg,-16,13,202,231,147,119
0624361.jpg,-20,13,198,231,144,119
0624362.jpg,-20,13,198,231,141,118
0624363.jpg,-22,13,196,231,139,117
0624364.jpg,-24,11,198,233,138,117
0624365.jpg,-24,11,198,233,136,116
0624366.jpg,-22,11,200,233,134,115
0624367.jpg,-17,11,205,233,133,115
0624368.jpg,-9,11,213,233,130,114
0624369.jpg,-2,12,216,230,129,114
0624370.jpg,1,13,217,229,129,115
0624371.jpg,4,15,216,227,129,115
0624372.jpg,5,15,217,227,128,116
0624373.jpg,6,15,218,227,129,117
0624374.jpg,8,15,220,227,128,116
0624375.jpg,28,25,228,225,130,118
0624376.jpg,35,30,229,224,131,119
0624377.jpg,42,33,236,227,132,121
0624378.jpg,51,34,245,228,135,122
0624379.jpg,55,41,245,231,135,123
0624380.jpg,71,50,261,240,138,122
0624381.jpg,81,55,267,241,138,123
0624382.jpg,87,58,267,238,141,122
0624383.jpg,93,60,273,240,142,122
0624384.jpg,94,61,274,241,144,123
0624385.jpg,99,61,279,241,147,122
0624386.jpg,108,63,298,253,149,125
0624387.jpg,105,61,303,259,150,126
0624388.jpg,108,61,306,259,152,128
0624389.jpg,110,61,308,259,153,129
0624390.jpg,112,61,310,259,155,129
0624391.jpg,114,61,312,259,156,128
0624392.jpg,116,61,314,259,156,127
0624393.jpg,118,61,316,259,156,129
0624394.jpg,118,61,316,259,157,128
0624395.jpg,117,60,317,260,157,128
0624396.jpg,117,60,317,260,157,128
0624397.jpg,117,60,317,260,155,129
0624398.jpg,117,60,317,260,155,130
0624399.jpg,116,59,316,259,154,130
0624400.jpg,113,59,313,259,153,131
0624401.jpg,111,59,311,259,152,130
0624402.jpg,110,57,310,257,150,129
0624403.jpg,110,56,308,254,148,130
0624404.jpg,108,55,306,253,147,128
0624405.jpg,92,43,290,241,144,128
0624406.jpg,89,42,287,240,142,128
0624407.jpg,83,39,287,243,142,127
0624408.jpg,73,35,285,247,139,125
0624409.jpg,66,35,278,247,137,123
0624410.jpg,56,35,268,247,135,123
0624411.jpg,54,35,266,247,132,121
0624412.jpg,53,37,261,245,131,121
0624413.jpg,48,37,256,245,128,120
0624414.jpg,45,37,253,245,126,118
0624415.jpg,36,36,244,244,125,117
0624416.jpg,32,35,240,243,122,118
0624417.jpg,25,30,237,242,121,116
0624418.jpg,20,30,232,242,118,117
0624419.jpg,19,31,227,239,117,116
0624420.jpg,17,30,225,238,114,116
0624421.jpg,10,20,218,228,113,117
0624422.jpg,10,20,218,228,111,116
0624423.jpg,6,20,214,228,109,115
0624424.jpg,3,18,215,230,108,115
0624425.jpg,0,18,212,230,107,116
0624426.jpg,-2,18,210,230,106,118
0624427.jpg,-6,17,210,233,106,117
0624428.jpg,-6,17,210,233,104,118
0624429.jpg,-8,16,210,234,102,119
0624430.jpg,-7,17,209,233,102,119
0624431.jpg,-7,17,209,233,101,120
0624432.jpg,-7,17,209,233,101,120
0624433.jpg,-7,16,209,232,100,120
0624434.jpg,-4,18,208,230,98,119
0624435.jpg,-4,18,208,230,98,119
0624436.jpg,-4,18,208,230,99,119
0624437.jpg,-6,16,210,232,102,120
0624438.jpg,-6,15,210,231,105,120
0624439.jpg,-6,15,210,231,109,120
0624440.jpg,-6,15,210,231,113,122
0624441.jpg,-6,15,210,231,117,123
0624442.jpg,-4,16,208,228,119,123
0624443.jpg,-2,15,210,227,120,124
0624444.jpg,2,17,210,225,122,124
0624445.jpg,7,18,211,222,123,123
0624446.jpg,10,20,210,220,127,123
0624447.jpg,11,20,211,220,131,124
0624448.jpg,12,19,212,219,135,126
0624449.jpg,14,20,212,218,140,128
0624450.jpg,17,18,217,218,148,131
0624451.jpg,18,18,218,218,155,136
0624452.jpg,17,16,221,220,161,141
0624453.jpg,18,16,222,220,168,146
0624454.jpg,19,16,223,220,175,149
0624455.jpg,18,16,226,224,180,151
0624456.jpg,25,16,233,224,184,152
0624457.jpg,29,17,237,225,189,153
0624458.jpg,29,17,237,225,192,155
0624459.jpg,31,17,239,225,197,157
0624460.jpg,32,17,240,225,201,158
0624461.jpg,37,19,241,223,203,160
0624462.jpg,40,19,244,223,206,161
0624463.jpg,41,19,245,223,210,160
0624464.jpg,39,18,247,226,213,161
0624465.jpg,35,18,251,234,214,161
0624466.jpg,33,18,249,234,216,162
0624467.jpg,33,18,249,234,216,162
0624468.jpg,33,18,249,234,217,163
0624469.jpg,32,18,248,234,218,163
0624470.jpg,36,23,244,231,220,164
0624471.jpg,34,24,242,232,220,164
0624472.jpg,34,25,242,233,219,164
0624473.jpg,32,25,240,233,220,164
