0651000.jpg,367,43,633,309,472,168
0651001.jpg,367,44,633,310,480,172
0651002.jpg,367,44,633,310,481,174
0651003.jpg,367,45,633,311,481,174
0651004.jpg,367,45,633,311,481,174
0651005.jpg,367,46,633,312,482,175
0651006.jpg,369,46,635,312,483,175
0651007.jpg,368,45,638,315,484,174
0651008.jpg,370,45,640,315,488,176
0651009.jpg,372,44,644,316,491,174
0651010.jpg,376,42,652,318,495,173
0651011.jpg,379,41,655,317,504,173
0651012.jpg,381,40,657,316,508,173
0651013.jpg,389,41,661,313,513,174
0651014.jpg,397,43,663,309,515,172
0651015.jpg,404,45,666,307,520,172
0651016.jpg,413,45,671,303,524,171
0651017.jpg,415,44,673,302,526,169
0651018.jpg,415,44,673,302,526,170
0651019.jpg,416,43,674,301,527,169
0651020.jpg,418,40,672,294,635,168
0651021.jpg,417,39,671,293,633,169
0651022.jpg,417,38,671,292,631,168
0651023.jpg,415,38,669,292,630,169
0651024.jpg,411,38,665,292,627,168
0651025.jpg,404,36,662,294,625,167
0651026.jpg,400,36,658,294,623,165
0651027.jpg,393,36,651,294,619,165
0651028.jpg,390,32,652,294,617,165
0651029.jpg,384,32,646,294,612,164
0651030.jpg,379,32,641,294,608,163
0651031.jpg,375,32,637,294,602,164
0651032.jpg,370,32,632,294,597,165
0651033.jpg,363,33,625,295,593,163
0651034.jpg,355,34,617,296,591,162
0651035.jpg,349,33,615,299,588,163
0651036.jpg,343,33,609,299,583,160
0651037.jpg,336,37,602,303,578,159
0651038.jpg,334,39,600,305,575,157
0651039.jpg,332,40,598,306,570,155
0651040.jpg,328,41,598,311,566,154
0651041.jpg,328,43,598,313,563,153
0651042.jpg,327,44,599,316,562,150
0651043.jpg,326,49,602,325,469,170
0651044.jpg,326,49,602,325,479,174
0651045.jpg,326,49,602,325,478,176
0651046.jpg,323,48,603,328,478,175
0651047.jpg,323,48,603,328,480,175
0651048.jpg,319,44,607,332,481,174
0651049.jpg,319,44,607,332,481,175
0651050.jpg,319,43,607,331,481,175
0651052.jpg,320,46,596,322,453,560
0651053.jpg,319,46,595,322,464,564
0651054.jpg,318,45,594,321,464,567
0651055.jpg,316,43,596,323,463,570
0651056.jpg,313,41,597,325,465,572
0651057.jpg,313,41,597,325,465,574
0651058.jpg,313,41,597,325,466,576
0651059.jpg,313,41,597,325,468,579
0651060.jpg,311,40,595,324,467,581
0651061.jpg,311,40,595,324,466,581
0651062.jpg,311,40,595,324,467,580
0651063.jpg,311,42,595,326,468,578
0651064.jpg,313,45,597,329,469,577
0651065.jpg,312,46,600,334,467,576
0651066.jpg,312,46,600,334,468,573
0651067.jpg,312,46,602,336,465,574
0651068.jpg,312,46,602,336,463,569
0651069.jpg,312,46,602,336,464,569
0651070.jpg,314,47,602,335,463,565
0651071.jpg,319,53,595,329,461,562
0651072.jpg,321,52,593,324,461,560
0651073.jpg,320,51,590,321,453,272
0651074.jpg,320,51,590,321,445,167
0651075.jpg,322,49,588,315,449,171
0651076.jpg,322,46,588,312,451,170
0651077.jpg,322,45,588,311,451,169
0651078.jpg,322,45,588,311,451,170
0651079.jpg,321,44,587,310,448,167
0651080.jpg,320,43,586,309,445,163
0651081.jpg,318,40,584,306,444,163
0651082.jpg,321,43,579,301,441,163
0651083.jpg,317,40,575,298,439,160
0651084.jpg,316,37,574,295,438,160
0651085.jpg,314,36,572,294,439,158
0651086.jpg,314,34,572,292,439,156
0651087.jpg,312,32,574,294,437,157
0651088.jpg,312,32,574,294,438,158
0651089.jpg,315,32,577,294,442,156
0651090.jpg,319,32,581,294,445,158
0651091.jpg,323,30,589,296,446,159
0651092.jpg,326,32,592,298,448,162
0651093.jpg,328,38,594,304,450,164
0651094.jpg,328,38,594,304,449,167
0651095.jpg,326,38,596,308,450,168
0651096.jpg,328,39,598,309,450,171
0651097.jpg,329,39,599,309,451,175
0651098.jpg,329,40,599,310,453,175
0651099.jpg,329,42,599,312,451,174
0651100.jpg,324,43,596,315,450,174
0651101.jpg,323,46,595,318,450,173
0651102.jpg,320,46,592,318,446,176
0651103.jpg,320,49,592,321,447,178
0651104.jpg,316,54,588,326,444,178
0651105.jpg,313,58,585,330,441,186
0651106.jpg,306,59,586,339,440,188
0651107.jpg,305,63,585,343,439,192
0651108.jpg,304,66,584,346,438,196
0651109.jpg,301,64,585,348,439,197
0651110.jpg,299,65,583,349,438,200
0651111.jpg,297,63,585,351,438,202
0651112.jpg,295,63,583,351,436,204
0651113.jpg,297,65,581,349,436,205
0651114.jpg,297,64,581,348,433,206
0651115.jpg,297,64,581,348,436,206
0651116.jpg,296,64,580,348,434,206
0651117.jpg,295,64,579,348,434,207
0651118.jpg,295,64,579,348,435,207
0651119.jpg,293,63,581,351,437,206
0651120.jpg,293,63,581,351,437,206
0651121.jpg,293,63,581,351,439,206
0651122.jpg,293,63,581,351,440,206
0651123.jpg,293,63,581,351,440,207
0651124.jpg,295,66,579,350,439,207
0651125.jpg,294,66,578,350,438,207
0651126.jpg,296,68,576,348,438,209
0651127.jpg,296,68,576,348,434,209
0651128.jpg,296,68,576,348,433,209
0651129.jpg,293,66,577,350,432,211
0651130.jpg,293,66,577,350,431,210
0651131.jpg,293,66,577,350,430,210
0651132.jpg,293,64,577,348,431,211
0651133.jpg,292,64,576,348,430,210
0651134.jpg,292,64,576,348,431,207
0651135.jpg,292,63,576,347,432,207
0651136.jpg,292,63,576,347,438,208
0651137.jpg,292,64,576,348,437,209
0651138.jpg,294,66,574,346,437,208
0651139.jpg,294,66,574,346,437,209
0651140.jpg,292,64,576,348,439,208
0651141.jpg,294,66,574,346,439,208
0651142.jpg,294,66,574,346,438,207
0651143.jpg,292,64,576,348,438,207
0651144.jpg,292,64,576,348,438,206
0651145.jpg,293,64,577,348,438,206
0651146.jpg,291,62,579,350,438,205
0651147.jpg,292,62,580,350,439,205
0651148.jpg,293,62,581,350,440,205
0651149.jpg,293,62,581,350,441,206
0651150.jpg,295,63,583,351,443,206
0651151.jpg,300,67,580,347,445,208
0651152.jpg,301,67,581,347,445,208
0651153.jpg,301,67,581,347,450,206
0651154.jpg,299,63,583,347,445,204
0651155.jpg,297,61,585,349,443,200
0651156.jpg,296,56,584,344,439,198
0651157.jpg,296,49,584,337,438,196
0651158.jpg,295,45,583,333,435,192
0651159.jpg,298,49,574,325,433,191
0651160.jpg,298,47,574,323,431,189
0651161.jpg,295,46,571,322,429,187
0651162.jpg,293,46,569,322,427,185
0651163.jpg,289,46,565,322,424,185
0651164.jpg,288,46,564,322,426,182
0651165.jpg,286,47,562,323,424,177
0651166.jpg,285,47,561,323,424,175
0651167.jpg,284,50,560,326,423,176
0651168.jpg,286,52,558,324,419,175
0651169.jpg,283,51,559,327,417,174
0651170.jpg,280,51,556,327,417,176
0651171.jpg,280,53,552,325,411,179
0651172.jpg,277,53,549,325,411,181
0651173.jpg,276,54,548,326,412,182
0651174.jpg,274,54,546,326,412,182
0651175.jpg,274,54,546,326,410,184
0651176.jpg,272,53,548,329,410,185
0651177.jpg,272,54,548,330,410,184
0651178.jpg,272,56,548,332,408,185
0651179.jpg,272,56,548,332,407,186
0651180.jpg,272,57,548,333,409,186
0651181.jpg,276,60,548,332,410,189
0651182.jpg,276,60,548,332,410,189
0651183.jpg,276,61,548,333,409,189
0651184.jpg,276,62,548,334,409,192
0651185.jpg,272,61,548,337,409,191
0651186.jpg,271,61,547,337,408,191
0651187.jpg,270,62,546,338,410,195
0651188.jpg,270,62,546,338,409,194
0651189.jpg,270,62,546,338,408,194
0651190.jpg,272,64,544,336,409,195
0651191.jpg,272,62,544,334,410,194
0651192.jpg,272,61,544,333,409,194
0651193.jpg,273,60,543,330,412,195
0651194.jpg,273,60,543,330,412,193
0651195.jpg,273,59,543,329,412,191
0651196.jpg,271,59,541,329,411,188
0651197.jpg,271,59,541,329,411,188
0651198.jpg,270,56,540,326,409,189
0651199.jpg,269,56,539,326,408,189
0651200.jpg,267,55,537,325,407,186
0651201.jpg,263,51,539,327,407,184
0651202.jpg,260,47,540,327,405,183
0651203.jpg,257,45,541,329,403,180
0651204.jpg,257,44,541,328,405,179
0651205.jpg,257,44,541,328,405,175
0651206.jpg,257,44,541,328,405,175
0651207.jpg,259,43,543,327,408,173
0651208.jpg,259,43,543,327,410,171
0651209.jpg,263,43,543,323,407,169
0651210.jpg,267,44,543,320,409,170
0651211.jpg,267,44,543,320,412,168
0651212.jpg,269,46,541,318,413,168
0651213.jpg,269,46,541,318,413,167
0651214.jpg,271,46,543,318,410,167
0651215.jpg,271,46,543,318,411,168
0651216.jpg,271,46,543,318,411,169
0651217.jpg,271,46,543,318,412,169
0651218.jpg,272,47,542,317,411,170
0651219.jpg,272,47,542,317,414,170
0651220.jpg,272,47,542,317,413,170
0651221.jpg,274,49,540,315,413,171
0651222.jpg,274,49,540,315,412,171
0651223.jpg,274,49,540,315,412,171
0651224.jpg,274,49,540,315,412,170
0651225.jpg,274,49,540,315,411,170
0651226.jpg,274,49,540,315,411,172
0651227.jpg,275,50,541,316,411,174
0651228.jpg,278,51,544,317,413,177
0651229.jpg,278,51,544,317,413,179
0651230.jpg,278,56,544,322,414,182
0651231.jpg,275,57,547,329,416,185
0651232.jpg,275,61,547,333,417,190
0651233.jpg,275,63,547,335,421,194
0651234.jpg,273,65,549,341,416,197
0651235.jpg,273,70,549,346,417,201
0651236.jpg,271,71,547,347,419,205
0651237.jpg,267,70,551,354,418,206
0651238.jpg,266,70,550,354,418,208
0651239.jpg,266,71,550,355,417,210
0651240.jpg,266,71,550,355,419,208
0651241.jpg,266,72,550,356,419,211
0651242.jpg,266,75,550,359,418,214
0651243.jpg,266,75,550,359,418,214
0651244.jpg,266,75,550,359,420,215
0651245.jpg,267,77,547,357,419,216
0651246.jpg,266,77,546,357,418,215
0651247.jpg,268,79,544,355,419,215
0651248.jpg,268,79,544,355,420,216
0651249.jpg,267,79,543,355,420,215
0651250.jpg,265,77,545,357,421,214
0651251.jpg,265,77,545,357,420,214
0651252.jpg,265,77,545,357,422,213
0651253.jpg,265,77,545,357,425,213
0651254.jpg,265,77,545,357,425,213
0651255.jpg,269,76,549,356,516,675
0651256.jpg,277,74,557,354,666,667
0651257.jpg,279,71,559,351,854,668
0651258.jpg,284,68,564,348,791,372
0651259.jpg,286,68,566,348,905,242
0651260.jpg,287,68,567,348,923,244
0651261.jpg,298,73,568,343,923,245
0651262.jpg,301,72,571,342,923,246
0651263.jpg,303,72,573,342,924,244
0651264.jpg,304,71,574,341,924,243
0651265.jpg,305,71,575,341,925,244
0651266.jpg,307,70,577,340,924,243
0651267.jpg,307,70,577,340,925,242
0651268.jpg,307,70,577,340,926,242
0651269.jpg,307,70,577,340,925,240
0651270.jpg,307,68,573,334,927,241
0651271.jpg,304,65,574,335,928,241
0651272.jpg,303,63,573,333,928,241
0651273.jpg,302,59,572,329,927,241
0651274.jpg,302,58,572,328,927,241
0651275.jpg,302,57,572,327,927,241
0651276.jpg,305,56,571,322,927,240
0651277.jpg,305,55,571,321,927,240
0651278.jpg,305,54,571,320,927,240
0651279.jpg,305,54,571,320,926,240
0651280.jpg,305,54,571,320,925,241
0651281.jpg,303,54,569,320,925,241
0651282.jpg,300,53,566,319,924,241
0651283.jpg,299,53,565,319,920,241
0651284.jpg,296,53,562,319,919,242
0651285.jpg,291,53,557,319,914,240
0651286.jpg,289,53,555,319,909,239
0651287.jpg,285,53,551,319,904,241
0651288.jpg,280,53,546,319,900,242
0651289.jpg,277,51,547,321,899,241
0651290.jpg,273,51,543,321,898,243
0651291.jpg,272,51,542,321,897,244
0651292.jpg,271,51,541,321,895,244
0651293.jpg,271,51,541,321,893,243
0651294.jpg,271,51,541,321,891,244
0651295.jpg,268,51,538,321,888,244
0651296.jpg,266,50,536,320,887,243
0651297.jpg,262,50,532,320,885,241
0651298.jpg,256,50,526,320,883,242
0651299.jpg,249,48,519,318,1103,381
0651300.jpg,245,48,515,318,332,175
0651302.jpg,238,47,510,319,377,175
0651303.jpg,230,45,506,321,387,176
0651304.jpg,224,43,504,323,386,176
0651305.jpg,220,43,504,327,385,177
0651306.jpg,215,38,509,332,385,179
0651307.jpg,214,39,508,333,385,180
0651308.jpg,212,44,506,338,383,183
0651309.jpg,212,47,502,337,380,186
0651310.jpg,210,49,500,339,376,189
0651311.jpg,210,54,490,334,372,191
0651312.jpg,207,56,483,332,366,189
0651313.jpg,208,58,480,330,366,190
0651314.jpg,207,58,479,330,364,191
0651315.jpg,206,59,478,331,363,191
0651316.jpg,204,57,480,333,364,190
0651317.jpg,202,57,482,337,363,194
0651318.jpg,198,53,486,341,362,192
0651319.jpg,201,54,489,342,364,193
0651320.jpg,203,55,491,343,367,192
0651321.jpg,206,54,496,344,369,192
0651322.jpg,209,55,497,343,375,192
0651323.jpg,212,55,500,343,377,192
0651324.jpg,218,58,502,342,382,193
0651325.jpg,220,58,504,342,381,193
0651326.jpg,220,59,504,343,383,195
0651327.jpg,218,57,506,345,383,194
0651328.jpg,218,57,506,345,382,195
0651329.jpg,217,57,505,345,381,195
0651330.jpg,210,49,512,351,378,196
0651331.jpg,209,49,511,351,379,193
0651332.jpg,208,49,510,351,379,194
0651333.jpg,207,49,509,351,378,194
0651334.jpg,207,49,509,351,378,193
0651335.jpg,207,49,509,351,377,194
0651336.jpg,207,49,509,351,378,192
0651337.jpg,207,49,509,351,378,194
0651338.jpg,207,49,509,351,377,194
0651339.jpg,207,50,509,352,378,193
0651340.jpg,207,50,509,352,378,193
0651341.jpg,207,50,509,352,380,193
0651342.jpg,212,55,506,349,380,194
0651343.jpg,216,57,506,347,382,194
0651344.jpg,218,57,508,347,385,192
0651345.jpg,220,57,510,347,387,191
0651346.jpg,221,55,511,345,391,191
0651347.jpg,224,48,514,338,395,187
0651348.jpg,237,46,525,334,400,186
0651349.jpg,240,44,528,332,405,183
0651350.jpg,246,40,534,328,410,180
0651351.jpg,249,35,543,329,416,174
0651352.jpg,254,34,548,328,420,172
0651353.jpg,260,27,554,321,427,168
0651354.jpg,273,22,567,316,434,166
0651355.jpg,280,19,574,313,442,165
0651356.jpg,288,18,582,312,447,163
0651357.jpg,291,18,585,312,451,162
0651358.jpg,296,20,586,310,457,162
0651359.jpg,297,20,587,310,463,159
0651360.jpg,302,27,590,315,465,161
0651361.jpg,305,29,593,317,467,163
0651362.jpg,304,28,594,318,468,162
0651363.jpg,303,28,597,322,469,163
0651364.jpg,304,32,598,326,471,166
0651365.jpg,305,34,599,328,473,168
0651366.jpg,308,36,598,326,473,172
0651367.jpg,311,37,599,325,474,173
0651368.jpg,316,40,604,328,475,177
0651369.jpg,316,40,604,328,474,179
0651370.jpg,316,40,604,328,475,182
0651371.jpg,314,40,602,328,475,182
0651372.jpg,313,40,601,328,474,183
0651373.jpg,313,41,601,329,474,184
0651374.jpg,309,40,599,330,475,184
0651375.jpg,308,40,598,330,474,184
0651376.jpg,308,40,598,330,473,186
0651377.jpg,308,40,598,330,473,188
0651378.jpg,308,42,596,330,470,186
0651379.jpg,309,42,597,330,469,189
0651380.jpg,309,42,597,330,435,178
0651381.jpg,309,42,597,330,435,182
0651382.jpg,309,42,597,330,435,181
0651383.jpg,309,41,597,329,435,180
0651384.jpg,309,40,597,328,436,179
0651385.jpg,310,39,598,327,437,178
0651386.jpg,312,40,596,324,436,175
0651387.jpg,312,40,596,324,436,175
0651388.jpg,313,37,597,321,439,176
0651389.jpg,314,34,604,324,440,173
0651390.jpg,313,30,607,324,513,113
0651391.jpg,314,28,612,326,505,113
0651392.jpg,317,28,615,326,508,114
0651393.jpg,319,28,617,326,509,114
0651394.jpg,325,32,615,322,511,115
0651395.jpg,326,32,616,322,511,117
0651396.jpg,326,33,616,323,511,118
0651397.jpg,327,36,615,324,512,119
0651398.jpg,327,37,615,325,514,112
0651399.jpg,328,41,612,325,467,164
0651400.jpg,327,43,611,327,464,169
0651401.jpg,324,45,608,329,462,174
0651402.jpg,320,45,608,333,460,178
0651403.jpg,318,47,608,337,459,182
0651404.jpg,317,52,607,342,461,185
0651405.jpg,317,52,607,342,459,186
0651406.jpg,317,52,607,342,461,187
0651407.jpg,318,53,608,343,462,187
0651408.jpg,319,56,607,344,464,187
0651409.jpg,321,62,605,346,462,188
0651410.jpg,320,62,604,346,460,190
0651411.jpg,319,63,603,347,460,191
0651412.jpg,318,63,602,347,456,192
0651413.jpg,316,63,600,347,454,193
0651414.jpg,314,64,598,348,455,196
0651415.jpg,312,64,596,348,450,196
0651416.jpg,306,63,590,347,441,196
0651417.jpg,306,65,586,345,444,195
0651418.jpg,304,65,584,345,200,328
0651419.jpg,302,68,578,344,34,379
0651420.jpg,300,68,576,344,31,380
0651421.jpg,300,67,576,343,31,379
0651422.jpg,298,67,574,343,32,379
0651423.jpg,296,65,576,345,34,380
0651424.jpg,296,64,576,344,31,381
0651425.jpg,296,60,580,344,33,381
0651426.jpg,297,60,581,344,31,381
0651427.jpg,295,57,583,345,31,381
0651428.jpg,295,55,583,343,32,381
0651429.jpg,295,54,583,342,32,379
0651430.jpg,297,53,585,341,33,380
0651431.jpg,300,53,588,341,242,361
0651432.jpg,302,55,586,339,411,183
0651433.jpg,304,53,588,337,415,184
0651434.jpg,306,52,590,336,416,181
0651435.jpg,305,46,595,336,419,178
0651436.jpg,303,44,597,338,419,178
0651437.jpg,305,43,599,337,420,177
0651438.jpg,307,43,601,337,421,176
0651439.jpg,308,43,602,337,419,177
0651440.jpg,308,43,602,337,419,179
0651441.jpg,308,46,602,340,419,181
0651442.jpg,308,53,602,347,417,182
0651443.jpg,308,56,602,350,418,185
0651444.jpg,310,59,600,349,415,185
0651445.jpg,311,61,599,349,415,187
0651446.jpg,311,62,599,350,414,188
0651447.jpg,309,61,599,351,414,189
0651448.jpg,307,61,597,351,412,190
0651449.jpg,306,63,594,351,411,191
0651450.jpg,305,62,595,352,411,192
0651451.jpg,304,62,594,352,410,193
0651452.jpg,303,62,593,352,409,193
0651453.jpg,303,62,593,352,409,193
0651454.jpg,303,62,593,352,409,194
0651455.jpg,303,62,593,352,410,194
0651456.jpg,300,60,594,354,444,191
0651457.jpg,300,60,594,354,436,194
0651458.jpg,300,60,594,354,435,194
0651459.jpg,303,62,593,352,435,195
0651460.jpg,303,62,593,352,434,194
0651461.jpg,303,62,593,352,433,195
0651462.jpg,303,62,593,352,433,195
0651463.jpg,303,62,593,352,433,195
0651464.jpg,301,60,595,354,433,194
0651465.jpg,301,60,595,354,432,193
0651466.jpg,301,60,595,354,432,191
0651467.jpg,300,59,594,353,433,191
0651468.jpg,300,57,594,351,431,189
0651469.jpg,300,54,594,348,433,186
0651470.jpg,299,50,597,348,432,183
0651471.jpg,299,45,597,343,432,182
0651472.jpg,302,45,600,343,434,178
0651473.jpg,305,45,603,343,436,176
0651474.jpg,311,45,609,343,439,180
0651475.jpg,316,46,614,344,445,184
0651476.jpg,326,52,616,342,448,189
0651477.jpg,328,56,618,346,452,197
0651478.jpg,330,56,620,346,455,201
0651479.jpg,330,56,620,346,457,204
0651480.jpg,333,57,621,345,460,205
0651481.jpg,333,56,621,344,464,203
0651482.jpg,333,53,621,341,464,197
0651483.jpg,333,52,623,342,462,193
0651484.jpg,333,51,623,341,462,189
0651485.jpg,333,51,623,341,460,189
0651486.jpg,333,50,623,340,461,189
0651487.jpg,333,49,623,339,461,191
0651488.jpg,333,50,623,340,460,190
0651489.jpg,331,50,621,340,461,188
0651490.jpg,331,50,621,340,461,187
0651491.jpg,331,50,621,340,460,187
0651492.jpg,331,50,621,340,460,186
0651493.jpg,331,50,621,340,459,185
0651494.jpg,330,50,620,340,458,186
0651495.jpg,327,48,617,338,458,186
0651496.jpg,327,47,617,337,458,186
0651497.jpg,327,47,617,337,458,186
0651498.jpg,327,47,617,337,457,186
0651499.jpg,327,47,617,337,457,184
0651500.jpg,326,45,620,339,457,187
0651501.jpg,327,46,621,340,458,186
0651502.jpg,327,46,621,340,459,186
0651503.jpg,325,44,623,342,459,187
0651504.jpg,325,44,623,342,459,187
0651505.jpg,327,46,621,340,458,186
0651506.jpg,327,45,621,339,459,187
0651507.jpg,327,45,621,339,459,187
0651508.jpg,327,45,621,339,459,186
0651509.jpg,327,45,621,339,460,186
0651510.jpg,329,46,619,336,460,185
0651511.jpg,329,44,619,334,459,184
0651512.jpg,329,43,619,333,460,184
0651513.jpg,330,43,618,331,458,182
0651514.jpg,330,43,618,331,459,182
0651515.jpg,329,43,617,331,458,179
0651516.jpg,327,42,615,330,455,181
0651517.jpg,327,44,611,328,454,179
0651518.jpg,323,45,607,329,453,177
0652000.jpg,789,117,1033,361,899,235
0652001.jpg,789,117,1033,361,908,240
0652002.jpg,787,116,1035,364,908,239
0652003.jpg,787,116,1035,364,909,239
0652004.jpg,787,116,1035,364,909,238
0652005.jpg,787,115,1035,363,909,238
0652006.jpg,785,112,1039,366,912,238
0652007.jpg,785,112,1039,366,912,237
0652008.jpg,786,111,1040,365,912,235
0652009.jpg,787,111,1041,365,911,235
0652010.jpg,787,111,1041,365,912,235
0652011.jpg,787,111,1041,365,914,235
0652012.jpg,787,111,1041,365,914,235
0652013.jpg,788,111,1042,365,913,234
0652014.jpg,788,111,1042,365,913,233
0652015.jpg,789,112,1041,364,913,233
0652016.jpg,789,110,1041,362,913,232
0652017.jpg,790,109,1042,361,913,232
0652018.jpg,792,109,1044,361,910,233
0652019.jpg,791,108,1045,362,910,234
0652020.jpg,792,107,1046,361,909,234
0652021.jpg,792,108,1046,362,910,233
0652022.jpg,792,108,1046,362,909,235
0652023.jpg,793,108,1047,362,910,234
0652024.jpg,795,108,1049,362,912,235
0652025.jpg,795,108,1049,362,913,235
0652026.jpg,795,109,1047,361,912,236
0652027.jpg,795,109,1047,361,914,237
0652028.jpg,795,109,1047,361,913,237
0652029.jpg,794,109,1046,361,915,237
0652030.jpg,793,109,1045,361,917,236
0652031.jpg,793,109,1045,361,918,237
0652032.jpg,793,108,1045,360,919,236
0652033.jpg,793,107,1047,361,919,236
0652034.jpg,793,107,1047,361,917,235
0652035.jpg,794,107,1048,361,906,231
0652036.jpg,796,107,1050,361,912,225
0652037.jpg,796,107,1050,361,875,669
0652038.jpg,796,107,1050,361,862,669
0652039.jpg,795,109,1047,361,862,669
0652040.jpg,794,109,1046,361,861,669
0652041.jpg,794,109,1046,361,862,669
0652042.jpg,794,109,1046,361,862,670
0652043.jpg,795,110,1047,362,861,670
0652044.jpg,797,112,1045,360,860,669
0652045.jpg,797,112,1045,360,860,669
0652046.jpg,799,113,1047,361,860,670
0652047.jpg,796,110,1050,364,859,670
0652048.jpg,794,109,1052,367,860,670
0652049.jpg,794,109,1052,367,861,669
0652050.jpg,794,109,1052,367,861,669
0652051.jpg,794,109,1052,367,862,669
0652052.jpg,793,109,1051,367,861,669
0652053.jpg,793,109,1051,367,861,670
0652054.jpg,793,110,1051,368,860,670
0652055.jpg,793,111,1051,369,860,669
0652056.jpg,793,111,1051,369,861,669
0652057.jpg,795,113,1049,367,860,670
0652058.jpg,795,114,1049,368,860,670
0652059.jpg,795,114,1049,368,861,670
0652060.jpg,795,114,1049,368,861,670
0652061.jpg,795,114,1049,368,861,670
0652062.jpg,795,114,1049,368,859,670
0652063.jpg,795,114,1049,368,860,669
0652064.jpg,795,114,1049,368,860,671
0652065.jpg,795,113,1049,367,859,671
0652066.jpg,796,113,1050,367,860,671
0652067.jpg,796,113,1050,367,859,671
0652069.jpg,796,113,1050,367,899,282
0652070.jpg,795,112,1049,366,905,284
0652071.jpg,795,112,1049,366,900,234
0652072.jpg,792,112,1046,366,905,237
0652073.jpg,792,111,1046,365,905,238
0652074.jpg,792,111,1046,365,906,237
0652075.jpg,792,111,1046,365,905,238
0652076.jpg,792,110,1046,364,908,238
0652077.jpg,792,110,1046,364,907,238
0652078.jpg,793,110,1045,362,908,235
0652079.jpg,793,109,1045,361,908,235
0652080.jpg,793,108,1045,360,907,236
0652081.jpg,793,108,1045,360,908,236
0652082.jpg,793,108,1045,360,909,235
0652083.jpg,793,109,1045,361,909,235
0652084.jpg,793,109,1045,361,910,234
0652085.jpg,793,110,1045,362,909,234
0652086.jpg,793,110,1045,362,908,234
0652087.jpg,793,110,1045,362,909,233
0652088.jpg,793,109,1045,361,909,234
0652089.jpg,794,109,1046,361,910,234
0652090.jpg,794,109,1046,361,909,234
0652091.jpg,794,108,1046,360,914,233
0652092.jpg,796,108,1044,356,914,232
0652093.jpg,796,108,1044,356,916,233
0652094.jpg,796,108,1044,356,916,232
0652095.jpg,796,108,1044,356,914,231
0652096.jpg,796,108,1044,356,914,231
0652097.jpg,797,108,1045,356,913,231
0652098.jpg,799,108,1047,356,914,230
0652099.jpg,799,108,1047,356,916,230
0652100.jpg,794,103,1052,361,916,229
0652101.jpg,794,103,1052,361,916,230
0652102.jpg,794,103,1052,361,917,229
0652103.jpg,794,103,1052,361,918,230
0652104.jpg,794,103,1052,361,916,231
0652105.jpg,797,105,1051,359,915,234
0652106.jpg,797,106,1051,360,915,233
0652107.jpg,798,106,1052,360,914,233
0652108.jpg,798,106,1052,360,913,234
0652109.jpg,799,107,1051,359,914,234
0652110.jpg,799,107,1051,359,915,235
0652111.jpg,798,107,1050,359,915,236
0652112.jpg,798,109,1050,361,913,237
0652113.jpg,797,111,1049,363,912,238
0652114.jpg,797,112,1049,364,912,240
0652115.jpg,797,113,1049,365,911,241
0652116.jpg,799,115,1047,363,909,243
0652117.jpg,796,113,1048,365,908,242
0652118.jpg,796,113,1048,365,907,243
0652119.jpg,796,115,1048,367,906,243
0652120.jpg,796,116,1048,368,907,243
0652121.jpg,795,118,1047,370,906,245
0652122.jpg,795,118,1047,370,905,245
0652123.jpg,795,119,1047,371,905,246
0652124.jpg,795,119,1047,371,904,246
0652125.jpg,794,119,1046,371,904,245
0652126.jpg,793,119,1045,371,905,247
0652127.jpg,793,119,1045,371,904,246
0652128.jpg,791,118,1045,372,904,247
0652129.jpg,791,119,1045,373,905,248
0652130.jpg,791,119,1045,373,905,248
0652131.jpg,790,119,1044,373,905,247
0652132.jpg,789,118,1043,372,904,248
0652133.jpg,789,118,1043,372,904,248
0652134.jpg,789,117,1043,371,905,246
0652135.jpg,789,117,1043,371,905,248
0652136.jpg,788,116,1042,370,905,249
0652137.jpg,787,116,1041,370,905,248
0652138.jpg,789,119,1037,367,1111,662
0652139.jpg,789,119,1037,367,1119,667
0652140.jpg,789,119,1037,367,1119,667
0652141.jpg,789,119,1037,367,1120,668
0652142.jpg,789,119,1037,367,1120,668
0652143.jpg,785,115,1039,369,1119,669
0652144.jpg,785,116,1039,370,1121,670
0652145.jpg,785,115,1039,369,1122,671
0652146.jpg,786,114,1040,368,1122,671
0652147.jpg,786,114,1040,368,1122,671
0652148.jpg,787,114,1041,368,1122,672
0652149.jpg,787,114,1041,368,1123,672
0652150.jpg,787,113,1041,367,1124,671
0652151.jpg,787,112,1041,366,871,285
0652152.jpg,789,112,1041,364,861,290
0652153.jpg,793,114,1041,362,896,231
0652154.jpg,793,114,1041,362,900,235
0652155.jpg,793,114,1041,362,899,235
0652156.jpg,789,111,1043,365,900,235
0652157.jpg,789,112,1043,366,901,234
0652158.jpg,789,112,1043,366,902,234
0652159.jpg,789,112,1043,366,902,235
0652160.jpg,790,112,1044,366,904,235
0652161.jpg,790,112,1044,366,903,235
0652162.jpg,791,112,1043,364,903,235
0652163.jpg,791,112,1043,364,906,234
0652164.jpg,791,111,1043,363,905,235
0652165.jpg,791,111,1043,363,906,234
0652166.jpg,792,110,1044,362,906,234
0652167.jpg,792,110,1044,362,907,235
0652168.jpg,792,110,1044,362,907,234
0652169.jpg,794,112,1042,360,908,235
0652170.jpg,794,112,1042,360,908,235
0652171.jpg,791,110,1043,362,907,236
0652172.jpg,790,111,1042,363,907,237
0652173.jpg,790,112,1042,364,905,236
0652174.jpg,790,112,1042,364,905,237
0652175.jpg,791,114,1043,366,905,237
0652176.jpg,791,114,1043,366,903,237
0652177.jpg,791,116,1043,368,903,239
0652178.jpg,791,117,1043,369,902,240
0652179.jpg,791,118,1043,370,1221,567
0652180.jpg,788,116,1046,374,1221,565
0652181.jpg,788,117,1046,375,1221,565
0652182.jpg,787,117,1045,375,907,234
0652183.jpg,787,117,1045,375,920,237
0652184.jpg,789,119,1043,373,921,239
0652185.jpg,789,119,1043,373,921,239
0652186.jpg,789,119,1043,373,920,239
0652187.jpg,788,119,1042,373,920,240
0652188.jpg,788,121,1040,373,919,241
0652189.jpg,788,121,1040,373,919,242
0652190.jpg,788,122,1040,374,918,244
0652191.jpg,788,122,1040,374,918,245
0652192.jpg,789,122,1041,374,917,245
0652193.jpg,789,121,1041,373,917,245
0652194.jpg,788,120,1042,374,919,244
0652195.jpg,788,120,1042,374,917,244
0652196.jpg,789,120,1043,374,917,244
0652197.jpg,789,120,1043,374,918,241
0652198.jpg,789,118,1043,372,918,242
0652199.jpg,789,117,1043,371,920,241
0652200.jpg,787,115,1045,373,918,242
0652201.jpg,786,115,1044,373,919,241
0652202.jpg,786,115,1044,373,918,241
0652203.jpg,786,115,1044,373,919,242
0652204.jpg,786,116,1044,374,917,242
0652205.jpg,786,116,1044,374,918,243
0652206.jpg,786,116,1044,374,918,244
0652207.jpg,786,116,1044,374,1065,669
0652208.jpg,786,116,1044,374,1063,670
0652209.jpg,785,116,1043,374,1065,670
0652210.jpg,784,116,1042,374,1064,670
0652211.jpg,784,116,1042,374,1064,671
0652212.jpg,785,115,1043,373,1065,670
0652213.jpg,786,117,1040,371,1066,670
0652214.jpg,788,118,1040,370,1066,670
0652215.jpg,788,118,1040,370,1067,670
0652216.jpg,788,118,1040,370,1068,671
0652217.jpg,787,118,1039,370,1069,670
0652218.jpg,787,118,1039,370,1070,669
0652219.jpg,786,117,1040,371,1070,670
0652220.jpg,786,117,1040,371,1069,670
0652221.jpg,786,117,1040,371,1072,670
0652222.jpg,786,117,1040,371,1073,671
0652223.jpg,786,117,1040,371,1072,671
0652224.jpg,786,117,1040,371,1073,671
0652225.jpg,786,117,1040,371,1073,670
0652226.jpg,787,118,1039,370,1073,671
0652227.jpg,787,117,1039,369,904,238
0652228.jpg,789,114,1043,368,908,239
0652229.jpg,789,114,1043,368,909,239
0652230.jpg,789,113,1043,367,908,238
0652231.jpg,788,113,1042,367,908,238
0652232.jpg,788,113,1042,367,908,238
0652233.jpg,788,113,1042,367,909,239
0652234.jpg,788,115,1042,369,909,241
0652235.jpg,788,117,1042,371,909,242
0652236.jpg,788,117,1042,371,909,244
0652237.jpg,790,121,1038,369,907,246
0652238.jpg,790,121,1038,369,908,248
0652239.jpg,790,122,1038,370,907,249
0652240.jpg,788,120,1040,372,906,249
0652241.jpg,788,120,1040,372,908,250
0652242.jpg,787,120,1039,372,906,250
0652243.jpg,787,120,1039,372,905,250
0652244.jpg,787,120,1039,372,905,250
0652245.jpg,785,119,1039,373,911,244
0652246.jpg,785,119,1039,373,1115,677
0652247.jpg,785,119,1039,373,1124,676
0652248.jpg,785,119,1039,373,1125,677
0652249.jpg,786,116,1038,368,1124,678
0652250.jpg,786,116,1038,368,1124,676
0652251.jpg,786,116,1038,368,1124,677
0652252.jpg,786,116,1038,368,1124,677
0652253.jpg,786,116,1038,368,1119,669
0652254.jpg,787,116,1039,368,1123,673
0652255.jpg,787,116,1039,368,1123,675
0652256.jpg,787,116,1039,368,1124,675
0652257.jpg,787,116,1039,368,1123,675
0652258.jpg,787,115,1039,367,1123,675
0652259.jpg,787,115,1039,367,1123,675
0652260.jpg,787,115,1039,367,910,271
0652261.jpg,787,115,1039,367,896,236
0652262.jpg,787,115,1039,367,900,240
0652263.jpg,788,116,1036,364,899,241
0652264.jpg,790,117,1034,361,898,240
0652265.jpg,791,117,1035,361,899,240
0652266.jpg,791,117,1035,361,898,240
0652267.jpg,791,116,1035,360,898,238
0652268.jpg,794,118,1034,358,898,239
0652269.jpg,794,117,1034,357,898,239
0652270.jpg,794,117,1034,357,897,239
0652271.jpg,797,117,1037,357,899,238
0652272.jpg,797,117,1037,357,898,238
0652273.jpg,797,117,1037,357,899,239
0652274.jpg,797,117,1037,357,898,237
0652275.jpg,797,117,1037,357,899,238
0652276.jpg,797,116,1037,356,899,239
0652277.jpg,797,115,1037,355,898,240
0652278.jpg,797,115,1037,355,896,239
0652279.jpg,797,115,1037,355,896,238
0652280.jpg,795,115,1035,355,896,238
0652281.jpg,794,115,1034,355,895,238
0652282.jpg,794,116,1034,356,857,282
0652283.jpg,794,116,1034,356,860,309
0652284.jpg,794,116,1034,356,758,383
0652285.jpg,789,112,1037,360,610,361
0652286.jpg,786,110,1034,358,562,320
0652287.jpg,781,109,1029,357,428,187
0652288.jpg,777,108,1025,356,418,183
0652289.jpg,777,108,1025,356,417,182
0652290.jpg,775,109,1019,353,413,181
0652291.jpg,775,113,1009,347,410,179
0652292.jpg,771,112,1005,346,408,179
0652293.jpg,770,112,1004,346,409,178
0652294.jpg,769,112,1003,346,408,179
0652295.jpg,769,112,1003,346,407,178
0652296.jpg,768,112,1002,346,407,179
0652297.jpg,766,112,1000,346,408,177
0652298.jpg,766,113,1000,347,409,181
0652299.jpg,766,113,1000,347,406,185
0652300.jpg,767,115,997,345,399,185
0652301.jpg,767,115,997,345,397,178
0652302.jpg,765,113,999,347,398,176
0652303.jpg,765,112,999,346,397,179
0652304.jpg,765,112,999,346,396,181
0652305.jpg,765,112,999,346,396,180
0652306.jpg,765,112,999,346,394,182
0652307.jpg,765,112,999,346,392,183
0652308.jpg,765,112,999,346,392,186
0652309.jpg,765,112,999,346,388,188
0652310.jpg,764,112,998,346,385,189
0652311.jpg,764,112,998,346,382,191
0652312.jpg,764,111,998,345,378,190
0652313.jpg,764,111,998,345,375,190
0652314.jpg,764,111,998,345,376,190
0652315.jpg,764,111,998,345,375,189
0652316.jpg,764,111,998,345,374,189
0652317.jpg,763,110,999,346,375,188
0652318.jpg,763,110,999,346,377,187
0652319.jpg,762,109,998,345,378,187
0652320.jpg,762,109,998,345,381,185
0652321.jpg,761,108,997,344,385,185
0652322.jpg,760,108,996,344,389,184
0652323.jpg,760,108,996,344,393,184
0652324.jpg,759,108,995,344,396,184
0652325.jpg,759,108,995,344,397,184
0652326.jpg,759,109,995,345,399,184
0652327.jpg,759,109,995,345,400,186
0652328.jpg,758,109,994,345,399,186
0652329.jpg,758,109,994,345,398,185
0652330.jpg,758,111,994,347,397,186
0652331.jpg,756,109,996,349,395,186
0652332.jpg,755,109,995,349,394,186
0652333.jpg,755,109,995,349,394,184
0652334.jpg,755,109,995,349,394,184
0652335.jpg,757,111,993,347,394,185
0652336.jpg,757,110,993,346,394,184
0652337.jpg,757,110,993,346,393,185
0652338.jpg,756,110,992,346,394,185
0652339.jpg,756,110,992,346,395,184
0652340.jpg,756,110,992,346,395,184
0652341.jpg,756,110,992,346,396,185
0652342.jpg,757,111,991,345,397,184
0652343.jpg,757,110,991,344,399,185
0652344.jpg,758,110,992,344,400,184
0652345.jpg,758,110,992,344,403,184
0652346.jpg,758,110,992,344,406,185
0652347.jpg,758,109,992,343,409,183
0652348.jpg,758,109,992,343,414,182
0652349.jpg,758,109,992,343,420,179
0652350.jpg,758,109,992,343,426,177
0652351.jpg,757,109,991,343,433,174
0652352.jpg,757,109,991,343,440,171
0652353.jpg,756,108,992,344,448,168
0652354.jpg,756,108,992,344,455,168
0652355.jpg,756,108,992,344,463,167
0652356.jpg,757,109,993,345,469,164
0652357.jpg,758,109,994,345,472,165
0652358.jpg,763,109,999,345,453,165
0652359.jpg,764,109,1000,345,584,307
0652360.jpg,764,109,1000,345,687,339
0652361.jpg,767,107,1007,347,691,368
0652362.jpg,767,109,1007,349,832,295
0652363.jpg,765,108,1009,352,828,295
0652364.jpg,771,108,1015,352,892,224
0652365.jpg,772,106,1020,354,900,226
0652366.jpg,776,106,1024,354,904,226
0652367.jpg,779,106,1027,354,908,226
0652368.jpg,783,105,1031,353,910,226
0652369.jpg,783,105,1031,353,889,226
0652370.jpg,783,105,1031,353,895,228
0652371.jpg,784,105,1032,353,897,229
0652372.jpg,784,105,1032,353,896,229
0652373.jpg,784,105,1032,353,900,231
0652374.jpg,784,105,1032,353,901,230
0652375.jpg,783,105,1031,353,903,231
0652376.jpg,783,106,1031,354,903,229
0652377.jpg,783,106,1031,354,905,230
0652378.jpg,781,104,1033,356,904,232
0652379.jpg,780,104,1032,356,824,671
0652380.jpg,780,105,1032,357,830,674
0652381.jpg,780,105,1032,357,830,674
0652382.jpg,780,105,1032,357,830,675
0652383.jpg,780,105,1032,357,830,676
0652384.jpg,780,105,1032,357,832,676
0652385.jpg,780,107,1032,359,832,676
0652386.jpg,779,109,1033,363,831,675
0652387.jpg,779,109,1033,363,831,675
0652388.jpg,776,107,1034,365,830,674
0652389.jpg,776,108,1034,366,831,674
0652390.jpg,776,108,1034,366,831,674
0652391.jpg,774,108,1036,370,832,676
0652392.jpg,773,108,1035,370,830,675
0652393.jpg,774,109,1036,371,830,675
0652394.jpg,774,110,1036,372,830,676
0652395.jpg,779,115,1031,367,829,676
0652396.jpg,783,119,1027,363,829,675
0652397.jpg,783,119,1027,363,828,676
0652398.jpg,782,120,1026,364,827,675
0652399.jpg,782,119,1026,363,828,675
0652400.jpg,782,119,1026,363,828,676
0652401.jpg,782,119,1026,363,827,676
0652402.jpg,781,119,1025,363,828,677
0652403.jpg,781,119,1025,363,827,676
0652404.jpg,780,118,1024,362,826,676
0652405.jpg,780,118,1024,362,827,676
0652406.jpg,782,119,1022,359,826,677
0652407.jpg,782,118,1022,358,827,677
0652408.jpg,784,118,1024,358,826,676
0652409.jpg,782,116,1026,360,827,677
0652410.jpg,782,116,1026,360,826,677
0652411.jpg,782,117,1026,361,827,676
0652412.jpg,782,118,1026,362,958,672
0652413.jpg,782,118,1026,362,969,673
0652414.jpg,782,118,1026,362,969,674
0652415.jpg,784,120,1024,360,969,673
0652416.jpg,784,120,1024,360,969,675
0652417.jpg,784,120,1024,360,969,675
0652418.jpg,783,120,1023,360,969,675
0652419.jpg,784,120,1024,360,969,675
0652420.jpg,782,118,1026,362,968,675
0652421.jpg,781,118,1025,362,969,675
0652422.jpg,781,118,1025,362,969,675
0652423.jpg,781,117,1025,361,970,675
0652424.jpg,781,117,1025,361,969,674
0652425.jpg,781,117,1025,361,968,674
0652426.jpg,781,116,1025,360,892,296
0652427.jpg,782,116,1026,360,894,219
0652428.jpg,782,114,1026,358,903,217
0652429.jpg,784,116,1024,356,904,216
0652430.jpg,784,116,1024,356,904,214
0652431.jpg,785,115,1025,355,906,213
0652432.jpg,785,114,1025,354,905,213
0652433.jpg,785,110,1025,350,910,211
0652434.jpg,781,105,1029,353,911,209
0652435.jpg,781,105,1029,353,912,210
0652436.jpg,780,105,1028,353,911,210
0652437.jpg,780,104,1028,352,911,209
0652438.jpg,780,104,1028,352,913,209
0652439.jpg,780,104,1028,352,910,209
0652440.jpg,781,102,1029,350,912,207
0652441.jpg,783,104,1027,348,913,205
0652442.jpg,784,104,1028,348,913,204
0652443.jpg,784,103,1028,347,914,205
0652444.jpg,784,102,1028,346,914,204
0652445.jpg,782,100,1030,348,914,204
0652446.jpg,782,100,1030,348,915,202
0652447.jpg,782,99,1030,347,915,202
0652448.jpg,782,99,1030,347,894,225
0652449.jpg,782,99,1030,347,897,213
0652450.jpg,782,99,1030,347,907,219
0652451.jpg,782,99,1030,347,911,219
0652452.jpg,783,99,1031,347,910,218
0652453.jpg,783,99,1031,347,911,218
0652454.jpg,783,99,1031,347,910,219
0652455.jpg,783,99,1031,347,909,219
0652456.jpg,783,99,1031,347,910,220
0652457.jpg,783,99,1031,347,909,221
0652458.jpg,783,99,1031,347,907,221
0652459.jpg,783,99,1031,347,907,222
0652460.jpg,782,99,1030,347,908,221
0652461.jpg,782,99,1030,347,908,221
0652462.jpg,782,100,1030,348,908,222
0652463.jpg,782,100,1030,348,904,221
0652464.jpg,782,100,1030,348,905,220
0652465.jpg,782,100,1030,348,904,220
0652466.jpg,782,100,1030,348,905,218
0652467.jpg,782,100,1030,348,906,219
0652468.jpg,784,102,1028,346,906,219
0652469.jpg,784,101,1028,345,906,218
0652470.jpg,785,101,1029,345,905,218
0652471.jpg,785,101,1029,345,904,218
0652472.jpg,787,102,1027,342,906,217
0652473.jpg,787,102,1027,342,906,218
0652474.jpg,787,102,1027,342,905,219
0652475.jpg,787,102,1027,342,905,219
0652476.jpg,787,102,1027,342,905,220
0652477.jpg,787,102,1027,342,904,219
0652478.jpg,787,102,1027,342,905,218
0652479.jpg,786,102,1026,342,903,220
0652480.jpg,786,102,1026,342,903,221
0652481.jpg,786,102,1026,342,906,221
0652482.jpg,783,101,1027,345,905,221
0652483.jpg,779,99,1027,347,904,220
0652484.jpg,777,97,1029,349,905,221
0652485.jpg,777,97,1029,349,904,222
0652486.jpg,776,97,1028,349,904,223
0652487.jpg,777,97,1029,349,904,220
0652488.jpg,779,99,1027,347,903,221
0652489.jpg,779,99,1027,347,904,223
0652490.jpg,779,99,1027,347,904,225
0652491.jpg,779,99,1027,347,903,225
0652492.jpg,782,101,1026,345,904,226
0652493.jpg,783,101,1027,345,905,225
0652494.jpg,783,101,1027,345,905,226
0652495.jpg,783,100,1027,344,905,227
0652496.jpg,783,100,1027,344,904,226
0652497.jpg,783,100,1027,344,903,225
0652498.jpg,783,100,1027,344,904,225
0652499.jpg,783,100,1027,344,904,226
0652500.jpg,785,102,1025,342,906,225
0652501.jpg,785,101,1025,341,906,224
0652502.jpg,785,101,1025,341,905,223
0652503.jpg,784,101,1024,341,906,224
0652504.jpg,784,101,1024,341,907,224
0652505.jpg,785,102,1025,342,906,224
0652506.jpg,785,102,1025,342,907,226
0652507.jpg,785,102,1025,342,908,227
0652508.jpg,785,102,1025,342,909,227
0652509.jpg,785,102,1025,342,888,221
0652510.jpg,783,101,1027,345,897,228
0652511.jpg,783,102,1027,346,898,230
0652512.jpg,783,103,1027,347,897,231
0652513.jpg,785,108,1025,348,897,231
0652514.jpg,785,108,1025,348,897,231
0652515.jpg,784,108,1024,348,897,232
0652516.jpg,784,108,1024,348,896,234
0652517.jpg,784,109,1024,349,896,233
0652518.jpg,782,107,1026,351,896,234
