0661000.jpg,-34,12,344,390,51,223
0661001.jpg,-35,11,345,391,51,226
0661002.jpg,-37,9,347,393,52,227
0661003.jpg,-37,9,347,393,51,228
0661004.jpg,-43,3,353,399,50,226
0661005.jpg,-42,2,356,400,51,224
0661006.jpg,-42,3,356,401,51,223
0661007.jpg,-42,5,356,403,51,221
0661008.jpg,-44,5,354,403,50,221
0661009.jpg,-45,6,353,404,50,219
0661010.jpg,-45,7,353,405,50,219
0661011.jpg,-45,8,353,406,50,217
0661012.jpg,-46,9,352,407,50,215
0661013.jpg,-46,9,352,407,51,214
0661014.jpg,-46,10,352,408,48,213
0661015.jpg,-46,10,352,408,48,212
0661016.jpg,-46,11,352,409,49,213
0661017.jpg,-47,9,355,411,48,213
0661018.jpg,-46,11,356,413,49,213
0661019.jpg,-49,8,361,418,49,214
0661020.jpg,-48,8,362,418,49,216
0661021.jpg,-47,8,363,418,50,217
0661022.jpg,-44,10,362,416,49,215
0661023.jpg,-43,11,363,417,49,217
0661024.jpg,-42,11,364,417,49,216
0661025.jpg,-41,11,365,417,49,217
0661026.jpg,-40,11,366,417,50,217
0661027.jpg,-27,23,361,411,49,216
0661028.jpg,-18,28,362,408,49,218
0661029.jpg,-13,29,367,409,49,222
0661030.jpg,-5,30,375,410,52,222
0661031.jpg,7,33,381,407,55,222
0661032.jpg,24,41,384,401,283,678
0661033.jpg,28,44,384,400,463,604
0661034.jpg,38,46,390,398,529,483
0661035.jpg,47,45,399,397,519,493
0661036.jpg,59,50,401,392,529,488
0661037.jpg,88,48,430,390,528,489
0661039.jpg,107,53,437,383,715,310
0661040.jpg,112,53,442,383,1032,306
0661041.jpg,115,54,445,384,1007,305
0661042.jpg,120,59,440,379,1026,306
0661043.jpg,117,55,447,385,1032,310
0661044.jpg,115,54,449,388,1037,316
0661045.jpg,122,63,442,383,1038,324
0661046.jpg,119,60,445,386,1028,333
0661047.jpg,118,64,444,390,1018,342
0661048.jpg,117,64,443,390,1001,354
0661049.jpg,117,66,441,390,981,370
0661050.jpg,114,68,438,392,962,388
0661051.jpg,114,68,438,392,944,399
0661052.jpg,111,68,435,392,928,411
0661053.jpg,108,68,432,392,913,421
0661054.jpg,106,68,430,392,901,431
0661055.jpg,99,61,437,399,888,437
0661056.jpg,92,56,434,398,878,445
0661057.jpg,81,53,429,401,872,447
0661058.jpg,73,51,425,403,865,450
0661059.jpg,70,51,422,403,859,451
0661060.jpg,69,55,421,407,853,452
0661061.jpg,69,55,421,407,847,453
0661062.jpg,68,56,420,408,844,455
0661063.jpg,68,56,420,408,841,457
0661064.jpg,68,57,420,409,839,459
0661065.jpg,75,61,419,405,836,459
0661066.jpg,77,62,419,404,834,460
0661067.jpg,80,62,422,404,835,461
0661068.jpg,82,62,424,404,834,462
0661069.jpg,87,65,425,403,836,462
0661070.jpg,89,65,427,403,835,462
0661071.jpg,90,65,428,403,839,456
0661072.jpg,95,67,429,401,839,455
0661073.jpg,97,69,431,403,839,455
0661074.jpg,99,70,433,404,837,455
0661075.jpg,104,75,428,399,837,456
0661076.jpg,109,79,425,395,837,453
0661077.jpg,112,81,428,397,837,452
0661078.jpg,119,83,431,395,837,451
0661079.jpg,124,84,436,396,838,452
0661080.jpg,128,85,436,393,839,452
0661081.jpg,129,86,435,392,838,452
0661082.jpg,131,88,433,390,841,450
0661083.jpg,131,86,433,388,841,450
0661084.jpg,131,84,433,386,844,448
0661085.jpg,129,80,437,388,848,445
0661086.jpg,127,78,439,390,856,435
0661087.jpg,125,71,441,387,867,424
0661088.jpg,97,52,449,404,878,414
0661089.jpg,97,51,449,403,893,400
0661090.jpg,90,51,442,403,911,381
0661091.jpg,85,50,437,402,930,365
0661092.jpg,76,45,428,397,951,347
0661093.jpg,71,45,423,397,972,330
0661094.jpg,69,45,421,397,987,317
0661095.jpg,68,45,420,397,998,310
0661096.jpg,66,45,418,397,1004,305
0661097.jpg,56,38,422,404,1009,302
0661098.jpg,48,36,418,406,1011,303
0661099.jpg,45,36,415,406,1012,302
0661100.jpg,41,36,411,406,1011,302
0661101.jpg,40,35,410,405,1013,302
0661102.jpg,38,35,408,405,1013,301
0661103.jpg,38,35,408,405,1013,300
0661104.jpg,38,35,408,405,1024,296
0661105.jpg,38,35,408,405,1234,368
0661106.jpg,38,35,408,405,1234,373
0661107.jpg,38,34,408,404,1260,492
0661108.jpg,39,32,413,406,361,194
0661109.jpg,39,32,413,406,359,194
0661110.jpg,37,28,417,408,357,192
0661111.jpg,38,28,418,408,356,191
0661112.jpg,38,28,418,408,359,187
0661113.jpg,40,29,418,407,359,188
0661114.jpg,41,28,419,406,343,181
0661115.jpg,41,28,419,406,305,198
0661116.jpg,41,28,419,406,308,191
0661117.jpg,42,28,420,406,286,195
0661118.jpg,42,28,420,406,282,194
0661119.jpg,42,28,420,406,279,194
0661120.jpg,43,28,421,406,276,195
0661121.jpg,43,28,421,406,273,194
0661122.jpg,44,29,422,407,272,194
0661123.jpg,54,42,416,404,271,194
0661124.jpg,56,44,418,406,274,194
0661125.jpg,59,44,421,406,274,192
0661126.jpg,61,44,423,406,270,192
0661127.jpg,62,44,424,406,272,192
0661128.jpg,65,44,427,406,272,193
0661129.jpg,67,45,427,405,272,193
0661130.jpg,74,45,434,405,272,193
0661131.jpg,83,49,435,401,274,193
0661132.jpg,90,50,442,402,271,194
0661133.jpg,111,64,435,388,272,194
0661134.jpg,118,66,438,386,273,194
0661135.jpg,124,74,436,386,273,193
0661136.jpg,141,88,425,372,311,183
0661137.jpg,145,95,425,375,303,185
0661138.jpg,153,99,425,371,304,185
0661139.jpg,156,102,426,372,303,183
0661140.jpg,157,106,427,376,302,184
0661141.jpg,161,109,427,375,302,183
0661142.jpg,162,109,428,375,305,183
0661143.jpg,162,109,428,375,307,183
0661144.jpg,162,109,428,375,307,182
0661145.jpg,162,110,428,376,309,182
0661146.jpg,162,110,428,376,308,182
0661147.jpg,159,108,429,378,446,385
0661148.jpg,157,108,429,380,548,460
0661149.jpg,157,108,429,380,548,460
0661150.jpg,155,106,431,382,547,459
0661151.jpg,155,106,431,382,547,460
0661152.jpg,156,106,432,382,547,459
0661153.jpg,154,104,434,384,546,459
0661154.jpg,154,104,434,384,547,459
0661155.jpg,154,104,434,384,866,403
0661156.jpg,154,104,434,384,861,409
0661157.jpg,154,104,434,384,851,406
0661158.jpg,155,104,435,384,851,409
0661159.jpg,155,104,435,384,845,411
0661160.jpg,155,105,435,385,840,412
0661161.jpg,157,106,437,386,1016,391
0661162.jpg,157,106,437,386,716,291
0661163.jpg,157,106,437,386,710,305
0661164.jpg,157,106,437,386,709,304
0661165.jpg,157,106,437,386,709,303
0661166.jpg,157,106,437,386,709,304
0661167.jpg,155,103,439,387,708,305
0661168.jpg,153,101,441,389,709,305
0661169.jpg,153,101,441,389,708,307
0661170.jpg,153,101,441,389,707,308
0661171.jpg,152,101,442,391,707,310
0661172.jpg,149,99,443,393,705,309
0661173.jpg,146,98,444,396,705,309
0661174.jpg,146,99,444,397,704,311
0661175.jpg,143,97,445,399,703,313
0661176.jpg,143,97,445,399,703,311
0661177.jpg,143,97,445,399,703,314
0661178.jpg,143,97,445,399,703,313
0661179.jpg,142,97,444,399,704,314
0661180.jpg,142,97,444,399,703,315
0661181.jpg,142,97,444,399,704,316
0661182.jpg,140,95,446,401,704,317
0661183.jpg,140,96,446,402,704,317
0661184.jpg,142,98,444,400,704,317
0661185.jpg,143,112,431,400,703,318
0661186.jpg,142,112,430,400,703,317
0661187.jpg,142,113,430,401,703,317
0661188.jpg,142,114,430,402,704,319
0661189.jpg,148,118,428,398,705,319
0661190.jpg,150,120,426,396,704,316
0661191.jpg,150,120,426,396,705,316
0661192.jpg,150,120,426,396,706,317
0661193.jpg,153,122,425,394,707,315
0661194.jpg,155,123,425,393,710,314
0661195.jpg,156,122,426,392,710,313
0661196.jpg,161,123,427,389,711,311
0661197.jpg,164,125,426,387,711,313
0661198.jpg,167,125,429,387,710,314
0661199.jpg,172,130,424,382,711,314
0661200.jpg,173,130,425,382,710,314
0661201.jpg,174,131,426,383,709,313
0661202.jpg,174,131,426,383,710,311
0661203.jpg,174,130,428,384,709,311
0661204.jpg,167,119,443,395,707,312
0661205.jpg,168,119,444,395,707,313
0661206.jpg,168,119,444,395,708,313
0661207.jpg,168,119,444,395,707,317
0661208.jpg,168,119,444,395,709,318
0661209.jpg,168,118,444,394,711,317
0661210.jpg,168,118,444,394,713,317
0661211.jpg,168,119,444,395,714,316
0661212.jpg,166,117,446,397,715,316
0661213.jpg,166,117,446,397,718,315
0661214.jpg,166,118,446,398,718,315
0661215.jpg,166,118,446,398,720,315
0661216.jpg,166,118,446,398,719,314
0661217.jpg,170,126,432,388,720,313
0661218.jpg,170,126,432,388,721,313
0661219.jpg,161,112,449,400,721,313
0661220.jpg,161,110,451,400,720,313
0661221.jpg,161,109,451,399,719,313
0661222.jpg,161,109,451,399,720,314
0661223.jpg,161,109,451,399,720,315
0661224.jpg,161,108,451,398,718,315
0661225.jpg,159,106,453,400,718,316
0661226.jpg,159,106,453,400,719,315
0661227.jpg,159,106,453,400,719,317
0661228.jpg,159,105,453,399,719,317
0661229.jpg,159,105,453,399,718,316
0661230.jpg,159,105,453,399,719,316
0661231.jpg,159,104,453,398,719,316
0661232.jpg,157,102,455,400,719,317
0661233.jpg,155,100,457,402,718,316
0661234.jpg,156,100,458,402,718,318
0661235.jpg,156,101,458,403,719,318
0661236.jpg,157,103,455,401,718,318
0661237.jpg,159,106,453,400,719,319
0661238.jpg,162,110,452,400,719,319
0661239.jpg,168,116,448,396,720,318
0661240.jpg,170,118,446,394,721,319
0661241.jpg,171,119,447,395,721,320
0661242.jpg,174,121,446,393,721,320
0661243.jpg,175,122,445,392,722,320
0661244.jpg,175,123,445,393,722,320
0661245.jpg,177,124,443,390,721,321
0661246.jpg,177,123,443,389,722,322
0661247.jpg,176,123,442,389,722,322
0661248.jpg,176,123,442,389,721,321
0661249.jpg,176,122,442,388,721,321
0661250.jpg,174,119,444,389,720,321
0661251.jpg,174,119,444,389,733,314
0661252.jpg,174,119,444,389,726,318
0661253.jpg,174,119,444,389,724,319
0661254.jpg,173,119,443,389,725,320
0661255.jpg,173,120,443,390,724,321
0661256.jpg,166,121,436,391,724,321
0661257.jpg,163,123,433,393,724,320
0661258.jpg,158,124,428,394,723,322
0661259.jpg,139,114,429,404,724,323
0661260.jpg,135,111,429,405,722,323
0661261.jpg,133,111,427,405,723,322
0661262.jpg,123,102,431,410,722,322
0661263.jpg,114,95,434,415,722,322
0661264.jpg,107,93,431,417,722,322
0661265.jpg,104,92,430,418,722,321
0661266.jpg,102,91,428,417,722,323
0661267.jpg,95,87,429,421,722,322
0661268.jpg,95,87,429,421,721,322
0661269.jpg,95,86,429,420,721,324
0661270.jpg,95,86,429,420,720,324
0661271.jpg,95,86,429,420,719,326
0661272.jpg,95,86,429,420,719,326
0661273.jpg,95,86,429,420,718,325
0661274.jpg,96,86,430,420,719,325
0661275.jpg,96,86,430,420,718,325
0661276.jpg,97,84,431,418,718,320
0661277.jpg,95,80,433,418,720,316
0661278.jpg,100,66,444,410,723,314
0661279.jpg,94,60,450,416,729,316
0661280.jpg,94,60,450,416,735,312
0661281.jpg,93,60,449,416,742,309
0661282.jpg,91,60,447,416,745,307
0661283.jpg,89,60,445,416,750,305
0661284.jpg,90,59,442,411,748,302
0661285.jpg,89,59,441,411,747,302
0661286.jpg,87,59,439,411,746,301
0661287.jpg,86,59,438,411,745,299
0661288.jpg,86,59,438,411,1005,174
0661289.jpg,86,59,438,411,1023,176
0661290.jpg,88,59,440,411,1025,174
0661291.jpg,89,59,441,411,1028,170
0661292.jpg,89,60,441,412,1031,168
0661293.jpg,89,61,441,413,1033,165
0661294.jpg,89,61,441,413,1036,162
0661295.jpg,89,61,441,413,1037,158
0661296.jpg,90,61,442,413,1037,154
0661297.jpg,91,61,443,413,1036,150
0661298.jpg,94,63,442,411,1036,149
0661299.jpg,97,65,441,409,1035,148
0661300.jpg,99,66,441,408,1034,147
0661301.jpg,99,67,441,409,1034,145
0661302.jpg,101,69,439,407,1035,144
0661303.jpg,101,69,439,407,1038,145
0661304.jpg,105,74,435,404,1080,387
0661305.jpg,106,74,436,404,642,309
0661306.jpg,107,74,437,404,613,406
0661307.jpg,108,75,438,405,680,499
0661308.jpg,109,75,439,405,700,523
0661309.jpg,113,80,439,406,658,498
0661310.jpg,115,81,439,405,659,527
0661311.jpg,115,81,439,405,566,501
0661312.jpg,117,83,437,403,515,483
0661313.jpg,118,84,438,404,577,653
0661314.jpg,118,84,438,404,584,657
0661315.jpg,118,84,438,404,584,657
0661316.jpg,116,82,440,406,585,657
0661317.jpg,116,82,440,406,485,665
0661318.jpg,115,82,439,406,494,663
0661319.jpg,111,79,441,409,494,663
0661320.jpg,110,79,440,409,496,662
0661321.jpg,109,79,439,409,455,665
0661322.jpg,108,78,438,408,536,440
0661323.jpg,105,75,439,409,549,353
0661324.jpg,105,74,439,408,549,358
0661325.jpg,104,72,438,406,499,326
0661326.jpg,102,68,440,406,503,328
0661327.jpg,102,68,440,406,502,327
0661328.jpg,100,64,442,406,501,327
0661329.jpg,100,64,442,406,502,327
0661330.jpg,99,63,441,405,501,327
0661331.jpg,99,63,441,405,501,326
0661332.jpg,99,63,441,405,535,206
0661333.jpg,97,64,439,406,518,147
0661334.jpg,96,64,438,406,377,190
0661335.jpg,96,64,438,406,384,191
0661336.jpg,96,64,438,406,385,190
0661337.jpg,96,65,438,407,383,189
0661338.jpg,96,65,438,407,384,191
0661339.jpg,96,65,438,407,385,193
0661340.jpg,96,65,438,407,385,192
0661341.jpg,95,64,437,406,382,185
0661342.jpg,95,64,437,406,384,185
0661343.jpg,95,64,437,406,386,188
0661344.jpg,94,64,436,406,392,187
0661345.jpg,94,64,436,406,393,188
0661346.jpg,94,64,436,406,397,191
0661347.jpg,94,63,436,405,396,193
0661348.jpg,95,65,433,403,396,196
0661349.jpg,97,66,431,400,395,192
0661350.jpg,96,66,430,400,398,193
0661351.jpg,96,66,430,400,397,190
0661352.jpg,95,66,429,400,397,192
0661353.jpg,97,68,427,398,395,188
0661354.jpg,97,69,427,399,395,188
0661355.jpg,97,69,427,399,395,188
0661356.jpg,97,69,427,399,396,188
0661357.jpg,97,69,427,399,399,191
0661358.jpg,97,70,427,400,401,193
0661359.jpg,96,70,426,400,402,192
0661360.jpg,96,70,426,400,402,191
0661361.jpg,96,71,426,401,404,191
0661362.jpg,96,71,426,401,401,189
0661363.jpg,96,71,426,401,558,314
0661364.jpg,97,71,427,401,700,302
0661365.jpg,97,71,427,401,714,314
0661366.jpg,97,71,427,401,714,315
0661367.jpg,98,71,428,401,711,314
0661368.jpg,101,76,427,402,709,315
0661369.jpg,107,77,431,401,708,313
0661370.jpg,111,80,431,400,706,312
0661371.jpg,116,80,436,400,811,375
0661372.jpg,117,81,437,401,806,375
0661373.jpg,125,87,437,399,803,374
0661374.jpg,129,91,435,397,800,379
0661375.jpg,139,108,427,396,798,379
0661376.jpg,140,108,428,396,796,382
0661377.jpg,142,113,426,397,796,384
0661378.jpg,145,117,425,397,794,386
0661379.jpg,149,121,421,393,795,386
0661380.jpg,152,122,422,392,795,387
0661381.jpg,153,123,423,393,795,388
0661382.jpg,155,123,425,393,795,388
0661383.jpg,156,123,426,393,795,388
0661384.jpg,156,123,426,393,795,388
0661385.jpg,156,123,426,393,794,389
0661386.jpg,156,121,426,391,795,389
0661387.jpg,156,121,426,391,794,391
0661388.jpg,157,121,427,391,794,390
0661389.jpg,157,121,427,391,794,390
0661390.jpg,157,121,427,391,794,389
0661391.jpg,159,123,425,389,794,389
0661392.jpg,159,123,425,389,793,390
0661393.jpg,156,121,426,391,792,391
0661394.jpg,159,123,425,389,792,390
0661395.jpg,154,118,430,394,791,391
0661396.jpg,153,120,429,396,790,392
0661397.jpg,153,121,429,397,789,392
0661398.jpg,153,124,429,400,790,392
0661399.jpg,137,115,431,409,792,391
0661400.jpg,137,115,431,409,792,390
0661401.jpg,137,115,431,409,791,391
0661402.jpg,137,115,431,409,790,391
0661403.jpg,137,115,431,409,791,390
0661404.jpg,142,120,426,404,791,389
0661405.jpg,150,126,422,398,791,390
0661406.jpg,152,125,424,397,789,391
0661407.jpg,152,126,424,398,790,390
0661408.jpg,154,126,426,398,790,388
0661409.jpg,154,126,426,398,789,388
0661410.jpg,152,123,428,399,789,390
0661411.jpg,150,121,430,401,789,390
0661412.jpg,150,121,430,401,791,392
0661413.jpg,150,121,430,401,791,390
0661414.jpg,150,123,426,399,795,387
0661415.jpg,148,120,428,400,795,389
0661416.jpg,148,120,428,400,797,387
0661417.jpg,153,116,437,400,797,389
0661418.jpg,153,116,437,400,797,389
0661419.jpg,153,116,437,400,798,389
0661420.jpg,150,120,426,396,798,389
0661421.jpg,149,120,425,396,799,389
0661422.jpg,147,121,423,397,798,390
0661423.jpg,144,120,424,400,796,390
0661424.jpg,142,119,426,403,798,388
0661425.jpg,142,120,426,404,799,388
0661426.jpg,142,120,426,404,800,388
0661427.jpg,146,122,426,402,799,387
0661428.jpg,149,124,425,400,799,389
0661429.jpg,150,124,426,400,799,388
0661430.jpg,154,126,424,396,799,387
0661431.jpg,155,125,425,395,800,384
0661432.jpg,155,125,425,395,799,386
0661433.jpg,154,125,424,395,798,387
0661434.jpg,153,124,425,396,798,390
0661435.jpg,151,122,427,398,799,388
0661436.jpg,151,122,427,398,801,388
0661437.jpg,151,123,427,399,801,387
0661438.jpg,151,123,427,399,801,386
0661439.jpg,151,123,427,399,802,385
0661440.jpg,152,122,428,398,802,386
0661441.jpg,154,123,426,395,800,387
0661442.jpg,155,123,427,395,700,295
0661443.jpg,156,123,428,395,699,296
0661444.jpg,157,124,427,394,699,295
0661445.jpg,161,126,427,392,707,285
0661446.jpg,161,126,427,392,709,290
0661447.jpg,161,126,427,392,698,280
0661448.jpg,162,126,428,392,695,296
0661449.jpg,163,127,429,393,695,296
0661450.jpg,163,127,429,393,695,297
0661451.jpg,163,129,429,395,694,296
0661452.jpg,163,129,429,395,695,295
0661453.jpg,163,129,429,395,696,296
0661454.jpg,160,129,426,395,696,297
0661455.jpg,157,126,429,398,694,297
0661456.jpg,157,127,429,399,694,297
0661457.jpg,155,126,431,402,694,298
0661458.jpg,155,129,431,405,693,298
0661459.jpg,141,127,421,407,691,298
0661460.jpg,139,125,423,409,691,298
0661461.jpg,139,125,423,409,689,299
0661462.jpg,152,124,436,408,688,299
0661463.jpg,151,118,439,406,688,300
0661464.jpg,158,115,442,399,688,298
0661465.jpg,164,121,436,393,687,298
0661466.jpg,169,126,431,388,686,299
0661467.jpg,166,126,428,388,687,298
0661468.jpg,165,128,427,390,686,298
0661469.jpg,162,128,424,390,685,298
0661470.jpg,162,129,424,391,685,298
0661471.jpg,162,130,424,392,686,298
0661472.jpg,161,130,423,392,687,298
0661473.jpg,158,129,424,395,687,298
0661474.jpg,158,129,424,395,688,298
0661475.jpg,158,129,424,395,689,299
0661476.jpg,158,129,424,395,691,299
0661477.jpg,158,129,424,395,694,299
0661478.jpg,159,129,425,395,694,298
0661479.jpg,160,128,426,394,697,299
0661480.jpg,161,127,427,393,698,299
0661481.jpg,159,124,429,394,700,298
0661482.jpg,159,124,429,394,702,299
0661483.jpg,158,120,430,392,704,300
0661484.jpg,158,120,430,392,706,300
0661485.jpg,159,119,431,391,707,300
0661486.jpg,157,117,433,393,708,301
0661487.jpg,157,116,433,392,710,300
0661488.jpg,155,114,435,394,711,300
0661489.jpg,155,114,435,394,710,302
0661490.jpg,154,114,434,394,710,301
0661491.jpg,154,114,434,394,711,302
0661492.jpg,155,118,431,394,712,302
0661493.jpg,155,119,431,395,712,301
0661494.jpg,154,121,430,397,712,302
0661495.jpg,154,122,430,398,711,303
0661496.jpg,153,122,429,398,712,303
0661497.jpg,153,122,429,398,711,303
0661498.jpg,153,122,429,398,713,302
0661499.jpg,153,123,429,399,712,301
0661500.jpg,157,125,429,397,712,301
0661501.jpg,157,125,429,397,711,302
0661502.jpg,158,126,430,398,712,301
0661503.jpg,159,128,429,398,710,300
0661504.jpg,159,128,429,398,707,297
0661505.jpg,160,129,430,399,704,292
0661506.jpg,160,130,430,400,699,288
0661507.jpg,160,130,430,400,696,283
0662000.jpg,829,-28,1167,310,999,156
0662001.jpg,831,-28,1169,310,1012,162
0662002.jpg,829,-29,1171,313,1013,161
0662003.jpg,828,-30,1172,314,1013,161
0662004.jpg,826,-31,1174,317,1017,162
0662005.jpg,824,-32,1176,320,1016,160
0662006.jpg,826,-32,1178,320,1018,159
0662007.jpg,826,-32,1178,320,1018,159
0662008.jpg,828,-29,1176,319,1019,160
0662009.jpg,829,-29,1177,319,1020,160
0662010.jpg,829,-29,1177,319,1021,160
0662011.jpg,829,-28,1177,320,1022,161
0662012.jpg,825,-31,1181,325,1021,162
0662013.jpg,825,-31,1181,325,1021,160
0662014.jpg,824,-31,1180,325,1022,160
0662015.jpg,825,-31,1181,325,1023,161
0662016.jpg,825,-31,1181,325,1023,162
0662017.jpg,827,-29,1179,323,1024,164
0662018.jpg,827,-29,1179,323,1026,165
0662019.jpg,827,-23,1179,329,1026,165
0662020.jpg,826,-23,1178,329,1026,167
0662021.jpg,826,-22,1178,330,1026,168
0662022.jpg,825,-22,1177,330,1024,170
0662023.jpg,823,-24,1179,332,1022,172
0662024.jpg,823,-24,1179,332,1021,174
0662025.jpg,823,-24,1179,332,1020,173
0662026.jpg,820,-25,1180,335,1015,175
0662027.jpg,820,-22,1180,338,1013,176
0662028.jpg,819,-21,1179,339,1013,176
0662029.jpg,819,-20,1179,340,1011,179
0662030.jpg,823,-15,1175,337,1036,264
0662031.jpg,824,-11,1172,337,1045,277
0662032.jpg,824,-10,1172,338,1043,282
0662033.jpg,822,-12,1174,340,1041,283
0662034.jpg,822,-12,1174,340,1039,284
0662035.jpg,824,-10,1172,338,1038,286
0662036.jpg,825,-10,1173,338,1038,287
0662037.jpg,846,-3,1180,331,1040,286
0662038.jpg,854,-3,1188,331,1040,286
0662039.jpg,854,-3,1188,331,1040,286
0662040.jpg,851,-6,1193,336,1041,287
0662041.jpg,849,-6,1193,338,1041,288
0662042.jpg,847,-2,1195,346,1044,289
0662043.jpg,847,-2,1195,346,1048,290
0662044.jpg,846,-2,1194,346,1055,294
0662045.jpg,845,-2,1193,346,1056,300
0662046.jpg,843,-2,1191,346,1046,309
0662047.jpg,837,-6,1193,350,1035,315
0662048.jpg,837,-5,1193,351,1013,328
0662049.jpg,836,-5,1192,351,990,343
0662050.jpg,834,-7,1194,353,964,364
0662051.jpg,834,-7,1194,353,945,377
0662052.jpg,834,-7,1194,353,929,386
0662053.jpg,834,-6,1194,354,915,393
0662054.jpg,836,-4,1192,352,902,401
0662055.jpg,839,0,1191,352,889,408
0662056.jpg,840,0,1192,352,880,415
0662057.jpg,841,0,1193,352,872,419
0662058.jpg,841,0,1193,352,863,421
0662059.jpg,841,0,1193,352,857,422
0662060.jpg,841,0,1193,352,852,424
0662061.jpg,842,0,1194,352,849,429
0662062.jpg,843,0,1195,352,846,431
0662063.jpg,843,0,1195,352,843,431
0662064.jpg,843,0,1195,352,839,432
0662065.jpg,843,-1,1195,351,837,432
0662066.jpg,842,-1,1194,351,837,434
0662067.jpg,840,-3,1196,353,836,435
0662068.jpg,840,-3,1196,353,837,435
0662069.jpg,840,-3,1196,353,838,434
0662070.jpg,842,-1,1194,351,844,339
0662071.jpg,842,-1,1194,351,823,296
0662072.jpg,842,-1,1194,351,797,287
0662073.jpg,842,-1,1194,351,802,295
0662074.jpg,841,-2,1193,350,800,298
0662075.jpg,839,-4,1195,352,800,296
0662076.jpg,835,-6,1195,354,797,297
0662077.jpg,834,-6,1194,354,796,296
0662078.jpg,833,-6,1193,354,797,293
0662079.jpg,835,-5,1187,347,1242,274
0662080.jpg,834,-19,1186,333,1042,241
0662081.jpg,834,-20,1186,332,1015,169
0662082.jpg,833,-20,1185,332,1028,167
0662083.jpg,830,-22,1186,334,1031,165
0662084.jpg,830,-22,1186,334,1032,164
0662085.jpg,827,-24,1187,336,1033,164
0662086.jpg,826,-24,1186,336,1032,164
0662087.jpg,826,-24,1186,336,1032,165
0662088.jpg,825,-24,1185,336,1035,163
0662089.jpg,825,-24,1185,336,1035,162
0662090.jpg,825,-24,1185,336,1034,160
0662091.jpg,825,-24,1185,336,1034,161
0662092.jpg,822,-25,1188,341,1034,160
0662093.jpg,823,-24,1189,342,1035,160
0662094.jpg,823,-23,1189,343,1035,158
0662095.jpg,822,-24,1192,346,1035,159
0662096.jpg,823,-23,1193,347,1033,157
0662097.jpg,821,-25,1195,349,1034,157
0662098.jpg,821,-25,1195,349,1035,156
0662099.jpg,822,-25,1196,349,1036,157
0662100.jpg,825,-24,1195,346,1034,157
0662101.jpg,829,-24,1191,338,1034,154
0662102.jpg,831,-25,1191,335,1032,151
0662103.jpg,837,-19,1185,329,1032,150
0662104.jpg,837,-19,1185,329,1029,147
0662105.jpg,836,-22,1184,326,1031,147
0662106.jpg,830,-28,1190,332,1029,146
0662107.jpg,828,-28,1188,332,1030,146
0662108.jpg,827,-27,1187,333,1030,148
0662109.jpg,827,-27,1187,333,1033,149
0662110.jpg,827,-27,1187,333,1032,148
0662111.jpg,829,-25,1185,331,1033,148
0662112.jpg,829,-24,1185,332,1035,149
0662113.jpg,831,-22,1183,330,1033,146
0662114.jpg,836,-18,1180,326,1034,147
0662115.jpg,836,-18,1180,326,1035,146
0662116.jpg,836,-18,1180,326,1035,146
0662117.jpg,836,-18,1180,326,1037,146
0662118.jpg,835,-20,1179,324,1037,147
0662119.jpg,835,-20,1179,324,1037,146
0662120.jpg,835,-20,1179,324,1037,147
0662121.jpg,835,-16,1179,328,1038,147
0662122.jpg,834,-16,1178,328,1039,147
0662123.jpg,834,-14,1178,330,1039,148
0662124.jpg,830,-17,1182,335,1038,148
0662125.jpg,831,-16,1183,336,1037,149
0662126.jpg,831,-16,1183,336,1036,149
0662127.jpg,832,-15,1184,337,1035,148
0662128.jpg,832,-15,1184,337,1034,149
0662129.jpg,832,-15,1184,337,1033,149
0662130.jpg,832,-15,1184,337,1031,148
0662131.jpg,833,-15,1185,337,1031,148
0662132.jpg,833,-15,1185,337,1029,149
0662133.jpg,833,-16,1185,336,1029,148
0662134.jpg,833,-16,1185,336,1028,148
0662135.jpg,833,-16,1185,336,1027,147
0662136.jpg,833,-17,1185,335,1026,147
0662137.jpg,835,-15,1183,333,1025,147
0662138.jpg,836,-16,1184,332,1023,148
0662139.jpg,836,-16,1184,332,1023,149
0662140.jpg,836,-16,1184,332,1024,150
0662141.jpg,837,-15,1185,333,1025,151
0662142.jpg,835,-17,1187,335,1024,150
0662143.jpg,836,-16,1188,336,1025,150
0662144.jpg,836,-16,1188,336,1024,150
0662145.jpg,838,-13,1186,335,1023,150
0662146.jpg,840,-11,1184,333,1024,151
0662147.jpg,840,-11,1184,333,1024,150
0662148.jpg,837,-13,1185,335,1022,150
0662149.jpg,835,-15,1187,337,1023,150
0662150.jpg,833,-17,1189,339,1022,150
0662151.jpg,833,-17,1189,339,1024,150
0662152.jpg,833,-17,1189,339,1024,151
0662153.jpg,833,-17,1189,339,1191,248
0662154.jpg,835,-16,1187,336,1219,347
0662155.jpg,837,-14,1185,334,1025,381
0662156.jpg,837,-14,1185,334,1028,391
0662157.jpg,840,-13,1184,331,1034,391
0662158.jpg,840,-13,1184,331,1036,393
0662159.jpg,840,-13,1184,331,1037,392
0662160.jpg,840,-14,1184,330,1036,397
0662161.jpg,840,-14,1184,330,1038,399
0662162.jpg,841,-13,1183,329,1041,400
0662163.jpg,841,-13,1183,329,1046,392
0662164.jpg,841,-13,1183,329,1050,392
0662165.jpg,844,-11,1182,327,1051,399
0662166.jpg,844,-11,1182,327,1054,396
0662167.jpg,844,-11,1182,327,1055,397
0662168.jpg,841,-14,1185,330,1058,391
0662169.jpg,841,-15,1185,329,1053,398
0662170.jpg,841,-15,1185,329,1055,398
0662171.jpg,841,-15,1185,329,1052,398
0662172.jpg,842,-16,1186,328,1053,399
0662173.jpg,842,-16,1186,328,1052,402
0662174.jpg,842,-16,1186,328,1052,403
0662175.jpg,842,-16,1186,328,1049,400
0662176.jpg,843,-16,1187,328,1049,401
0662177.jpg,843,-16,1187,328,1049,402
0662178.jpg,843,-16,1187,328,1050,401
0662179.jpg,844,-15,1188,329,1052,401
0662180.jpg,842,-17,1190,331,1053,400
0662181.jpg,840,-19,1192,333,1052,400
0662182.jpg,840,-19,1192,333,1051,401
0662184.jpg,843,-21,1195,331,859,272
0662185.jpg,842,-24,1198,332,868,270
0662186.jpg,842,-24,1198,332,876,268
0662187.jpg,842,-24,1198,332,878,270
0662188.jpg,844,-22,1196,330,883,273
0662189.jpg,846,-20,1194,328,884,273
0662190.jpg,843,-20,1191,328,889,276
0662191.jpg,843,-18,1191,330,889,280
0662192.jpg,839,-18,1191,334,884,280
0662193.jpg,838,-17,1190,335,885,279
0662194.jpg,837,-17,1189,335,1024,373
0662195.jpg,837,-16,1189,336,1026,374
0662196.jpg,830,-20,1190,340,1027,374
0662197.jpg,824,-23,1190,343,1026,373
0662198.jpg,821,-23,1187,343,1024,372
0662199.jpg,821,-23,1187,343,1023,373
0662200.jpg,823,-21,1185,341,1027,373
0662201.jpg,822,-19,1184,343,1026,373
0662202.jpg,823,-22,1183,338,1027,373
0662203.jpg,823,-22,1183,338,1026,375
0662204.jpg,823,-17,1183,343,1024,375
0662205.jpg,823,-16,1183,344,1026,373
0662206.jpg,825,-14,1181,342,1027,373
0662207.jpg,825,-14,1181,342,1028,372
0662208.jpg,829,-12,1181,340,1029,372
0662209.jpg,827,-14,1183,342,1031,372
0662210.jpg,827,-13,1183,343,1033,372
0662211.jpg,827,-13,1183,343,1031,371
0662212.jpg,827,-13,1183,343,1031,371
0662213.jpg,827,-13,1183,343,1033,371
0662214.jpg,825,-14,1185,346,1029,371
0662215.jpg,825,-12,1185,348,1030,372
0662216.jpg,828,-8,1184,348,1032,369
0662217.jpg,831,-8,1187,348,1039,373
0662218.jpg,831,-8,1187,348,831,276
0662219.jpg,831,-8,1187,348,835,289
0662220.jpg,822,-19,1192,351,835,288
0662221.jpg,821,-20,1191,350,836,293
0662222.jpg,821,-20,1191,350,836,295
0662223.jpg,821,-20,1191,350,836,294
0662224.jpg,821,-20,1191,350,833,288
0662225.jpg,821,-20,1191,350,833,286
0662226.jpg,823,-18,1189,348,833,284
0662227.jpg,823,-18,1189,348,833,281
0662228.jpg,827,-16,1187,344,834,286
0662229.jpg,827,-16,1187,344,835,288
0662230.jpg,827,-16,1187,344,833,288
0662231.jpg,827,-16,1187,344,833,287
0662232.jpg,827,-16,1187,344,831,285
0662233.jpg,828,-16,1188,344,832,286
0662234.jpg,828,-15,1188,345,831,291
0662235.jpg,828,-15,1188,345,833,299
0662236.jpg,828,-15,1188,345,839,300
0662237.jpg,827,-17,1189,345,840,313
0662238.jpg,827,-17,1189,345,833,302
0662239.jpg,827,-18,1189,344,833,306
0662240.jpg,828,-19,1190,343,830,305
0662241.jpg,829,-22,1191,340,977,301
0662242.jpg,830,-24,1192,338,988,304
0662243.jpg,830,-27,1192,335,987,303
0662244.jpg,830,-29,1192,333,986,304
0662245.jpg,830,-29,1192,333,985,303
0662246.jpg,830,-32,1192,330,984,302
0662247.jpg,831,-34,1191,326,985,303
0662248.jpg,830,-45,1190,315,983,303
0662249.jpg,830,-45,1190,315,983,305
0662250.jpg,830,-45,1190,315,984,306
0662251.jpg,830,-45,1190,315,984,306
0662252.jpg,834,-42,1186,310,984,307
0662253.jpg,837,-41,1185,307,984,307
0662254.jpg,844,-40,1188,304,985,307
0662255.jpg,842,-45,1190,303,985,306
0662256.jpg,847,-48,1195,300,982,309
0662257.jpg,848,-50,1196,298,975,317
0662258.jpg,851,-48,1195,296,963,327
0662259.jpg,853,-50,1201,298,920,319
0662260.jpg,856,-48,1200,296,820,282
0662261.jpg,856,-48,1200,296,823,282
0662262.jpg,857,-47,1201,297,823,283
0662263.jpg,858,-47,1202,297,822,280
0662264.jpg,861,-45,1203,297,824,280
0662265.jpg,861,-40,1203,302,826,279
0662266.jpg,861,-38,1203,304,827,282
0662267.jpg,861,-36,1203,306,830,283
0662268.jpg,861,-36,1203,306,830,284
0662269.jpg,861,-36,1203,306,829,285
0662270.jpg,865,-36,1207,306,824,279
0662271.jpg,865,-36,1207,306,825,278
0662272.jpg,865,-36,1207,306,824,278
0662273.jpg,865,-36,1207,306,827,281
0662274.jpg,861,-32,1199,306,828,283
0662275.jpg,861,-31,1199,307,831,281
0662276.jpg,858,-30,1196,308,1255,335
0662277.jpg,856,-30,1194,308,1254,335
0662278.jpg,857,-28,1191,306,1244,242
0662279.jpg,853,-26,1183,304,1243,248
0662280.jpg,851,-25,1181,305,1008,229
0662281.jpg,851,-25,1181,305,990,230
0662282.jpg,849,-25,1179,305,992,213
0662283.jpg,845,-26,1179,308,996,186
0662284.jpg,841,-27,1179,311,1011,189
0662285.jpg,839,-27,1177,311,1013,189
0662286.jpg,838,-26,1176,312,1015,187
0662287.jpg,825,-32,1185,328,1017,185
0662288.jpg,825,-31,1185,329,1018,183
0662289.jpg,825,-31,1185,329,1018,178
0662290.jpg,830,-26,1182,326,1022,181
0662291.jpg,841,-14,1179,324,1025,178
0662292.jpg,841,-14,1179,324,1028,176
0662293.jpg,841,-13,1179,325,1030,172
0662294.jpg,841,-13,1179,325,1032,169
0662295.jpg,834,-18,1182,330,1034,167
0662296.jpg,834,-18,1182,330,1036,164
0662297.jpg,832,-19,1184,333,1036,161
0662298.jpg,834,-14,1182,334,1036,159
0662299.jpg,834,-14,1182,334,1035,158
0662300.jpg,832,-16,1184,336,1035,157
0662301.jpg,831,-15,1183,337,1030,149
0662302.jpg,827,-19,1187,341,1030,149
0662303.jpg,827,-19,1187,341,1037,150
0662304.jpg,825,-19,1187,343,1046,153
0662305.jpg,823,-20,1189,346,1050,152
0662306.jpg,820,-22,1190,348,1054,150
0662307.jpg,820,-21,1190,349,1057,151
0662308.jpg,820,-18,1190,352,1058,151
0662309.jpg,818,-18,1192,356,1059,150
0662310.jpg,827,-8,1187,352,1060,152
0662311.jpg,827,-7,1187,353,1060,153
0662312.jpg,827,-6,1187,354,1062,153
0662313.jpg,826,-6,1188,356,1062,155
0662314.jpg,826,-6,1188,356,1063,155
0662315.jpg,827,-6,1189,356,1065,156
0662316.jpg,827,-5,1189,357,1065,157
0662317.jpg,828,-3,1188,357,1065,156
0662318.jpg,827,-3,1187,357,1065,159
0662319.jpg,826,-2,1186,358,1065,159
0662320.jpg,828,0,1184,356,1063,160
0662321.jpg,828,0,1184,356,1064,160
0662322.jpg,828,0,1184,356,1063,159
0662323.jpg,829,0,1185,356,1063,160
0662324.jpg,826,-4,1188,358,1066,160
0662325.jpg,826,-4,1188,358,1066,160
0662326.jpg,827,-4,1189,358,1053,197
0662327.jpg,827,-4,1189,358,1054,253
0662328.jpg,827,-6,1189,356,1074,249
0662329.jpg,828,-7,1190,355,1073,255
0662330.jpg,828,-7,1190,355,1072,257
0662331.jpg,828,-7,1190,355,1071,258
0662332.jpg,828,-7,1190,355,1071,258
0662333.jpg,829,-7,1191,355,1070,257
0662334.jpg,830,-7,1192,355,1070,257
0662335.jpg,830,-7,1192,355,1070,258
0662336.jpg,831,-6,1191,354,1070,258
0662337.jpg,830,-7,1192,355,1069,260
0662338.jpg,830,-7,1192,355,1068,260
0662339.jpg,825,-15,1195,355,1068,262
0662340.jpg,822,-17,1196,357,1066,262
0662341.jpg,822,-17,1196,357,1066,262
0662342.jpg,824,-15,1194,355,1063,264
0662343.jpg,824,-15,1194,355,1062,267
0662344.jpg,824,-16,1194,354,1061,268
0662345.jpg,825,-16,1195,354,1058,270
0662346.jpg,825,-16,1195,354,1056,272
0662347.jpg,823,-18,1197,356,1055,272
0662348.jpg,821,-21,1199,357,1052,272
0662349.jpg,821,-21,1199,357,1051,273
0662350.jpg,821,-21,1199,357,1048,274
0662351.jpg,820,-21,1198,357,1047,275
0662352.jpg,820,-21,1198,357,1047,276
0662353.jpg,820,-20,1198,358,1045,276
0662354.jpg,820,-20,1198,358,1041,281
0662355.jpg,820,-20,1198,358,1032,290
0662356.jpg,820,-20,1198,358,1019,299
0662357.jpg,820,-20,1198,358,1000,310
0662358.jpg,820,-21,1198,357,978,323
0662359.jpg,820,-21,1198,357,956,335
0662360.jpg,822,-19,1196,355,935,345
0662361.jpg,822,-19,1196,355,918,352
0662362.jpg,822,-19,1196,355,907,357
0662363.jpg,823,-19,1197,355,898,360
0662364.jpg,823,-19,1197,355,896,363
0662365.jpg,824,-19,1198,355,894,366
0662366.jpg,825,-20,1199,354,890,367
0662367.jpg,825,-20,1199,354,885,374
0662368.jpg,825,-20,1199,354,881,376
0662369.jpg,825,-20,1199,354,878,378
0662370.jpg,826,-20,1200,354,873,383
0662371.jpg,831,-16,1197,350,867,386
0662372.jpg,833,-14,1195,348,863,388
0662373.jpg,833,-14,1195,348,852,393
0662374.jpg,833,-13,1195,349,808,284
0662375.jpg,835,-9,1195,351,804,286
0662376.jpg,835,-9,1195,351,805,285
0662377.jpg,835,-9,1195,351,805,285
0662378.jpg,835,-12,1195,348,804,284
0662379.jpg,834,-12,1196,350,805,283
0662380.jpg,832,-14,1198,352,813,305
0662381.jpg,832,-14,1198,352,787,273
0662382.jpg,832,-14,1198,352,788,275
0662383.jpg,833,-14,1199,352,789,276
0662384.jpg,833,-14,1199,352,789,277
0662385.jpg,833,-14,1199,352,790,276
0662386.jpg,833,-14,1199,352,790,277
0662387.jpg,834,-16,1200,350,790,278
0662388.jpg,834,-16,1200,350,789,279
0662389.jpg,834,-16,1200,350,789,281
0662390.jpg,832,-20,1202,350,790,285
0662391.jpg,830,-22,1200,348,790,287
0662392.jpg,829,-28,1191,334,789,288
0662393.jpg,828,-33,1188,327,789,291
0662394.jpg,829,-32,1177,316,788,293
0662395.jpg,829,-32,1177,316,788,295
0662396.jpg,827,-30,1169,312,788,294
0662397.jpg,826,-30,1168,312,786,294
0662398.jpg,824,-30,1166,312,787,294
0662399.jpg,828,-23,1158,307,787,293
0662400.jpg,828,-23,1158,307,786,291
0662401.jpg,828,-23,1158,307,786,291
0662402.jpg,828,-19,1158,311,785,290
0662403.jpg,828,-16,1158,314,786,292
0662404.jpg,828,-15,1158,315,787,290
0662405.jpg,828,-15,1158,315,786,288
0662406.jpg,825,-16,1159,318,784,291
0662407.jpg,825,-15,1159,319,785,292
0662408.jpg,822,-17,1164,325,785,292
0662409.jpg,821,-17,1165,327,784,292
0662410.jpg,821,-16,1169,332,1248,358
0662411.jpg,817,-18,1173,338,1248,358
0662412.jpg,813,-17,1179,349,1247,359
0662413.jpg,812,-19,1182,351,1248,358
0662414.jpg,813,-18,1183,352,1247,359
0662415.jpg,814,-18,1184,352,1247,359
0662416.jpg,815,-18,1185,352,1248,358
0662417.jpg,814,-20,1188,354,1247,358
0662418.jpg,817,-22,1191,352,1248,358
0662419.jpg,818,-23,1192,351,1247,358
0662420.jpg,827,-19,1193,347,1248,358
0662421.jpg,829,-19,1195,347,1248,358
0662422.jpg,830,-19,1196,347,1247,356
0662423.jpg,835,-16,1195,344,1245,359
0662424.jpg,836,-13,1196,347,1244,358
0662425.jpg,842,-12,1202,348,1244,357
0662426.jpg,844,-13,1206,349,1244,446
0662427.jpg,846,-14,1212,352,1028,467
0662428.jpg,847,-15,1213,351,1012,471
0662429.jpg,847,-17,1221,357,1011,471
0662430.jpg,849,-17,1223,357,1012,472
0662431.jpg,847,-19,1225,359,1012,472
0662432.jpg,847,-18,1225,360,856,385
0662433.jpg,847,-18,1225,360,851,393
0662434.jpg,848,-19,1226,359,852,397
0662435.jpg,848,-19,1226,359,852,398
0662436.jpg,848,-19,1226,359,852,397
0662437.jpg,848,-20,1226,358,852,397
0662438.jpg,850,-19,1224,355,852,397
0662439.jpg,852,-17,1222,353,852,397
0662440.jpg,852,-17,1222,353,853,398
0662441.jpg,853,-17,1223,353,854,397
0662442.jpg,853,-17,1223,353,855,398
0662443.jpg,850,-19,1224,355,856,397
0662444.jpg,850,-19,1224,355,857,396
0662445.jpg,850,-19,1224,355,857,396
0662446.jpg,849,-19,1223,355,857,397
0662447.jpg,847,-19,1221,355,857,397
0662448.jpg,847,-19,1221,355,855,398
0662449.jpg,845,-19,1219,355,855,397
0662450.jpg,846,-17,1216,353,857,397
0662451.jpg,846,-17,1216,353,856,398
0662452.jpg,846,-17,1216,353,722,264
0662453.jpg,846,-17,1216,353,718,265
0662454.jpg,846,-17,1216,353,719,266
0662455.jpg,844,-19,1218,355,719,266
0662456.jpg,844,-19,1218,355,717,265
0662457.jpg,843,-21,1221,357,717,267
0662458.jpg,843,-20,1221,358,716,266
0662459.jpg,843,-20,1221,358,717,266
0662460.jpg,843,-19,1221,359,716,266
0662461.jpg,845,-17,1219,357,714,265
0662462.jpg,846,-17,1220,357,711,266
0662463.jpg,846,-17,1220,357,711,266
0662464.jpg,845,-19,1223,359,710,266
0662465.jpg,845,-19,1223,359,710,264
0662466.jpg,845,-20,1223,358,710,264
0662467.jpg,845,-20,1223,358,711,264
0662468.jpg,846,-18,1220,356,709,263
0662469.jpg,846,-19,1220,355,750,261
0662470.jpg,845,-19,1219,355,743,262
0662471.jpg,845,-19,1219,355,742,263
0662472.jpg,845,-19,1219,355,741,262
0662473.jpg,845,-19,1219,355,739,261
0662474.jpg,844,-19,1218,355,740,261
0662475.jpg,844,-19,1218,355,741,262
0662476.jpg,844,-19,1218,355,742,261
0662477.jpg,845,-19,1219,355,745,261
0662478.jpg,846,-19,1220,355,1248,310
0662479.jpg,846,-19,1220,355,1240,265
0662480.jpg,843,-22,1223,358,1250,234
0662481.jpg,843,-21,1223,359,1231,241
0662482.jpg,842,-21,1222,359,1143,255
0662483.jpg,841,-21,1221,359,1243,244
0662484.jpg,841,-21,1221,359,1243,246
0662485.jpg,841,-21,1221,359,1243,245
0662486.jpg,840,-21,1220,359,1243,245
0662487.jpg,840,-21,1220,359,1243,248
0662488.jpg,840,-21,1220,359,1243,246
0662489.jpg,841,-21,1221,359,1244,163
0662490.jpg,841,-21,1221,359,1243,168
0662491.jpg,841,-21,1221,359,1244,171
0662492.jpg,842,-22,1220,356,1243,172
0662493.jpg,842,-22,1220,356,1241,174
0662494.jpg,842,-22,1220,356,1242,175
0662495.jpg,844,-20,1218,354,1241,174
0662496.jpg,844,-20,1218,354,1241,173
0662497.jpg,844,-20,1218,354,1242,174
0662498.jpg,844,-20,1218,354,1242,174
0662499.jpg,844,-19,1218,355,1241,174
0662500.jpg,843,-19,1217,355,1242,176
0662501.jpg,843,-19,1217,355,1242,177
0662502.jpg,840,-21,1218,357,1239,172
0662503.jpg,840,-21,1218,357,1237,170
0662504.jpg,840,-21,1218,357,1237,171
0662505.jpg,841,-21,1219,357,1238,171
0662506.jpg,842,-21,1220,357,1238,171
0662507.jpg,842,-21,1220,357,1235,170
0663000.jpg,573,138,831,396,1131,93
0663001.jpg,575,140,833,398,1134,95
0663002.jpg,574,138,836,400,1133,93
0663003.jpg,574,139,836,401,1135,90
0663004.jpg,572,138,838,404,1136,91
0663005.jpg,572,139,838,405,1137,91
0663006.jpg,574,140,840,406,1137,90
0663007.jpg,574,140,840,406,1138,90
0663008.jpg,572,139,842,409,1137,91
0663009.jpg,572,139,842,409,1137,89
0663010.jpg,571,139,841,409,1158,88
0663011.jpg,570,138,842,410,1119,423
0663012.jpg,570,139,842,411,1109,399
0663013.jpg,570,141,842,413,1109,390
0663014.jpg,569,139,845,415,1114,392
0663015.jpg,569,139,845,415,1115,393
0663016.jpg,569,139,845,415,1114,394
0663017.jpg,571,142,843,414,1116,395
0663018.jpg,578,155,836,413,1117,395
0663019.jpg,579,155,837,413,1117,396
0663020.jpg,579,155,837,413,1119,400
0663021.jpg,580,156,838,414,1120,400
0663022.jpg,580,156,838,414,1119,400
0663023.jpg,578,154,840,416,1120,403
0663024.jpg,577,156,839,418,1050,534
0663025.jpg,577,157,839,419,903,461
0663026.jpg,575,155,841,421,826,451
0663027.jpg,575,156,841,422,818,455
0663028.jpg,575,157,841,423,819,457
0663029.jpg,573,156,843,426,731,307
0663030.jpg,574,156,844,426,716,311
0663031.jpg,573,155,845,427,717,314
0663032.jpg,574,158,846,430,717,314
0663033.jpg,574,158,846,430,717,315
0663034.jpg,574,158,846,430,716,315
0663035.jpg,574,159,846,431,716,316
0663036.jpg,577,160,849,432,716,325
0663037.jpg,590,160,862,432,718,319
0663038.jpg,596,158,872,434,719,320
0663039.jpg,596,158,872,434,719,320
0663040.jpg,596,158,872,434,719,320
0663041.jpg,596,164,872,440,719,320
0663042.jpg,596,167,872,443,721,322
0663043.jpg,592,163,876,447,729,321
0663044.jpg,589,164,873,448,735,323
0663045.jpg,587,162,875,450,741,323
0663046.jpg,584,163,872,451,742,323
0663047.jpg,584,171,872,459,741,324
0663048.jpg,581,172,869,460,741,325
0663049.jpg,576,175,864,463,739,325
0663050.jpg,568,178,856,466,739,326
0663051.jpg,564,180,854,470,737,326
0663052.jpg,561,185,851,475,735,327
0663053.jpg,558,194,852,488,734,324
0663054.jpg,558,194,852,488,732,325
0663055.jpg,557,195,851,489,732,326
0663056.jpg,553,194,851,492,732,328
0663057.jpg,551,192,853,494,733,332
0663058.jpg,550,192,852,494,733,339
0663059.jpg,547,189,855,497,728,340
0663060.jpg,546,188,854,496,724,344
0663061.jpg,546,185,854,493,723,345
0663062.jpg,543,185,851,493,721,348
0663063.jpg,543,183,851,491,718,350
0663064.jpg,543,182,851,490,717,354
0663065.jpg,544,181,850,487,715,352
0663066.jpg,549,180,847,478,711,354
0663067.jpg,559,183,847,471,709,349
0663068.jpg,568,183,848,463,709,348
0663069.jpg,576,182,856,462,708,347
0663070.jpg,579,180,859,460,707,346
0663071.jpg,586,178,866,458,708,346
0663072.jpg,586,177,866,457,706,346
0663073.jpg,584,175,868,459,706,350
0663074.jpg,584,175,868,459,703,350
0663075.jpg,584,174,868,458,703,344
0663076.jpg,584,174,868,458,704,344
0663077.jpg,584,174,868,458,704,345
0663078.jpg,583,172,871,460,705,338
0663079.jpg,582,171,872,461,708,338
0663080.jpg,585,169,879,463,711,336
0663081.jpg,585,169,879,463,717,338
0663082.jpg,586,168,880,462,722,337
0663083.jpg,587,169,877,459,728,335
0663084.jpg,589,169,877,457,731,336
0663085.jpg,589,168,877,456,733,337
0663086.jpg,589,168,877,456,735,336
0663087.jpg,588,168,876,456,734,338
0663088.jpg,586,168,874,456,734,337
0663089.jpg,585,167,875,457,733,338
0663090.jpg,585,167,875,457,734,337
0663091.jpg,586,168,874,456,734,338
0663092.jpg,586,167,874,455,734,337
0663093.jpg,586,167,874,455,753,327
0663094.jpg,586,167,874,455,740,333
0663095.jpg,585,166,875,456,738,332
0663096.jpg,585,166,875,456,737,332
0663097.jpg,585,166,875,456,737,333
0663098.jpg,585,166,875,456,738,332
0663099.jpg,585,166,875,456,736,332
0663100.jpg,585,167,875,457,735,331
0663101.jpg,586,167,876,457,735,332
0663102.jpg,587,168,875,456,856,530
0663103.jpg,587,168,875,456,1069,534
0663104.jpg,587,168,875,456,1114,395
0663105.jpg,588,168,876,456,1231,320
0663107.jpg,588,167,876,455,1142,103
0663108.jpg,588,167,876,455,1133,104
0663109.jpg,588,167,876,455,1132,103
0663110.jpg,590,169,874,453,1133,104
0663111.jpg,590,169,874,453,1132,104
0663112.jpg,590,169,874,453,1133,102
0663113.jpg,590,168,874,452,1134,104
0663114.jpg,591,168,875,452,1134,103
0663115.jpg,591,168,875,452,1135,102
0663116.jpg,591,167,875,451,1136,105
0663117.jpg,591,167,875,451,1136,105
0663118.jpg,590,167,874,451,1137,105
0663119.jpg,589,167,873,451,1138,106
0663120.jpg,589,167,873,451,1138,105
0663121.jpg,588,166,872,450,1138,106
0663122.jpg,588,166,872,450,974,289
0663123.jpg,588,166,872,450,912,400
0663124.jpg,587,166,871,450,886,396
0663125.jpg,587,166,871,450,896,396
0663126.jpg,587,166,871,450,897,396
0663127.jpg,586,166,870,450,897,395
0663128.jpg,587,168,867,448,897,394
0663129.jpg,585,168,865,448,899,393
0663130.jpg,586,170,862,446,898,392
0663131.jpg,585,170,861,446,735,296
0663132.jpg,583,171,859,447,735,316
0663133.jpg,579,171,855,447,734,316
0663134.jpg,578,173,850,445,734,317
0663135.jpg,575,171,851,447,733,316
0663136.jpg,568,171,844,447,734,315
0663137.jpg,564,173,848,457,733,314
0663138.jpg,564,174,848,458,734,315
0663139.jpg,560,172,850,462,733,313
0663140.jpg,558,170,852,464,732,314
0663141.jpg,558,171,852,465,733,314
0663142.jpg,557,172,851,466,732,313
0663143.jpg,554,173,848,467,733,313
0663144.jpg,553,173,847,467,732,314
0663145.jpg,553,173,847,467,733,313
0663146.jpg,551,171,849,469,732,312
0663147.jpg,553,173,847,467,733,312
0663148.jpg,553,173,847,467,732,313
0663149.jpg,553,173,847,467,732,313
0663150.jpg,553,173,847,467,731,313
0663151.jpg,553,173,847,467,732,313
0663152.jpg,553,173,847,467,731,313
0663153.jpg,553,173,847,467,730,312
0663154.jpg,551,170,849,468,731,312
0663155.jpg,551,170,849,468,729,311
0663156.jpg,551,170,849,468,727,311
0663157.jpg,549,168,851,470,724,312
0663158.jpg,547,166,853,472,723,313
0663159.jpg,546,165,854,473,719,311
0663160.jpg,547,165,855,473,717,310
0663161.jpg,548,165,856,473,714,309
0663162.jpg,549,165,855,471,712,307
0663163.jpg,557,171,851,465,711,306
0663164.jpg,557,171,851,465,711,305
0663165.jpg,557,171,851,465,712,305
0663166.jpg,557,171,851,465,711,305
0663167.jpg,557,171,851,465,711,307
0663168.jpg,555,169,853,467,711,304
0663169.jpg,555,168,853,466,711,306
0663170.jpg,555,168,853,466,709,308
0663171.jpg,557,170,851,464,709,307
0663172.jpg,557,170,851,464,708,308
0663173.jpg,557,172,851,466,708,308
0663174.jpg,558,172,852,466,708,308
0663175.jpg,561,172,855,466,707,309
0663176.jpg,565,175,853,463,705,308
0663177.jpg,567,173,855,461,705,308
0663178.jpg,572,171,856,455,706,307
0663179.jpg,582,174,854,446,705,309
0663180.jpg,583,174,855,446,705,309
0663181.jpg,583,172,855,444,706,309
0663182.jpg,583,172,855,444,705,309
0663183.jpg,583,172,855,444,705,308
0663184.jpg,583,172,855,444,705,308
0663185.jpg,583,171,855,443,706,309
0663186.jpg,581,172,853,444,706,309
0663187.jpg,580,172,852,444,704,308
0663188.jpg,580,172,852,444,705,310
0663189.jpg,580,172,852,444,705,311
0663190.jpg,580,172,852,444,705,310
0663191.jpg,580,172,852,444,706,310
0663192.jpg,578,170,854,446,707,310
0663193.jpg,577,171,853,447,708,307
0663194.jpg,577,171,853,447,709,306
0663195.jpg,577,172,853,448,709,305
0663196.jpg,578,172,854,448,710,306
0663197.jpg,576,170,856,450,710,305
0663198.jpg,576,171,856,451,710,307
0663199.jpg,577,171,857,451,710,307
0663200.jpg,577,171,857,451,710,307
0663201.jpg,577,171,857,451,710,305
0663202.jpg,577,171,857,451,709,306
0663203.jpg,578,172,858,452,708,306
0663204.jpg,580,176,856,452,708,306
0663205.jpg,580,176,856,452,708,308
0663206.jpg,581,176,857,452,708,309
0663207.jpg,581,177,857,453,708,312
0663208.jpg,581,177,857,453,709,312
0663209.jpg,581,176,857,452,709,312
0663210.jpg,580,176,856,452,711,313
0663211.jpg,577,176,853,452,712,311
0663212.jpg,577,176,853,452,714,311
0663213.jpg,577,176,853,452,715,311
0663214.jpg,577,176,853,452,717,309
0663215.jpg,577,177,853,453,717,308
0663216.jpg,577,178,853,454,718,308
0663217.jpg,577,178,853,454,718,307
0663218.jpg,576,179,852,455,719,306
0663219.jpg,574,177,854,457,719,305
0663220.jpg,574,178,854,458,718,306
0663221.jpg,574,178,854,458,718,306
0663222.jpg,572,179,852,459,718,306
0663223.jpg,572,180,852,460,718,306
0663224.jpg,566,177,854,465,717,305
0663225.jpg,566,177,854,465,717,305
0663226.jpg,565,177,853,465,718,305
0663227.jpg,564,177,854,467,718,307
0663228.jpg,562,175,856,469,716,305
0663229.jpg,562,175,856,469,717,307
0663230.jpg,560,173,858,471,716,306
0663231.jpg,563,175,857,469,716,306
0663232.jpg,567,175,861,469,717,307
0663233.jpg,580,170,874,464,717,308
0663234.jpg,585,157,873,445,718,308
0663235.jpg,598,160,870,432,717,308
0663236.jpg,610,158,880,428,717,310
0663237.jpg,614,161,876,423,718,310
0663238.jpg,614,161,876,423,718,309
0663239.jpg,612,155,874,417,719,310
0663240.jpg,610,152,876,418,718,310
0663241.jpg,609,152,875,418,719,309
0663242.jpg,609,152,875,418,720,312
0663243.jpg,609,151,875,417,720,311
0663244.jpg,611,153,873,415,720,312
0663245.jpg,611,153,873,415,719,311
0663246.jpg,611,153,873,415,719,311
0663247.jpg,611,153,873,415,720,314
0663248.jpg,611,153,873,415,720,314
0663249.jpg,609,151,875,417,720,315
0663250.jpg,609,152,875,418,720,313
0663251.jpg,609,152,875,418,719,314
0663252.jpg,609,152,875,418,719,314
0663253.jpg,609,152,875,418,719,313
0663254.jpg,609,152,875,418,718,314
0663255.jpg,609,152,875,418,718,314
0663256.jpg,609,152,875,418,717,316
0663257.jpg,609,152,875,418,717,316
0663258.jpg,609,152,875,418,718,316
0663259.jpg,609,152,875,418,718,316
0663260.jpg,609,152,875,418,717,316
0663261.jpg,609,152,875,418,717,316
0663262.jpg,609,152,875,418,716,317
0663263.jpg,608,152,874,418,717,316
0663264.jpg,607,150,873,416,716,316
0663265.jpg,609,152,871,414,716,316
0663266.jpg,609,152,871,414,716,315
0663267.jpg,609,152,871,414,715,317
0663268.jpg,609,152,871,414,714,318
0663269.jpg,607,150,873,416,712,318
0663270.jpg,607,150,873,416,712,318
0663271.jpg,607,150,873,416,711,317
0663272.jpg,607,151,873,417,710,317
0663273.jpg,607,151,873,417,710,317
0663274.jpg,606,151,872,417,711,317
0663275.jpg,606,151,872,417,712,317
0663276.jpg,603,149,873,419,712,317
0663277.jpg,603,149,873,419,714,317
0663278.jpg,602,149,872,419,718,315
0663279.jpg,601,149,871,419,724,313
0663280.jpg,598,148,870,420,732,310
0663281.jpg,596,146,872,422,739,307
0663282.jpg,595,145,871,421,744,303
0663283.jpg,595,145,871,421,748,302
0663284.jpg,596,147,868,419,749,300
0663285.jpg,596,147,868,419,748,299
0663286.jpg,596,147,868,419,747,298
0663287.jpg,595,147,867,419,746,297
0663288.jpg,595,150,867,422,889,343
0663289.jpg,595,151,867,423,943,324
0663290.jpg,596,152,868,424,969,302
0663291.jpg,599,153,871,425,927,294
0663292.jpg,599,154,871,426,974,278
0663293.jpg,599,155,871,427,996,118
0663294.jpg,599,155,871,427,1007,118
0663295.jpg,600,156,872,428,1011,117
0663296.jpg,600,156,872,428,1013,115
0663297.jpg,600,156,872,428,1016,112
0663298.jpg,601,157,871,427,1018,111
0663299.jpg,601,157,871,427,1116,82
0663300.jpg,601,157,871,427,1112,81
0663301.jpg,601,157,871,427,1111,80
0663302.jpg,600,157,870,427,1113,82
0663303.jpg,599,158,869,428,1116,83
0663304.jpg,597,166,869,438,1118,81
0663305.jpg,593,166,865,438,1120,83
0663306.jpg,589,167,861,439,1122,82
0663307.jpg,591,170,857,436,1124,83
0663309.jpg,585,173,847,435,1115,39
0663310.jpg,581,173,843,435,1113,43
0663311.jpg,574,170,844,440,1113,44
0663312.jpg,571,171,841,441,1114,44
0663313.jpg,569,171,841,443,1114,44
0663314.jpg,557,166,851,460,1114,43
0663315.jpg,555,165,853,463,1116,43
0663316.jpg,555,165,853,463,1116,44
0663317.jpg,553,164,855,466,1166,130
0663318.jpg,554,164,856,466,1173,132
0663319.jpg,554,164,856,466,1177,135
0663320.jpg,554,164,856,466,1178,135
0663321.jpg,554,164,856,466,1183,135
0663322.jpg,556,167,854,465,1179,134
0663323.jpg,556,167,854,465,1181,135
0663324.jpg,556,167,854,465,1182,136
0663325.jpg,556,169,854,467,1114,174
0663326.jpg,556,169,854,467,1080,210
0663327.jpg,555,170,853,468,1057,247
0663328.jpg,554,171,852,469,1056,232
0663329.jpg,551,176,849,474,1051,238
0663330.jpg,548,176,850,478,1048,239
0663331.jpg,548,176,850,478,1048,240
0663332.jpg,547,176,849,478,1047,239
0663333.jpg,547,176,849,478,1046,240
0663334.jpg,546,174,848,476,1046,240
0663335.jpg,545,174,847,476,897,339
0663337.jpg,547,176,845,474,751,290
0663338.jpg,547,176,845,474,745,301
0663339.jpg,545,176,843,474,743,301
0663340.jpg,544,176,842,474,742,302
0663341.jpg,544,175,842,473,743,303
0663342.jpg,544,173,842,471,743,302
0663343.jpg,544,172,842,470,742,303
0663344.jpg,540,168,846,474,742,302
0663345.jpg,539,167,845,473,742,305
0663346.jpg,538,166,846,474,742,306
0663347.jpg,534,163,846,475,742,306
0663348.jpg,534,163,846,475,743,305
0663349.jpg,534,163,846,475,742,307
0663350.jpg,537,160,849,472,742,307
0663351.jpg,538,157,850,469,742,307
0663352.jpg,542,159,850,467,743,309
0663353.jpg,545,160,851,466,744,310
0663354.jpg,547,160,853,466,744,310
0663355.jpg,553,164,851,462,744,309
0663356.jpg,556,164,854,462,745,311
0663357.jpg,557,164,855,462,746,310
0663358.jpg,557,161,855,459,746,310
0663359.jpg,559,159,853,453,746,312
0663360.jpg,559,159,853,453,746,312
0663361.jpg,558,158,852,452,745,312
0663362.jpg,557,156,851,450,743,313
0663363.jpg,555,154,849,448,743,313
0663364.jpg,555,149,849,443,740,314
0663365.jpg,555,149,849,443,737,313
0663366.jpg,558,148,846,436,733,313
0663367.jpg,560,149,844,433,729,314
0663368.jpg,561,148,845,432,726,315
0663369.jpg,561,148,845,432,724,314
0663370.jpg,561,147,845,431,722,314
0663371.jpg,560,147,844,431,719,316
0663372.jpg,560,147,844,431,717,316
0663373.jpg,560,147,844,431,715,315
0663374.jpg,558,147,842,431,711,315
0663375.jpg,558,147,842,431,709,318
0663376.jpg,560,149,840,429,709,316
0663377.jpg,560,149,840,429,708,314
0663378.jpg,560,149,840,429,708,314
0663379.jpg,556,145,844,433,708,315
0663380.jpg,555,146,843,434,709,316
0663381.jpg,555,147,843,435,709,317
0663382.jpg,555,147,843,435,710,318
0663383.jpg,554,147,842,435,709,318
0663384.jpg,553,151,841,439,710,319
0663385.jpg,553,151,841,439,710,318
0663386.jpg,551,150,841,440,710,318
0663387.jpg,551,150,841,440,712,318
0663388.jpg,550,150,840,440,711,319
0663389.jpg,550,145,840,435,711,320
0663390.jpg,547,142,841,436,711,322
0663391.jpg,547,142,841,436,710,325
0663392.jpg,547,142,841,436,708,324
0663393.jpg,547,142,841,436,706,326
0663394.jpg,547,142,841,436,704,328
0663395.jpg,549,144,839,434,702,329
0663396.jpg,550,144,840,434,700,330
0663397.jpg,551,142,841,432,699,326
0663398.jpg,553,142,841,430,699,324
0663399.jpg,563,148,839,424,699,325
0663400.jpg,568,150,840,422,699,323
0663401.jpg,571,150,841,420,697,322
0663402.jpg,573,150,843,420,697,324
0663403.jpg,576,150,846,420,697,325
0663404.jpg,577,150,847,420,697,324
0663405.jpg,584,153,850,419,696,323
0663406.jpg,586,154,852,420,695,324
0663407.jpg,587,154,853,420,695,323
0663408.jpg,587,155,853,421,695,324
0663409.jpg,588,155,854,421,694,324
0663410.jpg,588,155,854,421,694,324
0663411.jpg,588,155,854,421,692,323
0663412.jpg,588,155,854,421,691,318
0663413.jpg,588,155,854,421,692,321
0663414.jpg,588,155,854,421,691,321
0663415.jpg,589,155,855,421,689,322
0663416.jpg,589,155,855,421,689,322
0663417.jpg,591,157,853,419,691,322
0663418.jpg,591,157,853,419,691,320
0663419.jpg,591,156,853,418,693,319
0663420.jpg,589,154,855,420,695,316
0663421.jpg,589,154,855,420,696,314
0663422.jpg,587,151,859,423,699,312
0663423.jpg,585,148,861,424,700,311
0663424.jpg,581,148,857,424,704,310
0663425.jpg,579,146,855,422,706,311
0663426.jpg,581,140,857,416,708,310
0663427.jpg,586,135,852,401,710,309
0663428.jpg,596,138,854,396,711,306
0663429.jpg,598,140,852,394,711,306
0663430.jpg,598,140,852,394,711,304
0663431.jpg,599,141,851,393,711,304
0663432.jpg,600,143,848,391,708,304
0663433.jpg,598,143,846,391,706,302
0663434.jpg,598,143,846,391,705,300
0663435.jpg,588,141,840,393,706,299
0663436.jpg,576,140,838,402,707,296
0663437.jpg,572,138,838,404,708,296
0663438.jpg,568,140,834,406,710,297
0663439.jpg,563,138,835,410,711,297
0663440.jpg,547,142,823,418,710,297
0663441.jpg,539,138,823,422,710,297
0663442.jpg,536,138,820,422,711,297
0663443.jpg,532,137,822,427,711,297
0663444.jpg,529,137,823,431,711,298
0663445.jpg,525,147,827,449,710,299
0663446.jpg,522,147,830,455,708,298
0663447.jpg,522,147,830,455,708,298
0663448.jpg,521,148,833,460,707,298
0663449.jpg,517,148,837,468,706,299
0663450.jpg,518,148,838,468,706,298
0663451.jpg,518,149,838,469,708,299
0663452.jpg,517,149,837,469,707,299
0663453.jpg,520,151,840,471,707,298
0663454.jpg,524,158,836,470,707,299
0663455.jpg,526,160,834,468,707,300
0663456.jpg,529,161,835,467,708,299
0663457.jpg,530,161,836,467,707,301
0663458.jpg,531,160,837,466,706,300
0663459.jpg,531,159,837,465,704,302
0663460.jpg,531,159,837,465,703,302
0663461.jpg,533,161,835,463,703,301
0663462.jpg,531,159,837,465,702,301
0663463.jpg,531,160,837,466,701,302
0663464.jpg,533,164,835,466,701,302
0663465.jpg,531,162,837,468,700,301
0663466.jpg,531,162,837,468,835,359
0663467.jpg,531,163,837,469,992,445
0663468.jpg,531,163,837,469,998,144
0663469.jpg,531,164,837,470,1010,141
0663470.jpg,533,167,839,473,1008,139
0663471.jpg,533,167,839,473,1005,135
0663472.jpg,535,169,837,471,1002,132
0663473.jpg,535,169,837,471,1000,130
0663474.jpg,535,169,837,471,994,132
0663475.jpg,537,169,839,471,991,131
0663476.jpg,536,167,842,473,989,131
0663477.jpg,536,167,842,473,989,134
0663478.jpg,537,167,843,473,989,134
0663479.jpg,538,166,844,472,988,137
0663480.jpg,539,164,845,470,988,140
0663481.jpg,539,164,845,470,987,141
0663482.jpg,539,164,845,470,988,144
0663483.jpg,539,164,845,470,989,145
0663484.jpg,539,165,845,471,990,146
0663485.jpg,539,165,845,471,989,147
0663486.jpg,538,164,846,472,989,147
0663487.jpg,538,164,846,472,991,147
0663488.jpg,538,163,846,471,858,348
0663489.jpg,538,163,846,471,852,350
0663490.jpg,539,163,845,469,853,348
0663491.jpg,539,161,845,467,854,349
0663492.jpg,539,161,845,467,854,348
0663493.jpg,539,161,845,467,854,349
0663494.jpg,539,161,845,467,854,349
0663495.jpg,539,161,845,467,858,348
0663496.jpg,538,160,846,468,859,348
0663497.jpg,538,160,846,468,743,298
0663498.jpg,538,160,846,468,457,392
0663499.jpg,539,161,845,467,284,247
0663500.jpg,546,164,844,462,288,254
0663501.jpg,546,163,844,461,287,255
0663502.jpg,547,161,845,459,286,255
0663503.jpg,550,161,848,459,287,255
0663504.jpg,552,158,850,456,288,255
0663505.jpg,558,154,856,452,288,254
0663506.jpg,561,151,859,449,287,255
0663507.jpg,564,150,862,448,285,255
