0671000.jpg,52,279,350,577,697,245
0671001.jpg,53,279,351,577,722,242
0671002.jpg,48,274,356,582,728,241
0671003.jpg,53,280,351,578,732,241
0671004.jpg,55,280,353,578,734,241
0671005.jpg,55,280,353,578,736,243
0671006.jpg,55,280,353,578,740,240
0671007.jpg,55,280,353,578,747,238
0671008.jpg,54,280,352,578,755,237
0671009.jpg,54,280,352,578,756,237
0671010.jpg,54,280,352,578,765,236
0671011.jpg,53,280,351,578,777,233
0671012.jpg,53,280,351,578,792,233
0671013.jpg,53,280,351,578,809,233
0671014.jpg,53,280,351,578,810,233
0671015.jpg,53,280,351,578,825,235
0671016.jpg,54,280,352,578,853,231
0671017.jpg,56,282,350,576,867,225
0671018.jpg,56,282,350,576,869,223
0671019.jpg,56,282,350,576,879,216
0671020.jpg,57,282,351,576,886,217
0671021.jpg,57,282,351,576,913,208
0671022.jpg,57,282,351,576,919,207
0671023.jpg,53,278,355,580,934,208
0671024.jpg,46,271,362,587,948,212
0671025.jpg,46,271,362,587,932,214
0671026.jpg,46,271,362,587,950,213
0671027.jpg,46,271,362,587,953,211
0671028.jpg,46,270,362,586,954,211
0671029.jpg,46,270,362,586,951,211
0671030.jpg,46,270,362,586,948,210
0671031.jpg,46,269,362,585,946,209
0671032.jpg,46,269,362,585,878,226
0671033.jpg,46,269,362,585,894,240
0671034.jpg,46,269,362,585,893,235
0671035.jpg,46,269,362,585,894,235
0671036.jpg,45,268,361,584,884,227
0671037.jpg,45,268,361,584,877,226
0671038.jpg,45,268,361,584,871,226
0671039.jpg,44,268,360,584,872,226
0671040.jpg,46,269,358,581,864,229
0671041.jpg,48,268,356,576,856,236
0671042.jpg,48,267,356,575,854,238
0671043.jpg,48,267,356,575,854,238
0671044.jpg,49,268,355,574,855,236
0671045.jpg,48,268,354,574,854,234
0671046.jpg,48,268,354,574,848,227
0671047.jpg,48,268,354,574,849,228
0671048.jpg,48,268,354,574,846,228
0671049.jpg,48,270,354,576,843,231
0671050.jpg,48,270,354,576,842,234
0671051.jpg,46,269,354,577,839,234
0671052.jpg,43,267,355,579,834,233
0671053.jpg,43,266,355,578,829,230
0671054.jpg,43,266,355,578,831,227
0671055.jpg,43,266,355,578,833,226
0671056.jpg,42,268,350,576,911,604
0671057.jpg,42,268,350,576,864,678
0671058.jpg,42,268,350,576,-1,-1
0671059.jpg,40,269,352,581,-1,-1
0671060.jpg,37,268,353,584,-1,-1
0671061.jpg,37,269,353,585,-1,-1
0671062.jpg,36,269,352,585,-1,-1
0671063.jpg,36,269,352,585,-1,-1
0671064.jpg,36,270,352,586,-1,-1
0671065.jpg,36,270,352,586,-1,-1
0671066.jpg,34,269,354,589,-1,-1
0671067.jpg,34,269,354,589,-1,-1
0671068.jpg,34,269,354,589,-1,-1
0671069.jpg,34,269,354,589,-1,-1
0671070.jpg,34,268,354,588,-1,-1
0671071.jpg,36,267,352,583,-1,-1
0671072.jpg,36,267,352,583,-1,-1
0671073.jpg,38,269,350,581,-1,-1
0671074.jpg,38,269,350,581,690,476
0671075.jpg,40,268,348,576,762,419
0671076.jpg,41,267,349,575,793,238
0671077.jpg,42,267,348,573,816,237
0671078.jpg,43,265,349,571,829,236
0671079.jpg,44,265,350,571,837,236
0671080.jpg,45,265,351,571,842,236
0671081.jpg,45,265,351,571,852,234
0671082.jpg,45,265,351,571,860,231
0671083.jpg,44,264,352,572,865,229
0671084.jpg,43,264,351,572,871,230
0671085.jpg,43,264,351,572,873,229
0671086.jpg,43,265,351,573,875,228
0671087.jpg,45,265,353,573,877,228
0671088.jpg,46,266,352,572,875,230
0671089.jpg,46,266,352,572,853,228
0671090.jpg,47,266,353,572,860,230
0671091.jpg,47,266,353,572,852,231
0671092.jpg,51,268,353,570,838,238
0671093.jpg,51,268,353,570,838,236
0671094.jpg,51,268,353,570,838,230
0671095.jpg,52,268,354,570,836,229
0671096.jpg,53,269,355,571,836,230
0671097.jpg,53,269,355,571,833,231
0671098.jpg,53,269,355,571,830,231
0671099.jpg,53,269,355,571,829,231
0671100.jpg,53,269,355,571,823,238
0671101.jpg,53,269,355,571,823,233
0671102.jpg,53,269,355,571,821,235
0671103.jpg,53,269,355,571,821,235
0671104.jpg,55,271,353,569,819,235
0671105.jpg,55,272,353,570,808,370
0671106.jpg,55,273,353,571,820,372
0671107.jpg,55,273,353,571,824,373
0671108.jpg,54,273,352,571,826,373
0671109.jpg,54,272,352,570,826,372
0671110.jpg,52,270,354,572,825,372
0671111.jpg,52,270,354,572,780,264
0671112.jpg,54,267,352,565,799,252
0671113.jpg,57,266,351,560,803,248
0671114.jpg,57,266,351,560,805,248
0671115.jpg,57,266,351,560,807,247
0671116.jpg,57,266,351,560,811,242
0671117.jpg,53,264,355,566,816,243
0671118.jpg,53,264,355,566,819,241
0671119.jpg,53,265,355,567,820,242
0671120.jpg,52,268,354,570,816,247
0671121.jpg,54,271,352,569,813,250
0671122.jpg,54,272,352,570,806,253
0671123.jpg,55,273,353,571,804,253
0671124.jpg,55,273,353,571,784,252
0671125.jpg,55,273,353,571,800,256
0671126.jpg,56,273,354,571,799,256
0671127.jpg,56,273,354,571,799,258
0671128.jpg,56,273,354,571,800,259
0671129.jpg,56,272,354,570,800,260
0671130.jpg,54,271,352,569,801,262
0671131.jpg,54,271,352,569,802,261
0671132.jpg,54,270,352,568,816,265
0671133.jpg,52,267,354,569,827,267
0671134.jpg,50,264,356,570,835,271
0671135.jpg,50,264,356,570,835,271
0671136.jpg,50,264,356,570,795,259
0671137.jpg,53,268,351,566,809,243
0671138.jpg,52,268,350,566,838,645
0671139.jpg,52,268,350,566,849,648
0671140.jpg,50,268,352,570,857,642
0671141.jpg,49,270,351,572,295,385
0671142.jpg,48,270,350,572,309,346
0671143.jpg,46,269,352,575,321,344
0671144.jpg,42,272,350,580,321,343
0671145.jpg,41,274,349,582,322,343
0671146.jpg,41,274,349,582,320,344
0671147.jpg,41,274,349,582,321,343
0671148.jpg,41,274,349,582,321,343
0671149.jpg,42,275,348,581,322,344
0671150.jpg,42,275,348,581,322,344
0671151.jpg,42,272,348,578,322,343
0671152.jpg,42,270,348,576,323,343
0671153.jpg,42,268,348,574,417,612
0671154.jpg,42,268,348,574,857,693
0671155.jpg,42,268,348,574,1168,697
0671156.jpg,42,268,348,574,1249,578
0671157.jpg,43,269,349,575,1247,586
0671158.jpg,42,269,350,577,1246,588
0671159.jpg,42,269,350,577,1245,587
0671160.jpg,42,269,350,577,1244,585
0671161.jpg,42,270,350,578,1244,588
0671162.jpg,44,272,352,580,1240,585
0671163.jpg,44,275,352,583,1237,584
0671164.jpg,47,278,349,580,1236,583
0671165.jpg,48,280,346,578,1231,581
0671166.jpg,47,281,345,579,1224,582
0671167.jpg,48,283,342,577,797,693
0671168.jpg,48,283,342,577,777,693
0671169.jpg,48,283,342,577,771,693
0671170.jpg,45,281,343,579,768,693
0671171.jpg,45,281,343,579,-1,-1
0671172.jpg,40,275,348,583,-1,-1
0671173.jpg,38,271,350,583,274,404
0671174.jpg,38,265,350,577,-1,-1
0671175.jpg,36,262,348,574,-1,-1
0671176.jpg,34,263,342,571,-1,-1
0671177.jpg,31,263,339,571,-1,-1
0671178.jpg,28,263,334,569,-1,-1
0671179.jpg,26,263,332,569,-1,-1
0671180.jpg,23,263,329,569,22,379
0671181.jpg,23,263,329,569,22,377
0671182.jpg,20,264,326,570,-1,-1
0671183.jpg,19,265,327,573,-1,-1
0671184.jpg,18,267,326,575,-1,-1
0671185.jpg,18,267,326,575,-1,-1
0671186.jpg,17,270,325,578,-1,-1
0671187.jpg,16,273,324,581,-1,-1
0671188.jpg,14,274,322,582,-1,-1
0671189.jpg,14,274,322,582,-1,-1
0671190.jpg,14,274,322,582,-1,-1
0671191.jpg,14,275,322,583,-1,-1
0671192.jpg,14,275,322,583,-1,-1
0671193.jpg,15,275,323,583,-1,-1
0671194.jpg,16,275,322,581,-1,-1
0671195.jpg,19,269,325,575,37,612
0671196.jpg,29,267,331,569,189,673
0671197.jpg,36,260,338,562,474,686
0671198.jpg,46,257,348,559,764,240
0671199.jpg,56,258,354,556,767,239
0671200.jpg,58,258,356,556,763,243
0671201.jpg,69,262,359,552,761,244
0671202.jpg,69,263,359,553,759,247
0671203.jpg,70,264,360,554,762,248
0671204.jpg,70,266,360,556,769,249
0671205.jpg,70,266,360,556,780,252
0671206.jpg,68,264,362,558,781,255
0671207.jpg,68,264,362,558,805,255
0671208.jpg,67,264,361,558,823,253
0671209.jpg,65,263,363,561,846,253
0671210.jpg,65,264,363,562,849,253
0671211.jpg,67,264,365,562,857,253
0671212.jpg,67,264,365,562,900,253
0671213.jpg,66,263,368,565,923,252
0671214.jpg,65,264,367,566,840,237
0671215.jpg,63,262,369,568,869,244
0671216.jpg,61,262,367,568,885,249
0671217.jpg,61,262,367,568,896,261
0671218.jpg,60,262,366,568,898,259
0671219.jpg,60,262,366,568,898,266
0671220.jpg,59,263,365,569,901,274
0671221.jpg,59,263,365,569,902,279
0671222.jpg,58,264,366,572,901,285
0671223.jpg,58,265,366,573,899,289
0671224.jpg,57,267,365,575,899,290
0671225.jpg,55,265,367,577,898,290
0671226.jpg,54,265,366,577,897,290
0671227.jpg,54,265,366,577,897,291
0671228.jpg,56,267,364,575,894,291
0671229.jpg,54,266,362,574,891,293
0671230.jpg,54,266,362,574,887,290
0671231.jpg,54,266,362,574,886,290
0671232.jpg,54,263,362,571,877,286
0671233.jpg,55,264,361,570,871,284
0671234.jpg,55,264,361,570,866,280
0671235.jpg,55,264,361,570,866,281
0671236.jpg,55,264,361,570,859,277
0671237.jpg,51,262,363,574,851,274
0671238.jpg,51,262,363,574,844,271
0671239.jpg,51,262,363,574,844,272
0671240.jpg,49,260,365,576,840,269
0671241.jpg,48,260,364,576,833,266
0671242.jpg,48,260,364,576,826,267
0671243.jpg,48,261,364,577,825,266
0671244.jpg,50,263,362,575,821,267
0671245.jpg,50,263,362,575,817,269
0671246.jpg,52,265,360,573,814,269
0671247.jpg,52,265,360,573,810,270
0671248.jpg,52,266,360,574,810,269
0671249.jpg,52,266,360,574,811,268
0671250.jpg,52,266,360,574,811,269
0671251.jpg,53,267,359,573,810,269
0671252.jpg,53,267,359,573,812,268
0671253.jpg,53,267,359,573,809,271
0671254.jpg,54,266,360,572,814,268
0671255.jpg,55,266,361,572,817,265
0671256.jpg,56,266,362,572,819,264
0671257.jpg,57,266,363,572,820,264
0671258.jpg,57,266,363,572,826,263
0671259.jpg,57,266,363,572,829,264
0671260.jpg,57,266,363,572,830,265
0671261.jpg,57,266,363,572,833,265
0671262.jpg,55,267,361,573,834,264
0671263.jpg,53,266,361,574,838,263
0671264.jpg,53,266,361,574,839,265
0671265.jpg,53,266,361,574,839,265
0671266.jpg,53,265,361,573,840,264
0671267.jpg,53,265,361,573,842,264
0671268.jpg,53,265,361,573,844,263
0671269.jpg,53,265,361,573,846,263
0671270.jpg,53,264,361,572,847,263
0671271.jpg,53,264,361,572,848,264
0671272.jpg,53,264,361,572,846,264
0671273.jpg,52,264,360,572,843,268
0671274.jpg,52,264,360,572,834,271
0671275.jpg,52,264,360,572,824,275
0671276.jpg,52,264,360,572,821,276
0671277.jpg,52,264,360,572,818,277
0671278.jpg,52,264,360,572,817,279
0671279.jpg,53,264,361,572,821,274
0671280.jpg,53,265,361,573,824,266
0671281.jpg,53,265,361,573,821,269
0671282.jpg,53,265,361,573,820,261
0671283.jpg,53,265,361,573,819,252
0671284.jpg,53,265,361,573,822,254
0671285.jpg,53,265,361,573,822,254
0671286.jpg,54,265,362,573,824,255
0671287.jpg,54,265,362,573,824,255
0671288.jpg,55,265,363,573,830,253
0671289.jpg,55,265,363,573,829,253
0671290.jpg,53,263,365,575,831,253
0671291.jpg,55,266,363,574,833,252
0671292.jpg,54,265,362,573,832,251
0671293.jpg,54,265,362,573,833,250
0671294.jpg,55,266,363,574,835,251
0671295.jpg,55,266,363,574,833,251
0671296.jpg,56,267,362,573,833,251
0671297.jpg,56,267,362,573,831,252
0671298.jpg,56,267,362,573,831,250
0671299.jpg,56,267,362,573,833,248
0671300.jpg,55,266,363,574,834,248
0671301.jpg,55,265,363,573,838,246
0671302.jpg,55,265,363,573,840,246
0671303.jpg,55,265,363,573,848,237
0671304.jpg,55,265,363,573,1225,448
0671305.jpg,55,266,361,572,752,671
0671306.jpg,55,266,361,572,737,671
0671307.jpg,54,265,362,573,749,670
0671308.jpg,54,266,362,574,732,669
0671309.jpg,54,267,362,575,730,668
0671310.jpg,54,267,362,575,733,665
0671311.jpg,54,268,362,576,732,665
0671312.jpg,54,268,362,576,731,666
0671313.jpg,55,270,363,578,732,666
0671314.jpg,55,270,363,578,731,666
0671315.jpg,53,268,365,580,1091,612
0671316.jpg,53,268,365,580,834,261
0671317.jpg,54,266,366,578,854,257
0671318.jpg,55,266,363,574,858,256
0671319.jpg,56,266,364,574,861,255
0671320.jpg,57,266,363,572,863,256
0671321.jpg,57,266,363,572,866,256
0671322.jpg,57,266,363,572,870,257
0671323.jpg,58,266,364,572,878,256
0671324.jpg,57,265,365,573,887,256
0671325.jpg,55,264,367,576,901,255
0671326.jpg,55,268,367,580,914,258
0671327.jpg,55,268,367,580,923,256
0671328.jpg,54,268,366,580,948,257
0671329.jpg,58,277,360,579,964,255
0671330.jpg,58,277,360,579,975,253
0671331.jpg,58,277,360,579,894,242
0671332.jpg,58,277,360,579,1109,479
0671333.jpg,56,275,362,581,826,653
0671334.jpg,55,275,361,581,860,660
0671335.jpg,54,275,360,581,866,660
0671336.jpg,54,275,360,581,1245,427
0671337.jpg,53,275,359,581,1244,424
0671338.jpg,52,272,358,578,1245,426
0671339.jpg,54,273,356,575,1245,425
0671340.jpg,54,268,356,570,1245,425
0671341.jpg,57,263,351,557,1245,424
0671342.jpg,57,262,351,556,1244,424
0671343.jpg,58,262,352,556,1245,418
0671344.jpg,58,262,352,556,1246,417
0671345.jpg,59,262,353,556,1247,414
0671346.jpg,60,262,354,556,1246,414
0671347.jpg,60,262,354,556,1248,412
0671348.jpg,64,267,354,557,1246,412
0671349.jpg,64,270,354,560,1247,418
0671350.jpg,67,273,357,563,1238,416
0671351.jpg,67,275,357,565,1234,421
0671352.jpg,66,273,360,567,1234,421
0671353.jpg,66,278,360,572,1232,430
0671354.jpg,65,280,359,574,1230,430
0671355.jpg,65,281,359,575,1229,429
0671356.jpg,65,282,359,576,1227,428
0671357.jpg,60,278,362,580,1227,426
0671358.jpg,59,278,361,580,1233,424
0671359.jpg,58,278,360,580,1238,427
0671360.jpg,56,278,358,580,1240,428
0671361.jpg,58,280,356,578,1242,431
0671362.jpg,58,277,356,575,1243,431
0671363.jpg,62,275,352,565,1246,428
0671364.jpg,62,275,352,565,1247,429
0671365.jpg,62,274,352,564,1247,430
0671366.jpg,62,275,350,563,1245,429
0671367.jpg,61,274,351,564,1245,429
0671368.jpg,61,274,351,564,1244,428
0671369.jpg,61,275,351,565,1245,429
0671370.jpg,61,277,351,567,1244,427
0671371.jpg,61,278,351,568,1245,427
0671372.jpg,59,276,353,570,1244,427
0671373.jpg,59,279,353,573,1244,427
0671374.jpg,56,279,354,577,1244,429
0671375.jpg,55,281,353,579,1244,431
0671376.jpg,55,282,353,580,1245,431
0671377.jpg,55,283,353,581,1244,431
0671378.jpg,54,286,352,584,1244,433
0671379.jpg,54,286,352,584,1245,433
0671380.jpg,54,286,352,584,1244,433
0671381.jpg,54,286,352,584,1245,433
0671382.jpg,54,284,352,582,1245,434
0671383.jpg,48,278,346,576,840,694
0671384.jpg,42,271,350,579,406,692
0671385.jpg,42,271,350,579,377,696
0671386.jpg,38,267,346,575,200,673
0671387.jpg,34,266,342,574,19,468
0671388.jpg,25,263,331,569,25,375
0671389.jpg,24,263,330,569,-1,-1
0671390.jpg,24,265,326,567,-1,-1
0671391.jpg,21,263,327,569,-1,-1
0671392.jpg,19,265,325,571,-1,-1
0671393.jpg,19,265,325,571,-1,-1
0671394.jpg,18,273,324,579,-1,-1
0671395.jpg,17,281,323,587,-1,-1
0671396.jpg,15,285,321,591,-1,-1
0671397.jpg,16,288,318,590,-1,-1
0671398.jpg,14,288,316,590,-1,-1
0671399.jpg,13,288,315,590,-1,-1
0671400.jpg,13,288,315,590,-1,-1
0671401.jpg,13,288,315,590,-1,-1
0671402.jpg,13,288,315,590,-1,-1
0671403.jpg,11,280,317,586,-1,-1
0671404.jpg,11,272,317,578,-1,-1
0671405.jpg,12,269,318,575,-1,-1
0671406.jpg,12,268,318,574,-1,-1
0671407.jpg,14,265,320,571,-1,-1
0671408.jpg,19,264,321,566,-1,-1
0671409.jpg,20,263,322,565,-1,-1
0671410.jpg,20,263,322,565,-1,-1
0671411.jpg,20,263,322,565,-1,-1
0671412.jpg,19,263,321,565,-1,-1
0671413.jpg,18,265,320,567,-1,-1
0671414.jpg,17,265,319,567,-1,-1
0671415.jpg,16,266,318,568,-1,-1
0671416.jpg,16,269,318,571,-1,-1
0671417.jpg,14,272,316,574,-1,-1
0671418.jpg,15,276,313,574,-1,-1
0671419.jpg,15,276,313,574,-1,-1
0671420.jpg,10,277,308,575,-1,-1
0671421.jpg,9,277,307,575,-1,-1
0671422.jpg,9,277,307,575,-1,-1
0671423.jpg,9,276,307,574,-1,-1
0671424.jpg,14,273,302,561,-1,-1
0671425.jpg,15,269,303,557,-1,-1
0671426.jpg,19,267,307,555,-1,-1
0671427.jpg,20,267,308,555,-1,-1
0671428.jpg,22,267,310,555,-1,-1
0671429.jpg,21,265,311,555,-1,-1
0671430.jpg,19,264,313,558,-1,-1
0671431.jpg,19,264,313,558,-1,-1
0671432.jpg,20,264,314,558,-1,-1
0671433.jpg,18,263,316,561,-1,-1
0671434.jpg,18,269,316,567,-1,-1
0671435.jpg,18,269,316,567,-1,-1
0671436.jpg,16,273,314,571,-1,-1
0671437.jpg,19,280,309,570,-1,-1
0671438.jpg,14,280,304,570,-1,-1
0671439.jpg,9,280,299,570,-1,-1
0671440.jpg,6,280,296,570,-1,-1
0671441.jpg,0,278,290,568,-1,-1
0671442.jpg,-10,268,280,558,-1,-1
0671443.jpg,-13,265,275,553,-1,-1
0671444.jpg,-14,263,274,551,-1,-1
0671445.jpg,-16,262,272,550,-1,-1
0671446.jpg,-16,261,272,549,-1,-1
0671447.jpg,-16,261,272,549,-1,-1
0671448.jpg,-16,261,272,549,-1,-1
0671449.jpg,-11,261,277,549,-1,-1
0671450.jpg,-11,260,279,550,-1,-1
0671451.jpg,-6,258,288,552,-1,-1
0671452.jpg,-5,258,289,552,-1,-1
0671453.jpg,-1,260,293,554,-1,-1
0671454.jpg,4,263,306,565,-1,-1
0671455.jpg,6,260,318,572,-1,-1
0671456.jpg,7,260,319,572,-1,-1
0671457.jpg,12,260,324,572,-1,-1
0671458.jpg,24,262,332,570,203,669
0671459.jpg,41,259,349,567,723,690
0671460.jpg,41,258,349,566,701,680
0671461.jpg,56,259,354,557,882,240
0671462.jpg,68,262,358,552,894,247
0671463.jpg,72,259,362,549,894,246
0671464.jpg,72,258,362,548,895,243
0671465.jpg,73,258,363,548,896,243
0671466.jpg,69,254,367,552,896,242
0671467.jpg,70,254,368,552,897,242
0671468.jpg,72,255,370,553,897,241
0671469.jpg,77,263,367,553,899,241
0671470.jpg,78,264,368,554,899,243
0671471.jpg,79,265,367,553,900,246
0671472.jpg,80,265,368,553,901,248
0671473.jpg,80,265,368,553,902,249
0671474.jpg,82,265,370,553,904,255
0671475.jpg,82,265,370,553,904,257
0671476.jpg,82,265,370,553,903,259
0671477.jpg,82,265,370,553,903,258
0671478.jpg,82,265,370,553,903,260
0671479.jpg,83,265,371,553,905,255
0671480.jpg,82,265,370,553,907,250
0671481.jpg,81,265,369,553,909,251
0671482.jpg,78,260,372,554,907,245
0671483.jpg,76,258,374,556,905,243
0671484.jpg,73,255,375,557,895,238
0671485.jpg,74,255,376,557,894,239
0671486.jpg,74,254,376,556,887,234
0671487.jpg,76,256,374,554,878,233
0671488.jpg,76,256,374,554,870,234
0671489.jpg,76,256,374,554,865,236
0671490.jpg,76,257,374,555,860,236
0671491.jpg,78,259,372,553,856,236
0671492.jpg,82,262,370,550,854,234
0672000.jpg,544,68,870,394,192,410
0672001.jpg,543,73,873,403,205,430
0672002.jpg,554,71,888,405,205,431
0672003.jpg,561,71,895,405,206,431
0672004.jpg,563,64,897,398,205,432
0672005.jpg,572,73,888,389,205,432
0672006.jpg,577,72,893,388,205,431
0672007.jpg,583,72,899,388,205,431
0672008.jpg,588,69,908,389,205,432
0672009.jpg,589,70,909,390,205,433
0672010.jpg,594,70,914,390,206,433
0672011.jpg,594,52,950,408,205,432
0672012.jpg,602,51,962,411,206,432
0672013.jpg,610,43,988,421,205,432
0672014.jpg,611,42,989,420,205,434
0672015.jpg,626,42,1004,420,206,434
0672016.jpg,664,43,1038,417,107,506
0672017.jpg,675,30,1045,400,116,510
0672018.jpg,681,32,1041,392,115,510
0672019.jpg,685,31,1045,391,115,510
0672020.jpg,707,26,1077,396,115,510
0672021.jpg,699,8,1105,414,116,509
0672022.jpg,700,8,1106,414,117,510
0672023.jpg,705,8,1111,414,116,511
0672024.jpg,727,17,1133,423,188,665
0672025.jpg,722,16,1142,436,192,665
0672026.jpg,722,31,1142,451,192,665
0672027.jpg,718,30,1146,458,193,664
0672028.jpg,715,30,1143,458,193,664
0672029.jpg,713,30,1141,458,192,664
0672030.jpg,710,30,1138,458,193,664
0672031.jpg,713,32,1129,448,751,312
0672032.jpg,712,30,1126,444,754,315
0672033.jpg,713,30,1123,440,752,315
0672034.jpg,708,23,1122,437,766,190
0672035.jpg,708,23,1122,437,749,193
0672036.jpg,697,18,1111,432,739,192
0672037.jpg,686,14,1106,434,763,168
0672038.jpg,675,14,1095,434,728,171
0672039.jpg,675,14,1095,434,726,171
0672040.jpg,667,15,1087,435,715,173
0672041.jpg,654,28,1060,434,701,176
0672042.jpg,653,28,1059,434,698,176
0672043.jpg,653,28,1059,434,697,176
0672044.jpg,652,28,1058,434,697,178
0672045.jpg,642,17,1066,441,696,178
0672046.jpg,640,17,1064,441,696,180
0672047.jpg,637,15,1065,443,694,181
0672048.jpg,632,13,1064,445,691,181
0672049.jpg,628,16,1060,448,690,182
0672050.jpg,632,21,1056,445,688,182
0672051.jpg,634,28,1044,438,686,182
0672052.jpg,633,28,1043,438,685,183
0672053.jpg,634,30,1040,436,684,183
0672054.jpg,637,35,1033,431,683,183
0672055.jpg,637,34,1033,430,684,182
0672056.jpg,637,33,1033,429,683,183
0672057.jpg,636,32,1032,428,681,182
0672058.jpg,632,27,1034,429,679,182
0672059.jpg,629,25,1035,431,681,183
0672060.jpg,624,21,1038,435,682,183
0672061.jpg,599,14,1031,446,673,184
0672062.jpg,590,9,1032,451,668,183
0672063.jpg,590,9,1032,451,661,183
0672064.jpg,589,11,1031,453,659,184
0672065.jpg,593,20,1017,444,655,181
0672066.jpg,593,22,1017,446,650,182
0672067.jpg,593,23,1017,447,649,182
0672068.jpg,593,23,1017,447,649,182
0672069.jpg,587,28,1015,456,648,181
0672070.jpg,586,28,1014,456,415,606
0672071.jpg,582,28,1010,456,30,323
0672072.jpg,586,32,1006,452,30,320
0672073.jpg,588,29,1004,445,30,319
0672074.jpg,593,27,1007,441,30,319
0672075.jpg,600,25,1010,435,30,319
0672076.jpg,605,26,1011,432,30,319
0672077.jpg,607,25,1013,431,30,320
0672078.jpg,611,23,1017,429,31,319
0672079.jpg,617,25,1019,427,31,319
0672080.jpg,624,25,1026,427,30,320
0672081.jpg,631,20,1041,430,30,319
0672082.jpg,639,14,1053,428,30,320
0672083.jpg,643,14,1057,428,30,319
0672084.jpg,646,14,1060,428,31,319
0672085.jpg,649,16,1059,426,31,319
0672086.jpg,653,19,1055,421,30,320
0672087.jpg,655,21,1053,419,30,321
0672088.jpg,657,20,1053,416,130,370
0672089.jpg,655,20,1051,416,121,375
0672090.jpg,659,26,1047,414,200,398
0672091.jpg,665,37,1031,403,204,420
0672092.jpg,661,47,1023,409,205,421
0672093.jpg,665,52,1017,404,206,422
0672094.jpg,661,52,1013,404,206,422
0672095.jpg,661,58,1005,402,206,423
0672096.jpg,661,59,1005,403,206,425
0672097.jpg,661,60,1003,402,205,424
0672098.jpg,659,58,1001,400,205,426
0672099.jpg,656,57,1000,401,205,425
0672100.jpg,656,57,1000,401,206,425
0672101.jpg,656,58,998,400,206,427
0672102.jpg,648,57,986,395,205,428
0672103.jpg,649,59,983,393,205,427
0672104.jpg,646,58,980,392,205,428
0672105.jpg,643,56,977,390,205,429
0672106.jpg,643,56,977,390,204,428
0672107.jpg,648,61,972,385,204,430
0672108.jpg,648,63,972,387,204,429
0672109.jpg,648,60,972,384,205,429
0672110.jpg,649,60,973,384,204,430
0672111.jpg,647,56,981,390,205,429
0672112.jpg,650,56,984,390,205,425
0672113.jpg,645,51,989,395,204,423
0672114.jpg,641,35,993,387,205,424
0672115.jpg,640,34,992,386,205,422
0672116.jpg,639,34,991,386,204,422
0672117.jpg,641,38,985,382,205,426
0672118.jpg,635,34,987,386,204,426
0672119.jpg,629,29,991,391,205,427
0672120.jpg,624,44,986,406,205,428
0672121.jpg,619,49,975,405,205,429
0672122.jpg,615,51,971,407,205,431
0672123.jpg,610,53,966,409,206,431
0672124.jpg,610,54,966,410,205,431
0672125.jpg,601,52,963,414,206,432
0672126.jpg,595,49,965,419,206,431
0672127.jpg,590,49,964,423,206,430
0672128.jpg,587,49,965,427,208,436
0672129.jpg,587,51,965,429,131,477
0672130.jpg,586,53,966,433,107,572
0672131.jpg,584,51,968,435,75,578
0672132.jpg,589,48,985,444,198,683
0672133.jpg,600,54,1006,460,196,682
0672134.jpg,605,54,1011,460,196,682
0672135.jpg,602,50,1016,464,368,690
0672136.jpg,608,46,1022,460,816,682
0672137.jpg,630,48,1040,458,793,674
0672138.jpg,633,47,1043,457,797,675
0672139.jpg,633,47,1043,457,831,674
0672140.jpg,640,46,1050,456,843,674
0672141.jpg,652,45,1062,455,854,677
0672142.jpg,667,44,1077,454,862,677
0672143.jpg,669,38,1085,454,863,676
0672144.jpg,677,38,1093,454,850,678
0672145.jpg,689,38,1105,454,860,676
0672146.jpg,702,35,1118,451,868,675
0672147.jpg,710,31,1134,455,1243,687
0672148.jpg,727,31,1151,455,1263,580
0672149.jpg,741,35,1165,459,1245,358
0672150.jpg,753,40,1167,454,1244,355
0672151.jpg,764,40,1180,456,1245,354
0672152.jpg,777,42,1191,456,1245,350
0672153.jpg,783,43,1197,457,1245,348
0672154.jpg,791,47,1197,453,1245,348
0672155.jpg,796,51,1198,453,1245,347
0672156.jpg,796,51,1198,453,1244,348
0672157.jpg,798,51,1200,453,1244,348
0672158.jpg,798,51,1200,453,1244,348
0672159.jpg,796,48,1202,454,1244,346
0672160.jpg,796,48,1202,454,1244,347
0672161.jpg,794,47,1200,453,1252,330
0672162.jpg,782,42,1196,456,1243,646
0672163.jpg,772,42,1186,456,1221,670
0672164.jpg,771,40,1187,456,1214,669
0672165.jpg,760,40,1176,456,1211,674
0672166.jpg,744,34,1172,462,1166,665
0672167.jpg,731,29,1159,457,650,679
0672168.jpg,735,32,1151,448,694,690
0672169.jpg,715,27,1129,441,194,688
0672170.jpg,702,34,1094,426,191,437
0672171.jpg,702,40,1090,428,200,443
0672172.jpg,660,40,1048,428,199,440
0672173.jpg,649,40,1037,428,197,439
0672174.jpg,625,38,1017,430,195,435
0672175.jpg,615,36,1011,432,194,434
0672176.jpg,611,35,1009,433,191,432
0672177.jpg,605,39,1003,437,190,430
0672178.jpg,600,39,998,437,187,428
0672179.jpg,611,62,971,422,184,428
0672180.jpg,611,62,971,422,183,428
0672181.jpg,611,62,971,422,183,429
0672182.jpg,611,62,971,422,178,430
0672183.jpg,597,37,999,439,178,432
0672184.jpg,594,33,1004,443,177,435
0672185.jpg,594,33,1004,443,177,434
0672186.jpg,598,31,1008,441,176,437
0672187.jpg,603,35,1005,437,175,439
0672188.jpg,603,35,1005,437,175,441
0672189.jpg,604,35,1006,437,173,440
0672190.jpg,603,34,1005,436,174,440
0672191.jpg,606,35,1002,431,173,440
0672192.jpg,615,57,967,409,173,439
0672193.jpg,615,57,967,409,173,438
0672194.jpg,610,57,962,409,174,437
0672195.jpg,606,55,962,411,178,433
0672196.jpg,595,56,951,412,183,429
0672197.jpg,585,60,941,416,190,424
0672198.jpg,579,67,921,409,198,418
0672199.jpg,580,69,918,407,203,417
0672200.jpg,580,71,914,405,207,416
0672201.jpg,584,78,910,404,210,416
0672202.jpg,584,75,910,401,213,417
0672203.jpg,584,74,910,400,213,419
0672204.jpg,575,59,931,415,216,421
0672205.jpg,581,59,937,415,192,680
0672206.jpg,581,62,937,418,192,680
0672207.jpg,600,62,956,418,193,680
0672208.jpg,614,58,976,420,195,680
0672209.jpg,629,59,991,421,194,679
0672210.jpg,618,48,1002,432,194,679
0672211.jpg,631,45,1019,433,196,680
0672212.jpg,655,45,1047,437,195,680
0672213.jpg,672,45,1064,437,196,680
0672214.jpg,673,45,1065,437,195,679
0672215.jpg,687,42,1085,440,197,680
0672216.jpg,690,38,1096,444,195,679
0672217.jpg,719,38,1125,444,196,679
0672218.jpg,718,37,1128,447,195,680
0672219.jpg,726,38,1136,448,195,680
0672220.jpg,730,45,1140,455,195,680
0672221.jpg,732,46,1146,460,195,680
0672222.jpg,732,51,1146,465,195,680
0672223.jpg,733,65,1147,479,213,421
0672224.jpg,732,65,1146,479,218,430
0672225.jpg,735,65,1149,479,217,431
0672226.jpg,749,78,1137,466,216,432
0672227.jpg,759,76,1147,464,215,433
0672228.jpg,759,76,1147,464,216,433
0672229.jpg,754,62,1152,460,216,432
0672230.jpg,746,58,1144,456,215,432
0672231.jpg,736,56,1138,458,214,431
0672232.jpg,735,54,1137,456,214,429
0672233.jpg,724,56,1122,454,213,430
0672234.jpg,710,52,1108,450,214,428
0672235.jpg,704,52,1102,450,213,428
0672236.jpg,704,59,1092,447,214,429
0672237.jpg,698,63,1078,443,228,677
0672238.jpg,676,61,1056,441,224,676
0672239.jpg,676,61,1056,441,223,676
0672240.jpg,668,54,1048,434,219,679
0672241.jpg,657,50,1045,438,217,678
0672242.jpg,650,50,1038,438,216,678
0672243.jpg,649,50,1037,438,221,677
0672244.jpg,632,57,1020,445,218,678
0672245.jpg,630,66,1014,450,217,679
0672246.jpg,625,68,1009,452,217,678
0672247.jpg,622,70,1006,454,217,678
0672248.jpg,614,64,1010,460,215,678
0672249.jpg,611,63,1009,461,215,679
0672250.jpg,611,63,1009,461,218,676
0672251.jpg,609,60,1011,462,219,676
0672252.jpg,609,60,1011,462,220,677
0672253.jpg,609,57,1011,459,219,676
0672254.jpg,611,57,1013,459,220,676
0672255.jpg,609,55,1015,461,221,677
0672256.jpg,611,57,1013,459,220,676
0672257.jpg,611,58,1013,460,191,685
0672258.jpg,623,66,1015,458,513,694
0672259.jpg,630,74,1010,454,520,693
0672260.jpg,630,74,1010,454,523,693
0672261.jpg,634,77,1008,451,523,693
0672262.jpg,635,75,1009,449,524,692
0672263.jpg,637,74,1011,448,525,692
0672264.jpg,638,73,1012,447,554,695
0672265.jpg,640,73,1014,447,552,695
0672266.jpg,638,69,1016,447,207,674
0672267.jpg,641,69,1019,447,205,674
0672268.jpg,642,67,1022,447,205,673
0672269.jpg,641,63,1029,451,206,673
0672270.jpg,640,61,1032,453,205,674
0672271.jpg,640,61,1032,453,205,674
0672272.jpg,640,61,1032,453,205,674
0672273.jpg,646,71,1020,445,205,673
0672274.jpg,638,75,1008,445,204,673
0672275.jpg,633,75,1003,445,203,674
0672276.jpg,631,75,1001,445,203,674
0672277.jpg,631,75,1001,445,203,674
0672278.jpg,635,79,997,441,206,413
0672279.jpg,645,84,997,436,213,425
0672280.jpg,654,85,1002,433,213,425
0672281.jpg,654,84,1002,432,214,426
0672282.jpg,656,74,1000,418,214,426
0672283.jpg,659,68,997,406,213,428
0672284.jpg,661,70,995,404,213,427
0672285.jpg,661,70,995,404,214,427
0672286.jpg,664,69,998,403,214,427
0672287.jpg,662,65,1000,403,214,427
0672288.jpg,661,63,1003,405,214,429
0672289.jpg,661,62,1003,404,215,428
0672290.jpg,660,61,1004,405,214,428
0672291.jpg,658,59,1006,407,215,428
0672292.jpg,658,60,1006,408,216,429
0672293.jpg,655,62,1007,414,215,428
0672294.jpg,654,64,1006,416,214,428
0672295.jpg,654,65,1006,417,215,428
0672296.jpg,655,67,1003,415,227,447
0672297.jpg,657,69,1001,413,265,483
0672298.jpg,657,69,1001,413,270,493
0672299.jpg,658,68,1002,412,176,594
0672300.jpg,660,64,1004,408,148,680
0672302.jpg,658,45,1010,397,78,654
0672303.jpg,662,34,1036,408,67,654
0672304.jpg,657,29,1041,413,66,653
0672305.jpg,655,27,1043,415,66,653
0672306.jpg,655,31,1043,419,65,654
0672307.jpg,651,33,1047,429,65,654
0672308.jpg,651,37,1047,433,65,654
0672309.jpg,650,39,1046,435,64,653
0672310.jpg,651,41,1043,433,63,653
0672311.jpg,649,39,1045,435,64,653
0672312.jpg,648,40,1044,436,63,654
0672313.jpg,649,42,1041,434,62,653
0672314.jpg,649,42,1041,434,61,653
0672315.jpg,651,46,1039,434,61,653
0672316.jpg,654,49,1038,433,61,653
0672317.jpg,654,49,1038,433,62,654
0672318.jpg,654,49,1038,433,61,653
0672319.jpg,654,49,1038,433,62,654
0672320.jpg,651,45,1043,437,62,654
0672321.jpg,651,46,1047,442,62,653
0672322.jpg,652,46,1048,442,63,653
0672323.jpg,654,48,1050,444,63,654
0672324.jpg,659,51,1055,447,194,684
0672325.jpg,666,51,1062,447,329,689
0672326.jpg,671,39,1091,459,811,687
0672327.jpg,671,39,1091,459,796,686
0672328.jpg,684,38,1104,458,947,690
0672329.jpg,697,34,1117,454,884,686
0672330.jpg,707,32,1127,452,894,683
0672331.jpg,709,32,1125,448,914,679
0672332.jpg,716,31,1132,447,1025,687
0672333.jpg,732,32,1146,446,1024,679
0672334.jpg,736,32,1150,446,1001,676
0672335.jpg,736,32,1150,446,989,685
0672336.jpg,742,34,1152,444,1019,683
0672338.jpg,744,28,1154,438,967,663
0672339.jpg,744,28,1154,438,962,662
0672340.jpg,739,26,1153,440,950,299
0672341.jpg,730,26,1144,440,930,207
0672342.jpg,720,31,1134,445,927,213
0672343.jpg,719,42,1133,456,924,220
0672344.jpg,723,52,1129,458,921,229
0672345.jpg,723,52,1129,458,986,614
0672346.jpg,727,52,1133,458,990,574
0672347.jpg,728,50,1138,460,1016,606
0672348.jpg,730,52,1136,458,991,622
0672349.jpg,728,39,1138,449,963,648
0672350.jpg,726,35,1136,445,946,665
0672351.jpg,722,33,1132,443,933,664
0672352.jpg,722,33,1132,443,914,699
0672353.jpg,716,31,1130,445,970,654
0672354.jpg,716,31,1130,445,1002,651
0672355.jpg,713,28,1133,448,1219,662
0672356.jpg,716,31,1130,445,1245,660
0672357.jpg,724,37,1134,447,1245,353
0672358.jpg,745,46,1147,448,1235,375
0672359.jpg,749,51,1151,453,1224,385
0672360.jpg,749,52,1151,454,1223,384
0672361.jpg,754,56,1156,458,1224,384
0672362.jpg,756,56,1158,458,1224,383
0672363.jpg,764,56,1166,458,1224,378
0672364.jpg,764,56,1166,458,1223,376
0672365.jpg,767,55,1169,457,1223,376
0672366.jpg,770,54,1172,456,1223,372
0672367.jpg,771,54,1173,456,1224,373
0672368.jpg,771,54,1173,456,1224,370
0672369.jpg,771,53,1173,455,1223,371
0672370.jpg,762,47,1176,461,1243,507
0672371.jpg,761,43,1175,457,1235,646
0672372.jpg,755,42,1171,458,1225,667
0672373.jpg,748,40,1168,460,1224,667
0672374.jpg,747,42,1163,458,1133,672
0672375.jpg,744,42,1160,458,970,687
0672376.jpg,741,43,1155,457,939,670
0672377.jpg,741,43,1155,457,958,679
0672378.jpg,723,43,1137,457,701,678
0672379.jpg,709,44,1123,458,596,691
0672380.jpg,706,46,1112,452,401,598
0672381.jpg,705,39,1111,445,421,623
0672382.jpg,696,37,1102,443,221,434
0672383.jpg,671,42,1059,430,216,433
0672384.jpg,678,58,1034,414,212,433
0672385.jpg,677,62,1025,410,213,432
0672386.jpg,659,62,1007,410,208,428
0672387.jpg,651,62,999,410,205,419
0672388.jpg,640,62,988,410,187,415
0672389.jpg,637,62,985,410,186,417
0672390.jpg,638,64,982,408,184,416
0672391.jpg,635,65,979,409,180,417
0672392.jpg,632,65,976,409,176,418
0672393.jpg,630,64,974,408,171,421
0672394.jpg,630,62,974,406,172,428
0672395.jpg,630,62,972,404,169,437
0672396.jpg,634,65,968,399,168,449
0672397.jpg,634,65,968,399,166,452
0672398.jpg,636,65,970,399,163,453
0672399.jpg,633,60,975,402,162,453
0672400.jpg,632,59,976,403,161,450
0672401.jpg,632,59,976,403,160,449
0672402.jpg,632,59,976,403,161,451
0672403.jpg,638,62,976,400,160,443
0672404.jpg,640,62,978,400,158,439
0672405.jpg,641,62,979,400,159,434
0672406.jpg,639,59,983,403,160,434
0672407.jpg,635,56,987,408,161,431
0672408.jpg,631,53,991,413,163,427
0672409.jpg,626,49,996,419,163,429
0672410.jpg,626,51,996,421,164,431
0672411.jpg,628,51,998,421,163,430
0672412.jpg,630,52,1000,422,163,432
0672413.jpg,637,57,1003,423,161,434
0672414.jpg,637,57,1003,423,162,435
0672415.jpg,643,59,1005,421,168,439
0672416.jpg,646,59,1008,421,59,573
0672417.jpg,651,55,1013,417,60,591
0672418.jpg,663,55,1025,417,61,607
0672419.jpg,652,38,1048,434,70,628
0672420.jpg,654,35,1056,437,89,612
0672421.jpg,657,35,1059,437,188,687
0672422.jpg,665,35,1067,437,206,684
0672423.jpg,665,35,1067,437,237,672
0672424.jpg,670,18,1094,442,221,680
0672425.jpg,674,18,1098,442,225,672
0672426.jpg,676,16,1104,444,185,659
0672427.jpg,674,14,1106,446,205,674
0672428.jpg,678,18,1106,446,209,674
0672429.jpg,685,29,1109,453,212,674
0672430.jpg,685,34,1109,458,212,673
0672431.jpg,688,37,1108,457,211,673
0672432.jpg,690,40,1106,456,212,673
0672433.jpg,697,43,1107,453,212,674
0672434.jpg,703,43,1113,453,870,306
0672435.jpg,703,43,1113,453,869,308
0672436.jpg,706,32,1130,456,869,306
0672437.jpg,708,19,1132,443,797,201
0672438.jpg,708,19,1132,443,772,205
0672439.jpg,708,19,1132,443,769,205
0672440.jpg,705,19,1129,443,767,206
0672441.jpg,699,17,1123,441,761,206
0672442.jpg,689,16,1113,440,758,206
0672443.jpg,675,9,1113,447,754,205
0672444.jpg,674,8,1112,446,749,207
0672445.jpg,674,3,1112,441,745,206
0672446.jpg,676,3,1110,437,741,206
0672447.jpg,676,2,1110,436,752,206
0672448.jpg,676,1,1110,435,749,206
0672449.jpg,695,11,1109,425,759,206
0672450.jpg,706,16,1108,418,760,205
0672451.jpg,706,16,1108,418,760,205
0672452.jpg,706,16,1108,418,760,205
0672453.jpg,706,16,1108,418,761,205
0672454.jpg,701,12,1111,422,760,204
0672455.jpg,698,14,1108,424,758,205
0672456.jpg,696,13,1110,427,756,204
0672457.jpg,687,12,1111,436,753,204
0672458.jpg,679,12,1111,444,750,204
0672459.jpg,672,7,1118,453,747,204
0672460.jpg,671,7,1117,453,747,204
0672461.jpg,671,10,1117,456,746,203
0672462.jpg,671,10,1117,456,749,204
0672463.jpg,675,13,1113,451,749,204
0672464.jpg,675,12,1113,450,749,204
0672465.jpg,675,12,1113,450,750,204
0672466.jpg,676,13,1114,451,751,203
0672467.jpg,679,15,1113,449,751,204
0672468.jpg,680,15,1112,447,751,204
0672469.jpg,686,19,1110,443,753,204
0672470.jpg,692,22,1108,438,754,205
0672471.jpg,694,23,1108,437,756,206
0672472.jpg,697,23,1111,437,757,206
0672473.jpg,697,23,1111,437,756,206
0672474.jpg,697,27,1111,441,756,206
0672475.jpg,699,32,1109,442,756,205
0672476.jpg,699,36,1109,446,757,206
0672477.jpg,699,36,1109,446,757,205
0672478.jpg,698,38,1108,448,777,252
0672479.jpg,693,36,1107,450,223,678
0672480.jpg,691,36,1105,450,217,678
0672481.jpg,691,36,1105,450,221,670
0672482.jpg,687,33,1101,447,114,625
0672483.jpg,687,32,1101,446,127,530
0672484.jpg,683,12,1097,426,235,415
0672485.jpg,685,12,1095,422,235,423
0672486.jpg,680,13,1086,419,235,423
0672487.jpg,681,26,1059,404,235,423
0672488.jpg,672,28,1046,402,236,423
0672489.jpg,669,28,1039,398,236,424
0672490.jpg,668,28,1038,398,237,425
0672491.jpg,665,30,1035,400,237,425
0672492.jpg,661,43,1031,413,237,424
