0681000.jpg,233,48,553,368,396,189
0681001.jpg,231,47,555,371,406,190
0681002.jpg,231,47,555,371,408,191
0681003.jpg,232,47,556,371,407,192
0681004.jpg,232,47,556,371,407,191
0681005.jpg,233,47,557,371,408,190
0681006.jpg,233,45,557,369,409,189
0681007.jpg,233,44,557,368,409,189
0681008.jpg,233,43,557,367,410,187
0681009.jpg,233,43,557,367,411,186
0681010.jpg,233,41,557,365,410,187
0681011.jpg,233,40,559,366,411,186
0681012.jpg,232,37,562,367,410,186
0681013.jpg,232,35,562,365,410,185
0681014.jpg,232,35,562,365,411,183
0681015.jpg,232,35,562,365,411,182
0681016.jpg,232,34,562,364,411,181
0681017.jpg,232,34,562,364,411,182
0681018.jpg,230,32,564,366,411,182
0681019.jpg,230,32,564,366,410,181
0681020.jpg,230,31,564,365,410,182
0681021.jpg,230,31,564,365,410,181
0681022.jpg,230,31,564,365,409,183
0681023.jpg,232,33,562,363,409,185
0681024.jpg,231,32,561,362,409,184
0681025.jpg,230,32,560,362,408,184
0681026.jpg,230,32,560,362,409,183
0681027.jpg,229,32,559,362,408,183
0681028.jpg,231,34,557,360,408,183
0681029.jpg,231,33,557,359,409,183
0681030.jpg,231,33,557,359,409,184
0681031.jpg,232,33,558,359,412,183
0681032.jpg,232,33,558,359,413,184
0681033.jpg,233,33,559,359,414,185
0681034.jpg,233,33,559,359,413,184
0681035.jpg,231,32,561,362,413,185
0681036.jpg,231,32,561,362,414,186
0681037.jpg,230,32,560,362,415,187
0681038.jpg,232,35,558,361,416,188
0681039.jpg,231,35,557,361,415,188
0681040.jpg,236,40,552,356,414,189
0681041.jpg,236,41,552,357,414,188
0681042.jpg,236,42,552,358,415,190
0681043.jpg,236,43,552,359,417,190
0681044.jpg,234,43,554,363,416,192
0681045.jpg,234,43,554,363,416,192
0681046.jpg,234,43,554,363,420,192
0681047.jpg,234,43,554,363,419,194
0681048.jpg,235,45,551,361,419,192
0681049.jpg,235,45,551,361,421,193
0681050.jpg,235,45,551,361,419,194
0681051.jpg,235,45,551,361,420,193
0681052.jpg,235,45,551,361,420,194
0681053.jpg,235,46,551,362,419,195
0681054.jpg,232,43,556,367,421,194
0681055.jpg,232,44,556,368,396,187
0681056.jpg,231,43,557,369,407,191
0681057.jpg,231,43,557,369,406,192
0681058.jpg,231,43,557,369,406,191
0681059.jpg,231,42,557,368,408,190
0681060.jpg,231,39,557,365,405,189
0681061.jpg,231,39,557,365,406,188
0681062.jpg,232,39,558,365,407,189
0681063.jpg,234,39,558,363,408,188
0681064.jpg,235,39,559,363,410,187
0681065.jpg,235,39,559,363,410,187
0681066.jpg,235,38,559,362,410,187
0681067.jpg,235,38,559,362,412,186
0681068.jpg,235,38,559,362,412,187
0681069.jpg,236,38,560,362,413,187
0681070.jpg,236,38,560,362,413,186
0681071.jpg,236,39,562,365,413,185
0681072.jpg,233,35,567,369,414,186
0681073.jpg,233,35,567,369,415,187
0681074.jpg,233,35,567,369,415,187
0681075.jpg,233,35,567,369,418,187
0681076.jpg,237,40,561,364,418,187
0681077.jpg,239,42,559,362,417,188
0681078.jpg,239,42,559,362,420,187
0681079.jpg,239,42,559,362,419,187
0681080.jpg,237,41,561,365,419,187
0681081.jpg,235,39,561,365,418,186
0681082.jpg,235,39,561,365,418,187
0681083.jpg,236,39,562,365,419,186
0681084.jpg,237,36,563,362,418,186
0681085.jpg,237,36,563,362,418,186
0681086.jpg,237,36,563,362,418,186
0681087.jpg,237,36,563,362,419,187
0681088.jpg,237,36,563,362,419,186
0681089.jpg,235,36,561,362,420,186
0681090.jpg,235,36,561,362,420,187
0681091.jpg,236,37,560,361,420,186
0681092.jpg,237,35,561,359,419,186
0681093.jpg,239,36,559,356,419,186
0681094.jpg,239,36,559,356,419,187
0681095.jpg,239,35,559,355,420,185
0681096.jpg,239,33,559,353,419,185
0681097.jpg,239,32,559,352,422,183
0681098.jpg,239,32,559,352,422,182
0681099.jpg,239,32,559,352,424,182
0681100.jpg,239,32,559,352,423,182
0681101.jpg,240,32,560,352,424,182
0681102.jpg,240,30,560,350,423,182
0681103.jpg,240,31,560,351,424,184
0681104.jpg,240,31,560,351,423,185
0681105.jpg,240,32,560,352,423,187
0681106.jpg,240,32,560,352,423,188
0681107.jpg,239,32,559,352,424,188
0681108.jpg,239,32,559,352,424,189
0681109.jpg,239,32,559,352,424,189
0681110.jpg,239,32,559,352,424,188
0681111.jpg,239,32,559,352,425,189
0681112.jpg,239,33,559,353,424,188
0681113.jpg,237,31,561,355,424,188
0681114.jpg,237,31,561,355,424,187
0681115.jpg,236,30,562,356,424,188
0681116.jpg,236,34,562,360,425,188
0681117.jpg,236,34,562,360,424,188
0681118.jpg,236,34,562,360,423,188
0681119.jpg,236,34,562,360,424,188
0681120.jpg,239,33,559,353,424,188
0681121.jpg,239,33,559,353,425,188
0681122.jpg,239,33,559,353,425,188
0681123.jpg,237,31,561,355,426,188
0681124.jpg,236,30,562,356,426,187
0681125.jpg,234,31,564,361,425,187
0681126.jpg,234,32,564,362,425,189
0681127.jpg,234,33,564,363,425,188
0681128.jpg,232,31,566,365,426,189
0681129.jpg,233,31,567,365,423,190
0681130.jpg,233,31,567,365,422,190
0681131.jpg,237,35,563,361,421,190
0681132.jpg,237,33,563,359,421,189
0681133.jpg,237,33,563,359,421,189
0681134.jpg,236,34,560,358,418,189
0681135.jpg,238,34,562,358,420,188
0681136.jpg,238,34,562,358,421,188
0681137.jpg,238,34,562,358,421,188
0681138.jpg,238,34,562,358,423,188
0681139.jpg,237,34,563,360,422,188
0681140.jpg,235,34,561,360,422,188
0681141.jpg,235,34,561,360,423,188
0681142.jpg,235,36,561,362,423,189
0681143.jpg,235,36,561,362,423,190
0681144.jpg,232,32,566,366,424,190
0681145.jpg,234,33,568,367,425,191
0681146.jpg,232,31,566,365,425,191
0681147.jpg,234,33,564,363,426,190
0681148.jpg,234,33,564,363,427,189
0681149.jpg,236,34,562,360,428,189
0681150.jpg,239,37,559,357,425,190
0681151.jpg,239,37,559,357,425,191
0681152.jpg,238,37,558,357,424,190
0681153.jpg,238,37,558,357,424,190
0681154.jpg,238,37,558,357,423,189
0681155.jpg,238,37,558,357,425,189
0681156.jpg,237,37,561,361,424,191
0681157.jpg,237,37,561,361,424,192
0681158.jpg,237,37,561,361,423,192
0681159.jpg,237,37,561,361,424,192
0681160.jpg,239,39,559,359,422,192
0681161.jpg,239,38,559,358,423,192
0681162.jpg,240,38,560,358,422,193
0681163.jpg,240,38,560,358,422,192
0681164.jpg,240,38,560,358,423,193
0681165.jpg,238,36,564,362,423,191
0681166.jpg,238,36,564,362,421,191
0681167.jpg,238,36,564,362,422,191
0681168.jpg,237,39,557,359,424,190
0681169.jpg,237,39,557,359,421,192
0681170.jpg,237,39,557,359,422,191
0681171.jpg,237,39,557,359,422,191
0681172.jpg,238,38,558,358,422,191
0681173.jpg,238,38,558,358,423,191
0681174.jpg,238,39,558,359,424,190
0681175.jpg,240,39,560,359,425,190
0681176.jpg,241,40,561,360,429,190
0681177.jpg,241,41,561,361,428,192
0681178.jpg,241,41,561,361,429,193
0681179.jpg,243,41,563,361,429,195
0681180.jpg,241,39,565,363,431,196
0681181.jpg,242,36,566,360,430,194
0681182.jpg,242,36,566,360,431,193
0681183.jpg,242,36,566,360,431,192
0681184.jpg,241,35,567,361,430,192
0681185.jpg,242,36,566,360,428,194
0681186.jpg,242,37,566,361,399,173
0681187.jpg,240,37,564,361,407,171
0681188.jpg,240,37,564,361,408,173
0681189.jpg,240,37,564,361,408,173
0681190.jpg,239,35,565,361,407,172
0681191.jpg,239,36,565,362,407,171
0681192.jpg,239,36,565,362,406,171
0681193.jpg,238,36,564,362,407,171
0681194.jpg,236,35,562,361,408,169
0681195.jpg,236,36,562,362,407,170
0681196.jpg,236,36,562,362,405,170
0681197.jpg,236,36,562,362,406,170
0681198.jpg,236,36,562,362,406,169
0681199.jpg,236,36,562,362,405,168
0681200.jpg,236,35,562,361,405,168
0681201.jpg,236,36,562,362,405,170
0681202.jpg,237,36,563,362,405,170
0681203.jpg,237,36,563,362,405,170
0681204.jpg,237,39,563,365,405,170
0681205.jpg,237,39,563,365,405,170
0681206.jpg,237,39,563,365,405,170
0681207.jpg,237,39,563,365,406,169
0681208.jpg,238,40,562,364,405,169
0681209.jpg,238,39,562,363,406,170
0681210.jpg,237,39,561,363,406,170
0681211.jpg,236,38,562,364,406,169
0681212.jpg,236,38,562,364,406,169
0681213.jpg,234,36,564,366,405,169
0681214.jpg,234,36,564,366,405,168
0681215.jpg,234,36,564,366,404,168
0681216.jpg,234,35,564,365,404,168
0681217.jpg,236,37,562,363,404,169
0681218.jpg,237,38,561,362,404,170
0681219.jpg,237,38,561,362,404,170
0681220.jpg,237,38,561,362,405,169
0681221.jpg,237,38,561,362,404,169
0681222.jpg,237,38,561,362,406,170
0681223.jpg,237,38,561,362,405,169
0681224.jpg,237,38,561,362,405,169
0681225.jpg,238,38,562,362,406,169
0681226.jpg,240,40,560,360,407,171
0681227.jpg,242,42,558,358,406,171
0681228.jpg,242,42,558,358,407,171
0681229.jpg,240,40,560,360,407,172
0681230.jpg,240,40,560,360,407,172
0681231.jpg,240,41,560,361,408,172
0681232.jpg,240,41,560,361,407,172
0681233.jpg,240,41,560,361,407,172
0681234.jpg,240,41,560,361,406,171
0681235.jpg,238,38,562,362,405,171
0681236.jpg,240,40,560,360,406,171
0681237.jpg,240,39,560,359,405,169
0681238.jpg,240,36,560,356,405,169
0681239.jpg,240,36,560,356,407,169
0681240.jpg,240,36,560,356,405,168
0681241.jpg,240,35,560,355,406,168
0681242.jpg,240,34,560,354,405,167
0681243.jpg,240,34,560,354,405,167
0681244.jpg,240,34,560,354,405,167
0681245.jpg,240,33,560,353,404,167
0681246.jpg,240,33,560,353,406,167
0681247.jpg,240,33,560,353,404,165
0681248.jpg,240,33,560,353,404,166
0681249.jpg,239,33,559,353,403,164
0681250.jpg,239,33,559,353,403,165
0681251.jpg,239,33,559,353,402,165
0681252.jpg,239,33,559,353,400,165
0681253.jpg,239,33,559,353,398,166
0681254.jpg,237,34,557,354,397,166
0681255.jpg,237,34,557,354,397,164
0681256.jpg,234,32,558,356,394,166
0681257.jpg,230,29,560,359,393,166
0681258.jpg,230,29,560,359,392,167
0681259.jpg,230,29,560,359,391,167
0681260.jpg,229,30,559,360,390,167
0681261.jpg,227,27,561,361,390,166
0681262.jpg,227,27,561,361,392,166
0681263.jpg,227,27,561,361,391,167
0681264.jpg,226,27,560,361,391,166
0681265.jpg,226,27,560,361,391,166
0681266.jpg,226,27,560,361,392,167
0681267.jpg,225,27,559,361,391,167
0681268.jpg,225,27,559,361,390,167
0681269.jpg,225,27,559,361,390,167
0681270.jpg,225,27,559,361,390,166
0681271.jpg,225,26,559,360,391,167
0681272.jpg,227,28,557,358,390,168
0681273.jpg,227,28,557,358,391,168
0681274.jpg,226,28,556,358,391,169
0681275.jpg,227,28,557,358,390,169
0681276.jpg,227,29,557,359,392,170
0681277.jpg,224,29,558,363,392,170
0681278.jpg,224,30,558,364,392,171
0681279.jpg,225,30,559,364,391,170
0681280.jpg,225,31,559,365,391,170
0681281.jpg,223,28,561,366,392,171
0681282.jpg,223,28,561,366,392,171
0681283.jpg,223,28,561,366,392,170
0681284.jpg,223,28,561,366,391,171
0681285.jpg,225,30,559,364,393,169
0681286.jpg,225,30,559,364,393,169
0681287.jpg,223,28,561,366,393,167
0681288.jpg,223,28,561,366,392,168
0681289.jpg,223,28,561,366,392,169
0681290.jpg,223,27,561,365,392,168
0681291.jpg,223,27,561,365,392,168
0681292.jpg,222,26,560,364,392,168
0681293.jpg,222,26,560,364,391,169
0681294.jpg,222,26,560,364,392,168
0681295.jpg,222,26,560,364,392,169
0681296.jpg,220,26,562,368,391,169
0681297.jpg,219,25,563,369,391,169
0681298.jpg,219,25,563,369,391,170
0681299.jpg,220,26,562,368,391,169
0681300.jpg,226,31,556,361,390,169
0681301.jpg,225,31,555,361,390,171
0681302.jpg,225,31,555,361,391,171
0681303.jpg,225,31,555,361,392,172
0681304.jpg,225,32,555,362,392,171
0681305.jpg,225,32,555,362,392,171
0681306.jpg,225,32,555,362,392,172
0681307.jpg,225,32,555,362,391,172
0681308.jpg,227,34,553,360,393,172
0681309.jpg,227,34,553,360,392,171
0681310.jpg,227,34,553,360,393,172
0681311.jpg,227,34,553,360,392,173
0681312.jpg,227,34,553,360,392,171
0681313.jpg,228,33,554,359,392,171
0681314.jpg,228,33,554,359,393,172
0681315.jpg,229,33,555,359,395,171
0681316.jpg,231,33,557,359,394,172
0681317.jpg,232,33,558,359,394,171
0681318.jpg,232,33,558,359,395,170
0681319.jpg,231,31,561,361,396,169
0681320.jpg,229,29,563,363,396,168
0681321.jpg,230,29,564,363,396,169
0681322.jpg,230,28,568,366,396,169
0681323.jpg,230,28,568,366,396,168
0681324.jpg,234,35,564,365,394,168
0681325.jpg,234,35,564,365,394,170
0681326.jpg,232,36,562,366,393,170
0681327.jpg,232,37,562,367,391,170
0681328.jpg,232,37,562,367,392,171
0681329.jpg,232,37,562,367,390,171
0681330.jpg,235,39,561,365,391,171
0681331.jpg,237,40,561,364,393,171
0681332.jpg,240,42,560,362,393,173
0681333.jpg,240,42,560,362,395,173
0681334.jpg,242,43,558,359,394,172
0681335.jpg,242,43,558,359,395,172
0681336.jpg,242,43,558,359,395,171
0681337.jpg,242,43,558,359,394,174
0681338.jpg,244,45,556,357,394,173
0681339.jpg,245,45,557,357,394,174
0681340.jpg,245,45,557,357,395,174
0681341.jpg,245,46,557,358,395,173
0681342.jpg,245,45,557,357,396,174
0681343.jpg,245,45,557,357,397,172
0681344.jpg,245,45,557,357,396,172
0681345.jpg,245,45,557,357,396,169
0681346.jpg,245,45,557,357,395,170
0681347.jpg,245,45,557,357,396,169
0681348.jpg,241,40,557,356,395,169
0681349.jpg,239,38,559,358,395,168
0681350.jpg,238,38,558,358,396,168
0681351.jpg,238,37,558,357,394,168
0681352.jpg,238,37,558,357,396,167
0681353.jpg,238,37,558,357,396,168
0681354.jpg,238,37,558,357,396,167
0681355.jpg,238,37,558,357,397,167
0681356.jpg,238,37,558,357,396,168
0681357.jpg,239,37,559,357,398,168
0681358.jpg,239,37,559,357,398,168
0681359.jpg,237,35,561,359,398,168
0681360.jpg,238,36,562,360,398,169
0681361.jpg,238,37,562,361,399,169
0681362.jpg,238,37,562,361,399,169
0681363.jpg,238,37,562,361,399,168
0681364.jpg,238,37,562,361,398,170
0681365.jpg,238,37,562,361,397,170
0681366.jpg,240,39,560,359,397,170
0681367.jpg,238,39,558,359,398,169
0681368.jpg,238,38,558,358,397,169
0681369.jpg,238,38,558,358,397,170
0681370.jpg,236,37,560,361,398,170
0681371.jpg,235,36,561,362,397,169
0681372.jpg,235,36,561,362,398,169
0681373.jpg,234,36,560,362,397,170
0681374.jpg,234,35,560,361,397,170
0681375.jpg,234,35,560,361,398,170
0681376.jpg,235,34,559,358,398,170
0681377.jpg,235,34,559,358,398,170
0681378.jpg,235,34,559,358,397,170
0681379.jpg,235,34,559,358,397,170
0681380.jpg,235,34,559,358,397,169
0681381.jpg,234,33,560,359,397,169
0681382.jpg,234,33,560,359,398,169
0681383.jpg,234,32,560,358,397,168
0681384.jpg,234,33,558,357,398,168
0681385.jpg,234,33,558,357,397,168
0681386.jpg,234,33,558,357,396,169
0681387.jpg,234,33,558,357,396,169
0681388.jpg,234,33,558,357,396,169
0681389.jpg,234,33,558,357,396,169
0681390.jpg,234,33,558,357,397,169
0681391.jpg,234,33,558,357,397,169
0681392.jpg,233,32,559,358,396,168
0681393.jpg,233,32,559,358,395,168
0681394.jpg,229,28,563,362,396,169
0681395.jpg,229,32,563,366,395,169
0681396.jpg,231,32,565,366,395,169
0681397.jpg,231,32,565,366,395,169
0681398.jpg,231,32,565,366,394,169
0681399.jpg,231,32,565,366,394,167
0681400.jpg,231,32,565,366,394,168
0681401.jpg,230,32,564,366,394,168
0681402.jpg,232,34,562,364,394,166
0681403.jpg,232,31,562,361,394,167
0681404.jpg,234,31,560,357,395,166
0681405.jpg,234,28,560,354,395,166
0681406.jpg,237,31,557,351,394,165
0681407.jpg,239,33,555,349,396,165
0681408.jpg,239,33,555,349,396,166
0681409.jpg,239,33,555,349,396,165
0681410.jpg,239,33,555,349,397,165
0681411.jpg,239,33,555,349,398,166
0681412.jpg,239,34,555,350,397,165
0681413.jpg,239,34,555,350,397,167
0681414.jpg,239,35,555,351,398,166
0681415.jpg,239,35,555,351,396,168
0681416.jpg,237,36,557,356,395,168
0681417.jpg,237,40,557,360,393,169
0681418.jpg,235,38,559,362,393,169
0681419.jpg,233,37,559,363,393,168
0681420.jpg,232,37,558,363,393,169
0681421.jpg,232,37,558,363,394,169
0681422.jpg,232,37,558,363,393,170
0681423.jpg,232,36,558,362,393,169
0681424.jpg,231,36,557,362,392,170
0681425.jpg,231,35,557,361,392,170
0681426.jpg,226,31,556,361,392,171
0681427.jpg,226,31,556,361,392,171
0681428.jpg,226,30,556,360,392,170
0681429.jpg,226,30,556,360,391,170
0681430.jpg,226,30,556,360,392,171
0681431.jpg,226,30,556,360,391,171
0681432.jpg,227,30,557,360,392,170
0681433.jpg,227,30,557,360,392,168
0681434.jpg,227,30,557,360,394,169
0681435.jpg,227,30,557,360,394,168
0681436.jpg,227,30,557,360,394,168
0681437.jpg,225,28,559,362,393,167
0681438.jpg,226,28,560,362,393,168
0681439.jpg,226,28,560,362,393,166
0681440.jpg,226,29,560,363,393,166
0681441.jpg,226,29,560,363,393,166
0681442.jpg,228,28,558,358,392,167
0681443.jpg,228,28,558,358,392,167
0681444.jpg,227,26,561,360,393,166
0681445.jpg,229,28,559,358,393,165
0681446.jpg,231,30,557,356,393,165
0681447.jpg,232,30,558,356,394,166
0681448.jpg,233,30,559,356,395,165
0681449.jpg,233,30,559,356,395,166
0681450.jpg,230,26,564,360,395,164
0681451.jpg,230,25,564,359,395,165
0681452.jpg,230,25,564,359,395,166
0681453.jpg,234,28,560,354,395,165
0681454.jpg,234,28,560,354,397,164
0681455.jpg,233,28,559,354,396,165
0681456.jpg,236,30,556,350,396,164
0681457.jpg,235,29,555,349,396,165
0681458.jpg,235,29,555,349,396,163
0681459.jpg,235,29,555,349,396,164
0681460.jpg,235,29,555,349,397,163
0681461.jpg,236,29,556,349,397,164
0681462.jpg,236,29,556,349,396,163
0681463.jpg,236,29,556,349,396,164
0681464.jpg,236,29,556,349,396,163
0681465.jpg,235,29,555,349,395,164
0681466.jpg,235,29,555,349,396,163
0681467.jpg,236,29,556,349,396,163
0681468.jpg,233,28,559,354,394,165
0681469.jpg,233,28,559,354,395,165
0681470.jpg,233,28,559,354,393,164
0681471.jpg,233,28,559,354,393,165
0681472.jpg,236,30,556,350,393,164
0681473.jpg,236,30,556,350,393,165
0681474.jpg,236,30,556,350,394,166
0681475.jpg,235,30,555,350,393,166
0681476.jpg,235,30,555,350,393,165
0681477.jpg,232,29,558,355,392,167
0681478.jpg,232,31,558,357,393,166
0681479.jpg,231,29,561,359,392,165
0681480.jpg,229,27,563,361,392,167
0681481.jpg,229,27,563,361,393,167
0681482.jpg,229,27,563,361,394,166
0681483.jpg,229,27,563,361,394,166
0681484.jpg,229,27,563,361,393,165
0681485.jpg,229,27,563,361,393,166
0681486.jpg,229,27,563,361,394,166
0681487.jpg,229,28,563,362,394,165
0681488.jpg,227,26,565,364,393,165
0681489.jpg,228,26,566,364,393,166
0681490.jpg,228,27,566,365,393,165
0681491.jpg,230,29,564,363,393,165
0681492.jpg,230,29,564,363,393,166
0682000.jpg,693,101,963,371,821,220
0682001.jpg,693,101,963,371,835,227
0682002.jpg,693,102,963,372,835,227
0682003.jpg,692,102,962,372,834,227
0682004.jpg,694,104,960,370,833,226
0682005.jpg,694,104,960,370,833,226
0682006.jpg,694,103,960,369,831,227
0682007.jpg,695,105,957,367,831,228
0682008.jpg,694,105,956,367,832,228
0682009.jpg,694,104,956,366,830,229
0682010.jpg,696,106,954,364,828,229
0682011.jpg,694,106,952,364,826,228
0682012.jpg,691,106,949,364,825,229
0682013.jpg,688,106,950,368,824,230
0682014.jpg,686,106,948,368,824,230
0682015.jpg,686,107,948,369,823,233
0682016.jpg,685,107,947,369,817,219
0682017.jpg,684,109,946,371,742,215
0682018.jpg,685,111,943,369,739,218
0682019.jpg,685,111,943,369,738,219
0682020.jpg,685,113,943,371,737,219
0682021.jpg,685,113,943,371,737,219
0682022.jpg,685,115,943,373,738,220
0682023.jpg,685,120,943,378,818,240
0682024.jpg,682,118,944,380,818,243
0682025.jpg,682,119,944,381,818,245
0682026.jpg,682,119,944,381,817,245
0682027.jpg,682,120,944,382,817,247
0682028.jpg,684,122,942,380,819,248
0682029.jpg,688,124,942,378,819,250
0682030.jpg,688,123,942,377,803,229
0682031.jpg,689,123,943,377,850,276
0682032.jpg,692,124,944,376,769,683
0682033.jpg,692,124,944,376,764,313
0682034.jpg,692,124,944,376,778,267
0682035.jpg,692,123,944,375,718,233
0682036.jpg,692,121,946,375,736,229
0682037.jpg,693,121,947,375,784,198
0682038.jpg,691,119,949,377,811,224
0682039.jpg,692,116,950,374,833,222
0682040.jpg,694,113,952,371,834,220
0682041.jpg,694,112,952,370,833,217
0682042.jpg,693,110,955,372,814,225
0682043.jpg,693,109,955,371,986,689
0682044.jpg,693,109,955,371,1084,683
0682045.jpg,691,107,957,373,1111,689
0682046.jpg,693,106,959,372,905,291
0682047.jpg,694,105,960,371,899,293
0682048.jpg,695,105,961,371,899,292
0682049.jpg,696,105,962,371,901,291
0682050.jpg,696,105,962,371,900,293
0682051.jpg,696,105,962,371,898,294
0682052.jpg,696,105,962,371,899,296
0682053.jpg,696,105,962,371,901,295
0682054.jpg,695,103,965,373,755,298
0682055.jpg,695,103,965,373,766,296
0682056.jpg,695,102,965,372,768,300
0682057.jpg,695,102,965,372,768,302
0682058.jpg,694,102,964,372,768,301
0682059.jpg,694,102,964,372,735,284
0682060.jpg,692,100,964,372,826,216
0682061.jpg,692,100,964,372,838,222
0682062.jpg,692,100,964,372,838,221
0682063.jpg,695,102,961,368,837,221
0682064.jpg,694,100,960,366,835,220
0682065.jpg,693,100,959,366,835,221
0682066.jpg,691,98,957,364,834,221
0682067.jpg,691,98,957,364,835,221
0682068.jpg,691,98,957,364,833,220
0682069.jpg,691,98,957,364,834,222
0682070.jpg,691,98,957,364,833,221
0682071.jpg,692,102,958,368,834,221
0682072.jpg,690,100,960,370,832,221
0682073.jpg,690,100,960,370,833,223
0682074.jpg,690,100,960,370,833,223
0682075.jpg,690,100,960,370,833,225
0682076.jpg,692,103,958,369,832,225
0682077.jpg,691,103,957,369,832,226
0682078.jpg,691,103,957,369,831,227
0682079.jpg,689,103,959,373,831,228
0682080.jpg,688,103,958,373,830,230
0682081.jpg,688,103,958,373,830,231
0682082.jpg,687,104,957,374,828,232
0682083.jpg,687,106,957,376,830,235
0682084.jpg,688,111,954,377,828,237
0682085.jpg,688,113,954,379,828,236
0682086.jpg,688,113,954,379,828,238
0682087.jpg,688,114,954,380,827,238
0682088.jpg,688,114,954,380,827,239
0682089.jpg,688,115,954,381,828,240
0682090.jpg,687,115,953,381,827,240
0682091.jpg,687,115,953,381,827,242
0682092.jpg,687,115,953,381,827,242
0682093.jpg,687,115,953,381,827,245
0682094.jpg,687,115,953,381,827,246
0682095.jpg,689,117,951,379,826,246
0682096.jpg,689,117,951,379,827,245
0682097.jpg,689,116,951,378,828,243
0682098.jpg,688,116,950,378,827,242
0682099.jpg,688,114,950,376,827,244
0682100.jpg,688,113,950,375,826,243
0682101.jpg,688,113,950,375,827,240
0682102.jpg,687,110,953,376,828,239
0682103.jpg,687,107,953,373,827,238
0682104.jpg,687,106,953,372,828,236
0682105.jpg,688,105,954,371,828,235
0682106.jpg,688,104,954,370,828,234
0682107.jpg,688,103,954,369,828,233
0682108.jpg,689,102,955,368,828,233
0682109.jpg,691,104,953,366,828,231
0682110.jpg,691,104,953,366,828,231
0682111.jpg,693,106,951,364,829,228
0682112.jpg,693,106,951,364,829,226
0682113.jpg,692,106,950,364,829,225
0682114.jpg,692,104,950,362,828,226
0682115.jpg,694,105,948,359,829,224
0682116.jpg,694,105,948,359,829,223
0682117.jpg,693,104,947,358,828,222
0682118.jpg,690,101,948,359,827,220
0682119.jpg,690,101,948,359,829,221
0682120.jpg,690,98,948,356,827,220
0682121.jpg,692,96,950,354,827,218
0682122.jpg,692,95,950,353,828,217
0682123.jpg,693,92,951,350,829,217
0682124.jpg,693,92,951,350,829,216
0682125.jpg,693,92,951,350,829,216
0682126.jpg,693,92,951,350,828,216
0682127.jpg,691,90,953,352,829,215
0682128.jpg,692,92,954,354,829,217
0682129.jpg,692,92,954,354,829,217
0682130.jpg,693,93,955,355,829,217
0682131.jpg,693,97,955,359,829,219
0682132.jpg,693,98,955,360,829,218
0682133.jpg,693,98,955,360,829,220
0682134.jpg,691,96,957,362,830,221
0682135.jpg,691,96,957,362,831,220
0682136.jpg,690,96,956,362,831,220
0682137.jpg,690,97,956,363,832,220
0682138.jpg,690,97,956,363,833,221
0682139.jpg,693,95,959,361,834,222
0682140.jpg,694,95,960,361,833,222
0682141.jpg,694,95,960,361,834,221
0682142.jpg,694,94,960,360,835,221
0682143.jpg,695,94,961,360,835,221
0682144.jpg,694,92,960,358,834,221
0682145.jpg,694,92,960,358,836,221
0682146.jpg,694,92,960,358,837,219
0682147.jpg,694,92,960,358,838,218
0682148.jpg,694,92,960,358,837,219
0682149.jpg,696,95,958,357,837,219
0682150.jpg,696,95,958,357,837,218
0682151.jpg,695,97,957,359,835,220
0682152.jpg,691,98,961,368,835,220
0682153.jpg,691,99,961,369,834,222
0682154.jpg,690,99,960,369,834,225
0682155.jpg,690,99,960,369,833,225
0682156.jpg,690,99,960,369,833,225
0682157.jpg,691,102,957,368,831,227
0682158.jpg,691,102,957,368,834,227
0682159.jpg,691,103,957,369,833,229
0682160.jpg,690,104,956,370,832,231
0682161.jpg,689,108,955,374,831,232
0682162.jpg,689,109,955,375,830,236
0682163.jpg,689,109,955,375,829,237
0682164.jpg,688,111,954,377,830,240
0682165.jpg,687,111,953,377,828,240
0682166.jpg,686,111,952,377,828,241
0682167.jpg,686,111,952,377,827,241
0682168.jpg,687,113,949,375,827,243
0682169.jpg,686,113,948,375,827,242
0682170.jpg,686,112,948,374,826,242
0682171.jpg,688,114,946,372,828,240
0682172.jpg,689,114,947,372,828,240
0682173.jpg,688,112,950,374,828,239
0682174.jpg,688,109,950,371,829,236
0682175.jpg,691,106,953,368,831,233
0682176.jpg,692,105,954,367,831,230
0682177.jpg,694,103,956,365,833,229
0682178.jpg,694,99,956,361,834,226
0682179.jpg,694,99,956,361,835,225
0682180.jpg,694,99,956,361,834,224
0682181.jpg,694,99,956,361,834,225
0682182.jpg,697,102,955,360,835,225
0682183.jpg,697,102,955,360,836,224
0682184.jpg,697,102,955,360,835,224
0682185.jpg,698,103,956,361,837,224
0682186.jpg,698,103,956,361,837,224
0682187.jpg,698,102,956,360,836,224
0682188.jpg,698,102,956,360,836,222
0682189.jpg,698,102,956,360,725,228
0682190.jpg,696,101,958,363,718,232
0682191.jpg,698,103,956,361,717,233
0682192.jpg,698,103,956,361,717,232
0682193.jpg,698,103,956,361,718,231
0682194.jpg,698,103,956,361,717,232
0682195.jpg,697,103,955,361,716,231
0682196.jpg,696,105,950,359,716,231
0682197.jpg,695,105,949,359,715,232
0682198.jpg,694,104,948,358,712,232
0682199.jpg,692,102,950,360,711,233
0682200.jpg,688,100,950,362,709,234
0682201.jpg,683,100,945,362,706,233
0682202.jpg,680,102,942,364,703,232
0682203.jpg,677,105,935,363,699,232
0682204.jpg,675,109,927,361,650,314
0682205.jpg,676,114,920,358,661,312
0682206.jpg,673,116,913,356,662,312
0682207.jpg,670,117,910,357,662,313
0682208.jpg,667,117,907,357,663,312
0682209.jpg,664,119,904,359,663,311
0682210.jpg,662,119,902,359,663,310
0682211.jpg,660,120,900,360,664,310
0682212.jpg,656,121,896,361,662,309
0682213.jpg,653,122,893,362,506,260
0682214.jpg,651,126,891,366,514,265
0682215.jpg,648,129,888,369,515,264
0682216.jpg,648,130,888,370,514,264
0682217.jpg,645,133,885,373,514,264
0682218.jpg,650,140,880,370,513,265
0682219.jpg,649,144,879,374,514,264
0682220.jpg,648,145,878,375,514,264
0682221.jpg,645,144,879,378,514,265
0682222.jpg,645,145,879,379,513,264
0682223.jpg,645,145,879,379,514,264
0682224.jpg,647,144,883,380,408,276
0682225.jpg,648,144,884,380,744,244
0682226.jpg,649,144,885,380,753,248
0682227.jpg,650,144,886,380,755,252
0682228.jpg,651,141,887,377,759,252
0682229.jpg,652,139,888,375,762,251
0682230.jpg,652,137,892,377,765,250
0682231.jpg,657,139,893,375,769,249
0682232.jpg,658,139,894,375,773,250
0682233.jpg,658,135,898,375,777,247
0682234.jpg,661,134,901,374,782,248
0682235.jpg,662,130,906,374,787,246
0682236.jpg,665,130,909,374,791,245
0682237.jpg,667,130,911,374,795,243
0682238.jpg,669,128,913,372,799,241
0682239.jpg,673,126,913,366,802,242
0682240.jpg,676,125,916,365,805,242
0682241.jpg,676,125,916,365,805,241
0682242.jpg,678,121,922,365,808,239
0682243.jpg,676,116,928,368,810,239
0682244.jpg,677,114,931,368,812,238
0682245.jpg,680,112,934,366,816,237
0682246.jpg,682,111,936,365,819,236
0682247.jpg,689,111,943,365,822,235
0682248.jpg,691,111,945,365,827,234
0682249.jpg,690,109,948,367,830,235
0682250.jpg,693,109,951,367,832,234
0682251.jpg,695,108,953,366,832,235
0682252.jpg,696,108,954,366,834,235
0682253.jpg,696,108,954,366,833,233
0682254.jpg,696,108,954,366,834,232
0682255.jpg,696,108,954,366,834,233
0682256.jpg,696,108,954,366,835,232
0682257.jpg,696,107,954,365,834,233
0682258.jpg,696,107,954,365,835,231
0682259.jpg,696,107,954,365,835,231
0682260.jpg,697,105,955,363,835,230
0682261.jpg,697,105,955,363,836,229
0682262.jpg,695,103,957,365,837,229
0682263.jpg,694,101,960,367,840,228
0682264.jpg,693,101,963,371,841,227
0682265.jpg,693,101,963,371,841,227
0682266.jpg,693,101,963,371,842,226
0682267.jpg,693,100,965,372,843,227
0682268.jpg,694,100,966,372,844,226
0682269.jpg,695,99,967,371,843,224
0682270.jpg,696,99,968,371,843,223
0682271.jpg,696,99,968,371,845,224
0682272.jpg,698,100,968,370,845,223
0682273.jpg,698,99,968,369,845,221
0682274.jpg,698,99,968,369,845,220
0682275.jpg,697,98,967,368,844,220
0682276.jpg,696,95,968,367,844,216
0682277.jpg,694,92,970,368,844,215
0682278.jpg,694,90,970,366,843,213
0682279.jpg,694,89,970,365,844,212
0682280.jpg,695,89,967,361,844,211
0682281.jpg,694,89,966,361,844,210
0682282.jpg,694,89,966,361,845,210
0682283.jpg,693,89,965,361,844,209
0682284.jpg,693,89,963,359,844,208
0682285.jpg,693,89,963,359,844,208
0682286.jpg,693,89,963,359,845,208
0682287.jpg,693,89,963,359,845,207
0682288.jpg,693,87,963,357,845,206
0682289.jpg,693,87,963,357,845,206
0682290.jpg,695,89,961,355,845,206
0682291.jpg,695,89,961,355,844,209
0682292.jpg,695,90,961,356,844,209
0682293.jpg,695,92,961,358,843,209
0682294.jpg,696,94,958,356,843,212
0682295.jpg,696,94,958,356,843,212
0682296.jpg,695,95,957,357,842,214
0682297.jpg,695,95,957,357,840,214
0682298.jpg,693,98,959,364,841,214
0682299.jpg,690,98,960,368,839,215
0682300.jpg,690,98,960,368,839,217
0682301.jpg,690,98,960,368,836,217
0682302.jpg,691,101,957,367,836,218
0682303.jpg,691,101,957,367,834,219
0682304.jpg,689,102,955,368,832,219
0682305.jpg,688,102,954,368,829,220
0682306.jpg,686,102,952,368,829,222
0682307.jpg,685,104,951,370,827,223
0682308.jpg,684,106,950,372,826,222
0682309.jpg,683,106,949,372,823,223
0682310.jpg,681,107,947,373,824,223
0682311.jpg,683,109,945,371,822,226
0682312.jpg,683,110,945,372,822,226
0682313.jpg,681,110,943,372,820,227
0682314.jpg,681,110,943,372,821,226
0682315.jpg,680,113,942,375,822,227
0682316.jpg,679,113,941,375,822,228
0682317.jpg,678,114,940,376,821,231
0682318.jpg,677,114,939,376,821,233
0682319.jpg,677,114,939,376,820,233
0682320.jpg,677,114,939,376,821,232
0682321.jpg,677,114,939,376,820,231
0682322.jpg,677,114,939,376,822,233
0682323.jpg,676,112,942,378,822,232
0682324.jpg,676,111,942,377,821,230
0682325.jpg,677,111,943,377,821,229
0682326.jpg,677,109,943,375,822,230
0682327.jpg,682,111,944,373,823,228
0682328.jpg,682,111,944,373,823,229
0682329.jpg,682,111,944,373,824,227
0682330.jpg,681,110,943,372,825,226
0682331.jpg,679,106,945,372,827,226
0682332.jpg,678,106,944,372,827,226
0682333.jpg,678,105,944,371,827,224
0682334.jpg,677,103,943,369,826,224
0682335.jpg,677,103,943,369,825,222
0682336.jpg,677,103,943,369,826,223
0682337.jpg,677,103,943,369,826,222
0682338.jpg,678,103,944,369,825,222
0682339.jpg,678,103,944,369,826,221
0682340.jpg,678,101,944,367,826,219
0682341.jpg,680,103,942,365,825,218
0682342.jpg,679,103,941,365,825,216
0682343.jpg,679,102,941,364,825,216
0682344.jpg,679,102,941,364,825,216
0682345.jpg,679,102,941,364,823,217
0682346.jpg,679,102,941,364,823,216
0682347.jpg,672,95,944,367,822,216
0682348.jpg,672,95,944,367,823,217
0682349.jpg,672,95,944,367,823,217
0682350.jpg,672,95,944,367,822,216
0682351.jpg,673,95,945,367,822,217
0682352.jpg,681,104,939,362,823,218
0682353.jpg,682,104,940,362,823,216
0682354.jpg,683,104,941,362,823,216
0682355.jpg,683,104,941,362,825,216
0682356.jpg,683,104,941,362,824,217
0682357.jpg,684,104,942,362,825,219
0682358.jpg,684,102,946,364,826,219
0682359.jpg,685,102,947,364,826,218
0682360.jpg,686,101,948,363,827,221
0682361.jpg,684,97,950,363,827,221
0682362.jpg,685,96,951,362,829,220
0682363.jpg,687,98,949,360,829,221
0682364.jpg,687,98,949,360,832,220
0682365.jpg,688,98,950,360,832,222
0682366.jpg,689,98,951,360,833,221
0682367.jpg,690,98,952,360,834,221
0682368.jpg,688,96,954,362,834,222
0682369.jpg,689,100,955,366,835,222
0682370.jpg,690,101,956,367,835,222
0682371.jpg,688,99,958,369,835,222
0682372.jpg,688,100,958,370,835,223
0682373.jpg,688,100,958,370,836,223
0682374.jpg,688,100,958,370,835,223
0682375.jpg,688,100,958,370,836,220
0682376.jpg,689,100,959,370,835,220
0682377.jpg,689,100,959,370,835,222
0682378.jpg,689,100,959,370,836,221
0682379.jpg,691,102,957,368,836,221
0682380.jpg,689,100,959,370,836,222
0682381.jpg,689,100,959,370,835,222
0682382.jpg,689,101,959,371,834,222
0682383.jpg,688,102,958,372,835,223
0682384.jpg,687,103,957,373,832,224
0682385.jpg,686,103,956,373,833,224
0682386.jpg,686,103,956,373,832,226
0682387.jpg,686,103,956,373,832,226
0682388.jpg,685,103,955,373,832,226
0682389.jpg,685,104,955,374,832,227
0682390.jpg,686,106,952,372,831,228
0682391.jpg,685,106,951,372,831,229
0682392.jpg,685,106,951,372,829,229
0682393.jpg,684,106,950,372,831,230
0682394.jpg,684,107,950,373,830,230
0682395.jpg,684,107,950,373,830,231
0682396.jpg,684,107,950,373,830,230
0682397.jpg,684,108,950,374,830,232
0682398.jpg,684,108,950,374,830,232
0682399.jpg,686,111,948,373,830,231
0682400.jpg,686,111,948,373,830,231
0682401.jpg,685,112,947,374,830,232
0682402.jpg,683,111,949,377,830,232
0682403.jpg,682,112,948,378,831,233
0682404.jpg,682,112,948,378,831,235
0682405.jpg,682,112,948,378,831,233
0682406.jpg,682,112,948,378,830,234
0682407.jpg,681,112,947,378,829,234
0682408.jpg,683,114,945,376,829,233
0682409.jpg,682,114,944,376,829,235
0682410.jpg,681,113,943,375,828,233
0682411.jpg,681,113,943,375,828,235
0682412.jpg,680,113,942,375,828,234
0682413.jpg,679,111,941,373,829,234
0682414.jpg,679,111,941,373,828,234
0682415.jpg,678,110,940,372,828,234
0682416.jpg,677,110,939,372,797,220
0682417.jpg,675,108,941,374,819,221
0682418.jpg,675,108,941,374,818,220
0682419.jpg,675,108,941,374,818,219
0682420.jpg,675,108,941,374,818,220
0682421.jpg,675,108,941,374,816,219
0682422.jpg,675,107,941,373,816,218
0682423.jpg,675,107,941,373,817,217
0682424.jpg,675,106,941,372,817,216
0682425.jpg,675,106,941,372,815,215
0682426.jpg,675,106,941,372,816,215
0682427.jpg,675,106,941,372,815,214
0682428.jpg,678,106,944,372,818,214
0682429.jpg,680,106,946,372,817,214
0682430.jpg,681,106,947,372,819,212
0682431.jpg,682,106,948,372,817,212
0682432.jpg,683,106,949,372,819,210
0682433.jpg,683,106,949,372,818,210
0682434.jpg,685,108,947,370,819,209
0682435.jpg,685,108,947,370,822,211
0682436.jpg,685,108,947,370,822,210
0682437.jpg,685,108,947,370,821,211
0682438.jpg,686,107,948,369,822,209
0682439.jpg,684,104,950,370,821,208
0682440.jpg,684,104,950,370,821,209
0682441.jpg,684,104,950,370,821,210
0682442.jpg,684,104,950,370,820,211
0682443.jpg,684,104,950,370,820,211
0682444.jpg,684,104,950,370,820,212
0682445.jpg,683,104,949,370,821,212
0682446.jpg,686,105,948,367,820,212
0682447.jpg,686,105,948,367,821,211
0682448.jpg,686,105,948,367,821,211
0682449.jpg,687,104,949,366,822,211
0682450.jpg,687,104,949,366,821,211
0682451.jpg,688,103,950,365,822,211
0682452.jpg,689,103,951,365,823,213
0682453.jpg,688,101,954,367,825,209
0682454.jpg,690,101,956,367,827,209
0682455.jpg,692,100,958,366,831,210
0682456.jpg,695,100,961,366,834,208
0682457.jpg,696,100,962,366,836,208
0682458.jpg,699,100,965,366,838,205
0682459.jpg,697,98,967,368,840,205
0682460.jpg,698,98,968,368,841,205
0682461.jpg,698,98,968,368,844,205
0682462.jpg,703,100,969,366,846,204
0682463.jpg,706,100,972,366,847,204
0682464.jpg,710,100,976,366,849,204
0682465.jpg,714,101,976,363,849,203
0682466.jpg,714,101,976,363,850,204
0682467.jpg,719,105,973,359,850,204
0682468.jpg,719,105,973,359,852,204
0682469.jpg,722,105,976,359,851,202
0682470.jpg,722,106,976,360,851,201
0682471.jpg,722,106,976,360,852,202
0682472.jpg,720,104,978,362,852,201
0682473.jpg,719,104,977,362,852,201
0682474.jpg,718,104,976,362,851,201
0682475.jpg,715,103,973,361,850,203
0682476.jpg,715,103,973,361,849,203
0682477.jpg,713,103,971,361,850,201
0682478.jpg,709,103,967,361,848,202
0682479.jpg,706,101,968,363,847,201
0682480.jpg,700,99,966,365,846,201
0682481.jpg,699,98,965,364,843,204
0682482.jpg,698,97,964,363,842,204
0682483.jpg,698,99,960,361,840,205
0682484.jpg,699,101,957,359,839,206
0682485.jpg,699,100,957,358,839,207
0682486.jpg,701,101,955,355,835,210
0682487.jpg,699,102,953,356,833,210
0682488.jpg,699,102,953,356,833,210
0682489.jpg,699,103,953,357,831,211
0682490.jpg,698,106,952,360,829,213
0682491.jpg,697,107,951,361,827,213
0682492.jpg,697,108,949,360,828,212
