0701004.jpg,574,226,736,388,863,299
0701005.jpg,575,226,737,388,864,303
0701006.jpg,575,226,737,388,863,302
0701007.jpg,575,227,737,389,863,302
0701008.jpg,575,227,737,389,864,299
0701009.jpg,575,228,737,390,863,298
0701010.jpg,576,228,738,390,863,296
0701011.jpg,578,230,736,388,864,294
0701012.jpg,578,230,736,388,865,294
0701013.jpg,578,230,736,388,866,293
0701014.jpg,578,230,736,388,867,293
0701015.jpg,578,230,736,388,867,295
0701016.jpg,577,230,735,388,868,294
0701017.jpg,577,230,735,388,870,294
0701018.jpg,577,230,735,388,872,294
0701019.jpg,577,230,735,388,873,294
0701020.jpg,578,231,736,389,873,294
0701021.jpg,578,231,736,389,873,294
0701022.jpg,578,231,736,389,875,294
0701023.jpg,578,231,736,389,875,294
0701024.jpg,578,231,736,389,875,294
0701025.jpg,578,231,736,389,874,294
0701026.jpg,576,229,738,391,874,295
0701027.jpg,575,229,737,391,873,295
0701028.jpg,575,229,737,391,874,296
0701029.jpg,574,229,736,391,872,294
0701030.jpg,573,229,735,391,872,294
0701031.jpg,573,229,735,391,871,296
0701032.jpg,573,229,735,391,870,294
0701033.jpg,576,231,734,389,869,295
0701034.jpg,576,231,734,389,868,295
0701035.jpg,577,231,735,389,867,297
0701036.jpg,578,231,736,389,867,298
0701037.jpg,578,231,736,389,868,297
0701038.jpg,578,231,736,389,867,295
0701039.jpg,577,231,735,389,867,294
0701040.jpg,577,231,735,389,866,295
0701041.jpg,577,231,735,389,866,297
0701042.jpg,577,231,735,389,866,296
0701043.jpg,577,231,735,389,865,292
0701044.jpg,577,231,735,389,866,292
0701045.jpg,577,231,735,389,865,295
0701046.jpg,577,231,735,389,864,295
0701047.jpg,577,231,735,389,865,294
0701048.jpg,577,231,735,389,864,297
0701049.jpg,577,231,735,389,863,295
0701050.jpg,577,231,735,389,865,297
0701051.jpg,577,231,735,389,865,296
0701052.jpg,575,229,737,391,863,297
0701053.jpg,575,229,737,391,863,296
0701054.jpg,575,229,737,391,863,296
0701055.jpg,575,229,737,391,863,295
0701056.jpg,575,229,737,391,862,294
0701057.jpg,575,229,737,391,863,297
0701058.jpg,575,229,737,391,863,297
0701059.jpg,575,229,737,391,863,299
0701060.jpg,577,231,735,389,863,299
0701061.jpg,577,232,735,390,864,300
0701062.jpg,577,232,735,390,865,301
0701063.jpg,577,233,735,391,864,300
0701064.jpg,577,233,735,391,865,302
0701065.jpg,577,233,735,391,866,301
0701066.jpg,577,233,735,391,865,302
0701067.jpg,577,233,735,391,867,303
0701068.jpg,577,233,735,391,866,303
0701069.jpg,577,233,735,391,867,303
0701070.jpg,577,234,735,392,866,301
0701071.jpg,577,234,735,392,867,302
0701072.jpg,577,234,735,392,868,303
0701073.jpg,577,234,735,392,868,302
0701074.jpg,577,233,735,391,867,302
0701075.jpg,577,233,735,391,867,303
0701076.jpg,577,233,735,391,868,302
0701077.jpg,576,233,734,391,868,302
0701078.jpg,576,233,734,391,870,303
0701079.jpg,576,233,734,391,869,303
0701080.jpg,576,233,734,391,869,302
0701081.jpg,576,233,734,391,869,302
0701082.jpg,576,233,734,391,869,304
0701083.jpg,576,233,734,391,870,303
0701084.jpg,576,233,734,391,870,302
0701085.jpg,576,233,734,391,869,303
0701086.jpg,576,233,734,391,870,303
0701087.jpg,576,233,734,391,868,302
0701088.jpg,576,233,734,391,868,305
0701089.jpg,575,233,733,391,869,304
0701090.jpg,575,233,733,391,867,304
0701091.jpg,575,233,733,391,867,304
0701092.jpg,576,233,734,391,866,306
0701093.jpg,576,233,734,391,866,305
0701094.jpg,577,233,735,391,866,305
0701095.jpg,577,233,735,391,866,306
0701096.jpg,577,233,735,391,865,307
0701097.jpg,577,233,735,391,865,306
0701098.jpg,577,233,735,391,865,308
0701099.jpg,577,233,735,391,864,307
0701100.jpg,579,235,733,389,864,308
0701101.jpg,579,235,733,389,863,308
0701102.jpg,579,235,733,389,863,308
0701103.jpg,577,233,735,391,862,307
0701104.jpg,577,233,735,391,862,306
0701105.jpg,577,233,735,391,863,306
0701106.jpg,577,233,735,391,862,307
0701107.jpg,577,232,735,390,862,308
0701108.jpg,580,234,734,388,862,307
0701109.jpg,580,234,734,388,862,308
0701110.jpg,580,234,734,388,862,307
0701111.jpg,580,234,734,388,861,308
0701112.jpg,578,232,736,390,861,308
0701113.jpg,578,233,736,391,861,307
0701114.jpg,579,233,737,391,861,308
0701115.jpg,579,233,737,391,860,307
0701116.jpg,579,233,737,391,859,306
0701117.jpg,579,233,737,391,860,307
0701118.jpg,579,233,737,391,861,308
0701119.jpg,579,233,737,391,861,308
0701120.jpg,579,233,737,391,861,310
0701121.jpg,580,233,738,391,862,309
0701122.jpg,580,233,738,391,863,310
0701123.jpg,580,233,738,391,865,309
0701124.jpg,580,233,738,391,866,309
0701125.jpg,579,234,737,392,866,308
0701126.jpg,579,234,737,392,866,309
0701127.jpg,579,234,737,392,867,308
0701128.jpg,579,234,737,392,868,308
0701129.jpg,580,234,738,392,868,307
0701130.jpg,580,234,738,392,868,307
0701131.jpg,581,234,739,392,868,307
0701132.jpg,582,234,740,392,869,306
0701133.jpg,582,235,740,393,869,306
0701134.jpg,582,235,740,393,871,306
0701135.jpg,582,236,740,394,870,306
0701136.jpg,577,240,739,402,871,307
0701137.jpg,577,241,739,403,872,308
0701138.jpg,577,241,739,403,872,308
0701139.jpg,577,241,739,403,872,306
0701140.jpg,577,241,739,403,873,308
0701141.jpg,577,241,739,403,873,308
0701142.jpg,577,241,739,403,873,307
0701143.jpg,577,241,739,403,874,307
0701144.jpg,577,241,739,403,875,306
0701145.jpg,577,241,739,403,874,308
0701146.jpg,576,240,740,404,874,307
0701147.jpg,576,240,740,404,875,309
0701148.jpg,576,240,740,404,874,308
0701149.jpg,576,240,740,404,874,309
0701150.jpg,576,240,740,404,874,309
0701151.jpg,576,240,740,404,874,309
0701152.jpg,580,236,742,398,872,311
0701153.jpg,580,236,742,398,872,310
0701154.jpg,580,236,742,398,872,310
0701155.jpg,580,236,742,398,870,309
0701156.jpg,580,236,742,398,869,310
0701157.jpg,578,235,742,399,870,310
0701158.jpg,576,234,740,398,868,309
0701159.jpg,576,234,740,398,869,309
0701160.jpg,576,234,740,398,869,311
0701161.jpg,576,234,740,398,868,311
0701162.jpg,576,234,740,398,869,310
0701163.jpg,576,234,740,398,868,311
0701164.jpg,577,235,739,397,869,311
0701165.jpg,577,234,739,396,868,311
0701166.jpg,577,234,739,396,869,310
0701167.jpg,578,234,740,396,869,311
0701168.jpg,578,234,740,396,868,311
0701169.jpg,580,236,738,394,869,311
0701170.jpg,580,236,738,394,868,310
0701171.jpg,580,236,738,394,867,310
0701172.jpg,578,233,740,395,867,310
0701173.jpg,576,232,740,396,868,310
0701174.jpg,576,232,740,396,867,312
0701175.jpg,574,230,742,398,867,311
0701176.jpg,573,230,741,398,867,312
0701177.jpg,573,230,741,398,867,313
0701178.jpg,571,228,743,400,866,312
0701179.jpg,570,228,742,400,866,311
0701180.jpg,570,228,742,400,855,303
0701181.jpg,570,228,742,400,924,262
0701182.jpg,570,228,742,400,1254,251
0701183.jpg,570,228,742,400,1254,261
0701184.jpg,572,228,740,396,1253,263
0701185.jpg,572,227,740,395,1253,264
0701186.jpg,572,227,740,395,1253,264
0701187.jpg,570,225,742,397,1254,264
0701188.jpg,569,224,741,396,1254,265
0701189.jpg,569,224,741,396,1254,265
0701190.jpg,570,224,742,396,1254,266
0701191.jpg,572,226,740,394,1254,266
0701192.jpg,572,226,740,394,1254,267
0701193.jpg,572,225,740,393,1254,266
0701194.jpg,572,225,740,393,966,382
0701195.jpg,571,224,739,392,856,307
0701196.jpg,571,224,739,392,860,311
0701197.jpg,571,224,739,392,861,311
0701198.jpg,573,226,737,390,860,309
0701199.jpg,573,226,737,390,860,309
0701200.jpg,573,225,737,389,861,310
0701201.jpg,572,225,736,389,861,310
0701202.jpg,572,225,736,389,860,308
0701203.jpg,572,225,736,389,860,309
0701204.jpg,572,226,734,388,860,308
0701205.jpg,572,226,734,388,860,309
0701206.jpg,572,227,734,389,859,307
0701207.jpg,571,227,733,389,859,306
0701208.jpg,571,227,733,389,858,306
0701209.jpg,571,227,733,389,856,305
0701210.jpg,556,231,718,393,856,302
0701211.jpg,556,231,718,393,853,299
0701212.jpg,556,231,718,393,853,298
0701213.jpg,556,231,718,393,852,296
0701214.jpg,556,231,718,393,850,295
0701215.jpg,556,231,718,393,849,296
0701216.jpg,555,231,717,393,848,296
0701217.jpg,555,231,717,393,846,296
0701218.jpg,557,233,715,391,846,298
0701219.jpg,557,233,715,391,845,299
0701220.jpg,557,234,715,392,845,301
0701221.jpg,558,234,716,392,844,303
0701222.jpg,558,234,716,392,845,304
0701223.jpg,558,234,716,392,845,305
0701224.jpg,558,234,716,392,844,307
0701225.jpg,556,232,718,394,845,308
0701226.jpg,556,232,718,394,845,309
0701227.jpg,556,233,718,395,846,310
0701228.jpg,555,233,719,397,846,310
0701229.jpg,554,233,718,397,846,311
0701230.jpg,554,233,718,397,846,310
0701231.jpg,554,233,718,397,847,311
0701232.jpg,554,232,718,396,848,311
0701233.jpg,575,234,733,392,849,310
0701234.jpg,576,234,734,392,848,310
0701235.jpg,577,233,735,391,849,311
0701236.jpg,578,233,736,391,849,310
0701237.jpg,578,233,736,391,850,311
0701238.jpg,578,233,736,391,851,311
0701239.jpg,578,233,736,391,851,311
0701240.jpg,577,233,735,391,851,310
0701241.jpg,577,233,735,391,851,310
0701242.jpg,577,233,735,391,852,313
0701243.jpg,575,231,737,393,851,313
0701244.jpg,576,231,738,393,853,313
0701245.jpg,576,231,738,393,848,302
0701246.jpg,576,231,738,393,845,307
0701247.jpg,576,230,738,392,848,310
0701248.jpg,575,230,737,392,849,310
0701249.jpg,575,230,737,392,859,313
0701250.jpg,575,230,737,392,892,311
0701252.jpg,574,229,738,393,1230,322
0701253.jpg,573,229,737,393,1229,319
0701254.jpg,573,229,737,393,1228,316
0701255.jpg,573,230,735,392,1228,319
0701256.jpg,572,229,734,391,1225,316
0701257.jpg,571,229,733,391,1224,316
0701258.jpg,570,229,732,391,1224,314
0701259.jpg,570,229,732,391,1199,272
0701260.jpg,568,229,730,391,1190,223
0701261.jpg,567,229,729,391,1194,227
0701262.jpg,566,229,728,391,1192,227
0701263.jpg,562,233,720,391,1194,227
0701264.jpg,562,233,720,391,1191,229
0701265.jpg,561,233,719,391,1189,231
0701266.jpg,561,233,719,391,1188,230
0701267.jpg,561,232,719,390,1187,230
0701268.jpg,560,232,718,390,1186,229
0701269.jpg,560,232,718,390,1186,229
0701270.jpg,557,230,719,392,1189,228
0701271.jpg,556,230,718,392,1190,228
0701272.jpg,555,229,719,393,1192,233
0701273.jpg,555,229,719,393,700,318
0701274.jpg,555,229,719,393,703,319
0701275.jpg,554,229,718,393,703,320
0701276.jpg,554,229,718,393,710,325
0701277.jpg,552,226,720,394,679,311
0701278.jpg,551,226,719,394,646,307
0701279.jpg,551,226,719,394,640,306
0701280.jpg,551,225,719,393,637,304
0701281.jpg,550,223,722,395,629,297
0701282.jpg,550,223,722,395,668,278
0701283.jpg,550,223,722,395,659,252
0701284.jpg,550,222,722,394,642,253
0701285.jpg,550,222,722,394,638,252
0701286.jpg,550,222,722,394,637,253
0701287.jpg,551,222,723,394,637,252
0701288.jpg,551,222,723,394,637,252
0701289.jpg,551,222,723,394,635,251
0701290.jpg,551,222,723,394,636,252
0701291.jpg,552,222,724,394,636,251
0701292.jpg,552,222,724,394,639,240
0701293.jpg,552,222,724,394,693,237
0701294.jpg,553,222,725,394,699,238
0701295.jpg,553,221,725,393,700,240
0701296.jpg,553,221,725,393,702,240
0701297.jpg,552,221,724,393,703,239
0701298.jpg,551,221,723,393,702,239
0701299.jpg,551,221,723,393,702,239
0701300.jpg,550,221,722,393,704,239
0701301.jpg,550,222,722,394,703,239
0701303.jpg,549,223,721,395,639,218
0701304.jpg,547,223,719,395,647,220
0701305.jpg,546,223,718,395,648,219
0701306.jpg,546,224,718,396,648,219
0701307.jpg,544,225,716,397,647,219
0701308.jpg,541,225,717,401,647,218
0701309.jpg,540,229,716,405,647,218
0701310.jpg,540,234,716,410,646,219
0701311.jpg,537,245,713,421,638,267
0701312.jpg,539,265,707,433,634,308
0701313.jpg,540,275,704,439,641,351
0701314.jpg,535,288,697,450,657,417
0701315.jpg,531,289,693,451,656,549
0701316.jpg,528,291,690,453,636,594
0701317.jpg,525,293,687,455,641,599
0701318.jpg,524,294,686,456,606,575
0701319.jpg,521,293,685,457,610,573
0701320.jpg,520,293,684,457,610,578
0701321.jpg,520,293,684,457,596,582
0701322.jpg,520,293,682,455,593,582
0701323.jpg,520,293,682,455,596,584
0701324.jpg,521,294,679,452,596,582
0701325.jpg,521,293,679,451,595,582
0701326.jpg,521,291,679,449,595,583
0701327.jpg,521,290,679,448,595,584
0701328.jpg,520,279,684,443,594,584
0701329.jpg,520,270,688,438,594,584
0701330.jpg,522,264,690,432,594,583
0701331.jpg,523,251,691,419,596,582
0701332.jpg,522,245,694,417,746,559
0701333.jpg,520,241,696,417,849,504
0701334.jpg,522,238,698,414,913,420
0701336.jpg,527,236,699,408,828,315
0701337.jpg,527,236,699,408,835,314
0701338.jpg,529,238,697,406,837,313
0701339.jpg,535,240,699,404,837,312
0701340.jpg,537,241,699,403,837,312
0701341.jpg,541,241,703,403,839,313
0701342.jpg,543,241,705,403,839,312
0701343.jpg,543,241,705,403,842,309
0701344.jpg,544,241,706,403,844,308
0701345.jpg,546,242,708,404,852,303
0701346.jpg,546,242,708,404,860,300
0701347.jpg,547,242,709,404,861,298
0701348.jpg,548,241,710,403,865,297
0701349.jpg,547,240,711,404,872,296
0701350.jpg,548,240,712,404,876,296
0701351.jpg,551,240,715,404,880,294
0701352.jpg,551,240,715,404,883,294
0701353.jpg,551,241,715,405,884,296
0701354.jpg,552,242,716,406,885,296
0701355.jpg,552,242,716,406,887,295
0701356.jpg,552,242,716,406,887,296
0701357.jpg,567,242,731,406,890,295
0701358.jpg,568,240,732,404,891,296
0701359.jpg,569,240,733,404,892,297
0701360.jpg,570,240,734,404,893,296
0701361.jpg,568,238,736,406,894,296
0701362.jpg,569,238,737,406,925,346
0701364.jpg,568,234,740,406,1230,375
0701365.jpg,569,234,741,406,1236,384
0701366.jpg,569,234,741,406,1240,382
0701367.jpg,568,233,740,405,1241,383
0701368.jpg,568,233,740,405,1242,383
0701369.jpg,568,233,740,405,1243,385
0701370.jpg,566,232,738,404,1242,385
0701371.jpg,565,232,737,404,1242,384
0701372.jpg,563,234,731,402,1242,385
0701373.jpg,560,231,732,403,1242,386
0701374.jpg,558,230,730,402,1243,386
0701375.jpg,557,230,729,402,1240,387
0701376.jpg,556,229,728,401,1241,386
0701377.jpg,556,228,728,400,1249,390
0701378.jpg,554,226,730,402,1245,379
0701379.jpg,554,225,730,401,1250,373
0701380.jpg,554,223,730,399,724,201
0701381.jpg,552,221,732,401,726,204
0701382.jpg,552,221,732,401,727,206
0701383.jpg,552,221,732,401,726,205
0701384.jpg,554,223,730,399,727,208
0701385.jpg,553,225,725,397,725,208
0701386.jpg,553,226,725,398,726,208
0701387.jpg,552,226,724,398,727,208
0701388.jpg,552,227,724,399,733,215
0701389.jpg,551,227,723,399,775,218
0701390.jpg,553,229,721,397,1247,341
0701391.jpg,553,229,721,397,1261,321
0701392.jpg,552,229,720,397,1260,329
0701393.jpg,552,229,720,397,1260,331
0701394.jpg,552,228,720,396,1260,331
0701395.jpg,554,229,718,393,1261,331
0701396.jpg,554,229,718,393,1261,331
0701397.jpg,553,229,717,393,1261,328
0701398.jpg,554,229,718,393,1261,329
0701399.jpg,555,233,717,395,1260,328
0701400.jpg,556,234,718,396,814,322
0701401.jpg,556,234,718,396,890,292
0701402.jpg,558,237,716,395,890,297
0701403.jpg,557,237,715,395,890,297
0701404.jpg,555,235,717,397,890,298
0701405.jpg,553,235,715,397,891,298
0701406.jpg,553,235,715,397,889,299
0701407.jpg,552,235,714,397,889,300
0701408.jpg,552,234,714,396,888,302
0701409.jpg,552,233,714,395,889,300
0701410.jpg,549,233,711,395,886,302
0701411.jpg,549,233,711,395,815,365
0701412.jpg,548,232,712,396,1239,447
0701413.jpg,548,232,712,396,1253,456
0701414.jpg,544,230,716,402,1251,465
0701415.jpg,544,230,716,402,1250,457
0701416.jpg,542,228,718,404,1248,458
0701417.jpg,542,228,718,404,1246,457
0701418.jpg,540,228,716,404,1246,457
0701419.jpg,540,227,716,403,1245,458
0701420.jpg,540,227,716,403,1244,461
0701421.jpg,540,226,716,402,1243,462
0701422.jpg,539,226,715,402,1243,463
0701423.jpg,537,226,713,402,1245,491
0701424.jpg,535,222,715,402,686,304
0701425.jpg,534,220,714,400,593,313
0701426.jpg,533,219,713,399,590,314
0701427.jpg,532,219,712,399,593,316
0701428.jpg,532,219,712,399,597,299
0701429.jpg,532,219,712,399,604,304
0701430.jpg,532,219,712,399,620,301
0701431.jpg,535,221,711,397,620,300
0701432.jpg,536,221,712,397,620,300
0701433.jpg,537,221,713,397,620,300
0701434.jpg,538,222,714,398,621,299
0701435.jpg,539,223,715,399,621,300
0701436.jpg,540,223,716,399,624,302
0701437.jpg,540,223,716,399,625,299
0701438.jpg,542,225,714,397,626,302
0701439.jpg,541,224,713,396,627,303
0701440.jpg,540,223,712,395,628,301
0701441.jpg,540,222,712,394,612,309
0701442.jpg,541,223,709,391,578,305
0701443.jpg,541,223,709,391,566,296
0701445.jpg,543,223,707,387,533,285
0701446.jpg,543,223,707,387,497,264
0701447.jpg,544,221,708,385,473,266
0701448.jpg,544,220,708,384,460,272
0701449.jpg,545,221,707,383,451,264
0701450.jpg,545,221,707,383,501,132
0701451.jpg,546,221,708,383,511,131
0701452.jpg,547,221,709,383,511,132
0701453.jpg,548,221,710,383,510,131
0701454.jpg,550,221,712,383,510,131
0701455.jpg,549,221,713,385,511,131
0701456.jpg,551,221,715,385,511,133
0701457.jpg,551,222,715,386,510,134
0701458.jpg,551,222,715,386,509,134
0701459.jpg,552,222,716,386,513,118
0701460.jpg,550,220,718,388,513,119
0701461.jpg,550,220,718,388,512,119
0701462.jpg,551,221,719,389,513,119
0701463.jpg,552,221,720,389,514,119
0701464.jpg,552,221,720,389,514,118
0701465.jpg,555,223,719,387,514,119
0701466.jpg,555,223,719,387,514,119
0701467.jpg,555,222,719,386,514,118
0701468.jpg,557,223,719,385,513,117
0701469.jpg,557,223,719,385,513,118
0701470.jpg,557,223,719,385,514,118
0701471.jpg,557,222,719,384,513,118
0701472.jpg,557,222,719,384,513,118
0701473.jpg,556,222,718,384,514,117
0701474.jpg,555,222,717,384,513,118
0701475.jpg,557,224,715,382,513,117
0701476.jpg,556,224,714,382,513,158
0701477.jpg,555,224,713,382,506,157
0701478.jpg,555,224,713,382,505,158
0701479.jpg,555,223,713,381,504,157
0701480.jpg,555,222,713,380,422,233
0701481.jpg,556,222,714,380,402,231
0701482.jpg,556,222,714,380,400,231
0701483.jpg,556,222,714,380,400,231
0701484.jpg,556,223,714,381,400,231
0701485.jpg,556,224,714,382,399,231
0701486.jpg,556,224,714,382,398,231
0701487.jpg,554,223,716,385,399,231
0701488.jpg,555,223,717,385,398,231
0702004.jpg,763,197,957,391,639,305
0702005.jpg,764,196,958,390,637,306
0702006.jpg,764,195,958,389,639,307
0702007.jpg,765,194,959,388,640,307
0702008.jpg,765,194,959,388,639,306
0702009.jpg,765,194,959,388,640,307
0702010.jpg,765,194,959,388,640,306
0702011.jpg,765,194,959,388,640,305
0702012.jpg,765,197,959,391,641,307
0702013.jpg,767,199,957,389,640,307
0702014.jpg,768,199,958,389,640,306
0702015.jpg,768,199,958,389,641,307
0702016.jpg,771,201,957,387,641,308
0702017.jpg,774,202,956,384,640,307
0702018.jpg,774,202,956,384,640,308
0702019.jpg,774,202,956,384,639,308
0702020.jpg,775,202,957,384,639,307
0702021.jpg,773,201,959,387,640,307
0702022.jpg,773,202,959,388,639,307
0702023.jpg,773,202,959,388,638,308
0702024.jpg,772,203,958,389,638,307
0702025.jpg,772,203,958,389,638,308
0702026.jpg,772,203,958,389,638,307
0702027.jpg,771,203,957,389,637,306
0702028.jpg,768,200,958,390,637,307
0702029.jpg,768,198,958,388,637,306
0702030.jpg,767,197,957,387,636,306
0702031.jpg,767,197,957,387,636,307
0702032.jpg,767,196,957,386,636,308
0702033.jpg,767,196,957,386,635,308
0702034.jpg,767,196,957,386,634,308
0702035.jpg,767,196,957,386,634,308
0702036.jpg,767,196,957,386,633,309
0702037.jpg,767,196,957,386,633,308
0702038.jpg,768,197,954,383,634,308
0702039.jpg,768,197,954,383,634,309
0702040.jpg,768,198,954,384,634,308
0702041.jpg,768,198,954,384,634,309
0702042.jpg,767,198,953,384,634,308
0702043.jpg,767,198,953,384,633,309
0702044.jpg,765,197,955,387,633,309
0702045.jpg,765,197,955,387,634,309
0702046.jpg,765,197,955,387,633,309
0702047.jpg,763,196,953,386,634,308
0702048.jpg,763,196,953,386,634,307
0702049.jpg,765,198,951,384,634,308
0702050.jpg,766,200,948,382,633,308
0702051.jpg,765,199,947,381,633,308
0702052.jpg,765,199,947,381,634,308
0702053.jpg,765,199,947,381,634,308
0702054.jpg,765,199,947,381,634,307
0702055.jpg,763,197,949,383,634,307
0702056.jpg,765,197,951,383,633,308
0702057.jpg,764,195,954,385,633,308
0702058.jpg,764,195,954,385,633,307
0702059.jpg,763,193,957,387,632,308
0702060.jpg,764,193,958,387,633,306
0702061.jpg,766,195,956,385,632,306
0702062.jpg,766,195,956,385,631,306
0702063.jpg,767,195,957,385,632,307
0702064.jpg,767,195,957,385,631,306
0702065.jpg,767,195,957,385,631,305
0702066.jpg,767,195,957,385,631,306
0702067.jpg,767,195,957,385,630,306
0702068.jpg,767,195,957,385,630,307
0702069.jpg,768,195,958,385,629,306
0702070.jpg,768,195,958,385,630,306
0702071.jpg,768,195,958,385,629,307
0702072.jpg,768,196,958,386,630,306
0702073.jpg,768,196,958,386,630,307
0702074.jpg,768,196,958,386,629,307
0702075.jpg,768,197,958,387,629,306
0702076.jpg,767,196,957,386,630,307
0702077.jpg,767,197,957,387,629,306
0702078.jpg,767,197,957,387,647,278
0702079.jpg,767,197,957,387,656,254
0702080.jpg,767,197,957,387,648,255
0702081.jpg,767,197,957,387,647,256
0702082.jpg,766,197,956,387,646,256
0702083.jpg,766,197,956,387,646,256
0702084.jpg,767,197,957,387,644,255
0702085.jpg,767,196,957,386,641,255
0702086.jpg,767,196,957,386,638,255
0702087.jpg,767,196,957,386,641,254
0702088.jpg,765,192,959,386,642,321
0702089.jpg,766,192,960,386,639,324
0702090.jpg,766,192,960,386,639,324
0702091.jpg,764,190,962,388,639,323
0702092.jpg,763,190,961,388,639,323
0702093.jpg,763,190,961,388,638,324
0702094.jpg,763,191,961,389,639,323
0702095.jpg,762,191,960,389,638,323
0702096.jpg,761,191,959,389,638,324
0702097.jpg,761,192,959,390,637,324
0702098.jpg,760,192,958,390,638,325
0702099.jpg,760,192,958,390,638,324
0702100.jpg,760,192,958,390,637,324
0702101.jpg,759,192,959,392,638,323
0702102.jpg,759,192,959,392,638,324
0702103.jpg,759,192,959,392,638,322
0702104.jpg,760,193,958,391,638,323
0702105.jpg,762,194,956,388,638,322
0702106.jpg,762,194,956,388,638,322
0702107.jpg,762,194,956,388,638,323
0702108.jpg,764,195,954,385,638,323
0702109.jpg,764,195,954,385,638,322
0702110.jpg,764,194,954,384,638,323
0702111.jpg,764,194,954,384,638,323
0702112.jpg,762,192,956,386,639,322
0702113.jpg,762,192,956,386,639,322
0702114.jpg,762,192,956,386,638,322
0702115.jpg,762,192,956,386,640,323
0702116.jpg,762,192,956,386,640,322
0702117.jpg,762,192,956,386,640,322
0702118.jpg,763,195,957,389,640,322
0702119.jpg,764,196,958,390,641,323
0702120.jpg,764,197,958,391,640,324
0702121.jpg,764,197,958,391,641,322
0702122.jpg,764,197,958,391,641,322
0702123.jpg,764,197,958,391,641,322
0702124.jpg,764,196,958,390,642,321
0702125.jpg,765,196,959,390,643,323
0702126.jpg,764,194,962,392,644,322
0702127.jpg,764,194,962,392,644,322
0702128.jpg,766,196,960,390,645,322
0702129.jpg,766,196,960,390,646,322
0702130.jpg,768,198,958,388,646,323
0702131.jpg,768,199,958,389,646,322
0702132.jpg,768,199,958,389,648,324
0702133.jpg,767,200,957,390,648,324
0702134.jpg,767,200,957,390,648,324
0702135.jpg,767,200,957,390,650,323
0702136.jpg,776,214,948,386,650,324
0702137.jpg,777,214,949,386,650,326
0702138.jpg,777,215,949,387,650,326
0702139.jpg,780,218,948,386,650,327
0702140.jpg,780,218,948,386,651,327
0702141.jpg,780,219,948,387,650,327
0702142.jpg,781,220,949,388,650,326
0702143.jpg,783,222,947,386,651,327
0702144.jpg,783,222,947,386,652,327
0702145.jpg,783,222,947,386,650,328
0702146.jpg,783,223,947,387,651,327
0702147.jpg,783,223,947,387,651,328
0702148.jpg,779,219,951,391,651,328
0702149.jpg,779,219,951,391,650,328
0702150.jpg,777,219,949,391,649,328
0702151.jpg,777,218,949,390,649,328
0702152.jpg,773,216,949,392,649,329
0702153.jpg,773,216,949,392,649,329
0702154.jpg,773,216,949,392,649,329
0702155.jpg,773,216,949,392,648,329
0702156.jpg,773,216,949,392,649,328
0702157.jpg,772,216,948,392,648,329
0702158.jpg,772,216,948,392,648,328
0702159.jpg,772,216,948,392,648,328
0702160.jpg,772,216,948,392,646,328
0702161.jpg,770,213,950,393,647,328
0702162.jpg,761,197,959,395,646,327
0702163.jpg,761,197,959,395,645,327
0702164.jpg,762,197,960,395,645,327
0702165.jpg,762,197,960,395,644,327
0702166.jpg,762,196,960,394,645,326
0702167.jpg,762,196,960,394,644,326
0702168.jpg,763,195,961,393,644,326
0702169.jpg,764,195,962,393,644,325
0702170.jpg,764,195,962,393,643,327
0702171.jpg,764,195,962,393,643,326
0702172.jpg,764,195,962,393,644,324
0702173.jpg,764,195,962,393,644,324
0702174.jpg,763,195,961,393,643,324
0702175.jpg,765,196,959,390,644,323
0702176.jpg,763,194,961,392,643,323
0702177.jpg,763,194,961,392,643,323
0702178.jpg,763,194,961,392,644,322
0702179.jpg,762,194,960,392,643,322
0702180.jpg,762,195,960,393,643,321
0702181.jpg,762,195,960,393,643,321
0702182.jpg,764,197,958,391,642,322
0702183.jpg,764,198,958,392,641,321
0702184.jpg,764,198,958,392,642,320
0702185.jpg,764,198,958,392,640,320
0702186.jpg,764,198,958,392,641,321
0702187.jpg,764,198,958,392,639,321
0702188.jpg,766,200,956,390,640,321
0702189.jpg,766,200,956,390,639,320
0702190.jpg,766,201,956,391,638,320
0702191.jpg,771,216,947,392,639,319
0702192.jpg,771,216,947,392,662,376
0702193.jpg,771,216,947,392,660,376
0702194.jpg,771,216,947,392,659,376
0702195.jpg,773,217,945,389,659,377
0702196.jpg,773,217,945,389,659,376
0702197.jpg,771,215,947,391,660,377
0702198.jpg,771,215,947,391,659,375
0702199.jpg,771,215,947,391,659,376
0702200.jpg,771,214,947,390,659,377
0702201.jpg,769,204,951,386,659,377
0702202.jpg,767,201,953,387,659,376
0702203.jpg,767,201,953,387,657,376
0702204.jpg,767,201,953,387,657,377
0702205.jpg,767,200,953,386,658,376
0702206.jpg,766,200,952,386,657,376
0702207.jpg,763,198,953,388,656,374
0702208.jpg,764,200,950,386,781,311
0702209.jpg,761,198,951,388,780,311
0702210.jpg,759,197,949,387,778,309
0702211.jpg,758,197,948,387,777,309
0702212.jpg,758,199,944,385,776,310
0702213.jpg,756,199,942,385,774,309
0702214.jpg,756,199,942,385,774,308
0702215.jpg,755,198,941,384,772,308
0702216.jpg,755,199,941,385,773,308
0702217.jpg,754,197,944,387,772,308
0702218.jpg,753,195,947,389,771,307
0702219.jpg,752,195,946,389,771,307
0702220.jpg,753,195,947,389,770,306
0702221.jpg,753,195,947,389,649,310
0702222.jpg,754,198,944,388,647,315
0702223.jpg,759,215,935,391,647,315
0702224.jpg,759,216,935,392,646,316
0702225.jpg,759,217,935,393,646,316
0702226.jpg,760,217,936,393,647,317
0702227.jpg,760,217,936,393,646,318
0702228.jpg,760,217,936,393,646,319
0702229.jpg,761,217,937,393,647,316
0702230.jpg,761,217,937,393,647,316
0702231.jpg,761,217,937,393,647,317
0702232.jpg,761,217,937,393,646,317
0702233.jpg,762,217,938,393,646,318
0702234.jpg,762,217,938,393,646,318
0702235.jpg,763,217,939,393,646,317
0702236.jpg,764,217,940,393,647,317
0702237.jpg,764,217,940,393,648,317
0702238.jpg,764,217,940,393,647,318
0702239.jpg,764,216,940,392,647,317
0702240.jpg,771,208,947,384,648,317
0702241.jpg,784,188,956,360,649,318
0702242.jpg,784,188,956,360,649,318
0702243.jpg,784,187,956,359,649,319
0702244.jpg,784,187,956,359,650,319
0702245.jpg,785,187,957,359,651,319
0702246.jpg,787,188,955,356,651,319
0702247.jpg,788,188,956,356,650,318
0702248.jpg,792,189,954,351,651,319
0702249.jpg,793,189,955,351,652,318
0702250.jpg,793,189,955,351,652,317
0702251.jpg,791,188,955,352,650,317
0702252.jpg,776,208,948,380,650,316
0702253.jpg,774,206,950,382,650,315
0702254.jpg,765,197,959,391,650,314
0702255.jpg,771,215,947,391,650,314
0702256.jpg,771,215,947,391,649,315
0702257.jpg,772,215,948,391,647,315
0702258.jpg,772,215,948,391,647,315
0702259.jpg,772,216,948,392,646,314
0702260.jpg,774,218,946,390,645,312
0702261.jpg,774,218,946,390,644,315
0702262.jpg,774,218,946,390,645,315
0702263.jpg,774,218,946,390,645,314
0702264.jpg,772,215,948,391,644,314
0702265.jpg,772,214,948,390,644,313
0702266.jpg,773,213,949,389,644,313
0702267.jpg,768,199,958,389,643,313
0702268.jpg,766,196,960,390,643,313
0702269.jpg,766,196,960,390,642,312
0702270.jpg,766,196,960,390,641,312
0702271.jpg,766,195,960,389,641,313
0702272.jpg,766,195,960,389,641,312
0702273.jpg,766,195,960,389,640,312
0702274.jpg,765,195,959,389,640,311
0702275.jpg,765,195,959,389,639,313
0702276.jpg,765,198,955,388,637,313
0702277.jpg,763,197,957,391,637,312
0702278.jpg,760,195,958,393,636,312
0702279.jpg,760,195,958,393,632,311
0702280.jpg,760,195,958,393,630,308
0702281.jpg,760,196,958,394,629,309
0702282.jpg,760,196,958,394,629,307
0702283.jpg,759,195,959,395,627,307
0702284.jpg,759,195,959,395,627,306
0702285.jpg,759,195,959,395,628,308
0702286.jpg,759,195,959,395,629,307
0702287.jpg,758,195,958,395,629,308
0702288.jpg,758,195,958,395,630,310
0702289.jpg,758,195,958,395,631,308
0702290.jpg,758,195,958,395,632,309
0702291.jpg,758,195,958,395,632,307
0702292.jpg,758,195,958,395,632,308
0702293.jpg,758,195,958,395,632,306
0702294.jpg,758,195,958,395,634,306
0702295.jpg,759,195,957,393,635,308
0702296.jpg,759,195,957,393,636,308
0702297.jpg,760,195,958,393,635,311
0702298.jpg,760,195,958,393,636,307
0702299.jpg,765,206,941,382,637,307
0702300.jpg,764,199,954,389,635,308
0702301.jpg,764,199,954,389,636,308
0702302.jpg,764,212,944,392,636,310
0702303.jpg,764,212,944,392,636,312
0702304.jpg,764,212,944,392,633,310
0702305.jpg,764,212,944,392,633,310
0702306.jpg,766,215,942,391,631,311
0702307.jpg,767,215,943,391,629,310
0702308.jpg,767,216,943,392,627,311
0702309.jpg,767,216,943,392,626,311
0702310.jpg,767,216,943,392,626,312
0702311.jpg,767,216,943,392,624,312
0702312.jpg,767,217,943,393,625,316
0702313.jpg,767,216,943,392,622,318
0702314.jpg,766,217,942,393,620,325
0702315.jpg,766,217,942,393,617,335
0702316.jpg,766,217,942,393,612,345
0702317.jpg,765,217,941,393,608,357
0702318.jpg,765,217,941,393,605,368
0702319.jpg,765,217,941,393,603,374
0702320.jpg,765,217,941,393,601,378
0702321.jpg,764,217,940,393,601,419
0702322.jpg,764,217,940,393,607,466
0702323.jpg,764,217,940,393,611,490
0702324.jpg,763,217,939,393,610,497
0702325.jpg,763,217,939,393,616,498
0702326.jpg,762,217,938,393,623,494
0702327.jpg,761,217,937,393,621,491
0702328.jpg,761,217,937,393,615,487
0702329.jpg,761,217,937,393,611,487
0702330.jpg,761,216,937,392,615,488
0702331.jpg,761,215,937,391,619,493
0702332.jpg,761,215,937,391,619,497
0702333.jpg,761,215,937,391,622,510
0702334.jpg,760,213,940,393,617,528
0702335.jpg,760,213,940,393,774,329
0702336.jpg,761,213,941,393,776,330
0702337.jpg,761,213,941,393,776,327
0702338.jpg,761,213,941,393,776,327
0702339.jpg,760,211,942,393,777,329
0702340.jpg,762,211,944,393,779,332
0702341.jpg,759,200,957,398,777,332
0702342.jpg,761,199,961,399,778,331
0702343.jpg,764,198,964,398,780,332
0702344.jpg,766,197,966,397,841,296
0702345.jpg,770,197,970,397,908,300
0702346.jpg,776,198,970,392,932,290
0702347.jpg,783,200,969,386,1083,282
0702348.jpg,784,200,970,386,1223,286
0702349.jpg,787,200,973,386,1221,299
0702350.jpg,788,200,974,386,1220,303
0702351.jpg,788,200,974,386,1219,304
0702352.jpg,789,200,975,386,1217,305
0702353.jpg,789,200,975,386,1219,308
0702354.jpg,790,200,976,386,1221,306
0702355.jpg,790,200,976,386,1219,305
0702356.jpg,790,200,976,386,1219,306
0702357.jpg,791,200,977,386,1217,306
0702358.jpg,793,202,975,384,1218,307
0702359.jpg,792,200,978,386,1219,308
0702360.jpg,792,199,978,385,1218,306
0702361.jpg,792,199,978,385,1218,305
0702362.jpg,792,200,978,386,1215,304
0702363.jpg,794,200,980,386,1213,307
0702364.jpg,792,198,982,388,1215,307
0702365.jpg,792,197,982,387,1215,308
0702366.jpg,792,197,982,387,1214,307
0702367.jpg,793,197,983,387,1215,308
0702368.jpg,793,197,983,387,1216,308
0702369.jpg,793,197,983,387,1215,308
0702370.jpg,793,197,983,387,1214,309
0702371.jpg,793,197,983,387,1211,311
0702372.jpg,792,195,986,389,1211,311
0702373.jpg,790,194,988,392,1211,313
0702374.jpg,790,194,988,392,1210,313
0702375.jpg,791,194,989,392,1212,314
0702376.jpg,793,196,987,390,1211,314
0702377.jpg,795,197,985,387,1207,315
0702378.jpg,795,197,985,387,1206,314
0702379.jpg,794,197,984,387,1208,315
0702380.jpg,794,197,984,387,1205,315
0702381.jpg,792,197,982,387,1204,316
0702382.jpg,791,197,981,387,1204,315
0702383.jpg,789,197,979,387,1204,314
0702384.jpg,788,197,978,387,1203,313
0702385.jpg,788,197,978,387,1202,316
0702386.jpg,788,198,978,388,1202,315
0702387.jpg,788,198,978,388,1203,316
0702388.jpg,788,198,978,388,1202,316
0702389.jpg,788,198,978,388,1198,318
0702390.jpg,788,198,978,388,1197,316
0702391.jpg,788,198,978,388,1199,316
0702392.jpg,788,199,978,389,1197,316
0702393.jpg,786,197,980,391,1200,317
0702394.jpg,787,197,981,391,1204,311
0702395.jpg,787,197,981,391,1202,313
0702396.jpg,787,197,981,391,1202,309
0702397.jpg,788,197,982,391,1202,313
0702398.jpg,789,197,983,391,1202,309
0702399.jpg,789,197,983,391,1203,314
0702400.jpg,789,197,983,391,1204,313
0702401.jpg,791,199,981,389,1204,314
0702402.jpg,791,200,981,390,1204,309
0702403.jpg,791,200,981,390,1203,313
0702404.jpg,790,201,980,391,1205,312
0702405.jpg,790,205,980,395,1205,312
0702406.jpg,789,208,979,398,1204,312
0702407.jpg,789,212,975,398,1204,312
0702408.jpg,792,215,972,395,1203,310
0702409.jpg,793,218,969,394,1203,311
0702410.jpg,790,221,962,393,1201,308
0702411.jpg,790,221,962,393,1199,309
0702412.jpg,788,221,960,393,1201,309
0702413.jpg,786,221,958,393,1245,388
0702414.jpg,784,222,956,394,1254,526
0702415.jpg,780,220,956,396,1230,592
0702416.jpg,779,219,955,395,1236,583
0702417.jpg,775,217,955,397,1236,590
0702418.jpg,774,216,956,398,1236,589
0702419.jpg,773,216,955,398,1236,590
0702420.jpg,770,214,956,400,1236,591
0702421.jpg,769,214,955,400,848,372
0702422.jpg,768,214,954,400,849,373
0702423.jpg,764,214,950,400,850,372
0702424.jpg,761,216,943,398,852,371
0702425.jpg,761,217,941,397,853,371
0702426.jpg,758,219,934,395,681,578
0702427.jpg,758,218,934,394,619,566
0702428.jpg,756,218,932,394,585,528
0702429.jpg,756,223,920,387,604,438
0702430.jpg,755,222,919,386,618,367
0702431.jpg,755,223,917,385,633,320
0702432.jpg,753,222,915,384,628,321
0702433.jpg,751,222,913,384,627,322
0702434.jpg,750,222,912,384,627,323
0702435.jpg,750,221,912,383,627,323
0702436.jpg,750,221,912,383,627,324
0702437.jpg,750,220,912,382,628,324
0702438.jpg,750,219,912,381,628,326
0702439.jpg,751,219,913,381,631,326
0702440.jpg,754,221,912,379,630,326
0702441.jpg,755,221,913,379,632,327
0702442.jpg,756,223,914,381,632,326
0702443.jpg,757,224,915,382,631,326
0702444.jpg,759,224,917,382,631,325
0702445.jpg,760,224,918,382,628,326
0702446.jpg,766,219,934,387,625,325
0702447.jpg,768,219,936,387,624,324
0702448.jpg,765,215,941,391,624,323
0702449.jpg,768,217,940,389,624,323
0702450.jpg,768,217,940,389,624,322
0702451.jpg,769,217,941,389,623,320
0702452.jpg,768,216,944,392,624,321
0702453.jpg,774,218,946,390,625,321
0702454.jpg,775,218,947,390,625,321
0702455.jpg,764,208,958,402,627,322
0702456.jpg,776,220,948,392,629,321
0702457.jpg,776,220,948,392,630,322
0702458.jpg,778,222,946,390,631,320
0702459.jpg,778,222,946,390,634,322
0702460.jpg,778,223,946,391,635,321
0702461.jpg,779,223,947,391,635,321
0702462.jpg,782,225,946,389,637,320
0702463.jpg,783,225,947,389,630,314
0702464.jpg,783,225,947,389,635,280
0702465.jpg,784,225,948,389,545,207
0702466.jpg,784,225,948,389,534,208
0702467.jpg,784,224,948,388,532,208
0702468.jpg,784,224,948,388,532,208
0702469.jpg,784,224,948,388,533,208
0702470.jpg,784,224,948,388,533,208
0702471.jpg,784,225,948,389,533,208
0702472.jpg,785,225,949,389,532,208
0702473.jpg,785,225,949,389,531,207
0702474.jpg,785,225,949,389,531,207
0702475.jpg,784,224,948,388,529,208
0702476.jpg,784,223,948,387,527,207
0702477.jpg,785,224,947,386,527,207
0702478.jpg,785,224,947,386,526,208
0702479.jpg,785,224,947,386,526,207
0702480.jpg,785,224,947,386,508,269
0702481.jpg,784,224,946,386,515,267
0702482.jpg,784,224,946,386,517,267
0702483.jpg,782,223,946,387,516,267
0702484.jpg,782,223,946,387,517,266
0702485.jpg,782,223,946,387,516,266
0702486.jpg,781,223,945,387,517,267
0702487.jpg,779,221,947,389,508,304
0702488.jpg,779,221,947,389,506,304
