0731006.jpg,754,228,976,450,406,342
0731007.jpg,752,226,978,452,406,343
0731008.jpg,753,226,979,452,409,345
0731009.jpg,750,220,984,454,410,345
0731010.jpg,750,220,984,454,412,346
0731011.jpg,750,219,984,453,412,347
0731012.jpg,750,219,984,453,412,348
0731013.jpg,750,220,984,454,410,346
0731014.jpg,750,220,984,454,408,347
0731015.jpg,750,220,984,454,411,347
0731016.jpg,750,220,984,454,412,347
0731017.jpg,749,220,983,454,413,347
0731018.jpg,749,221,983,455,414,348
0731019.jpg,748,220,984,456,413,348
0731020.jpg,748,220,984,456,413,347
0731021.jpg,748,220,984,456,410,345
0731022.jpg,748,220,984,456,411,346
0731023.jpg,748,220,984,456,412,345
0731024.jpg,748,220,984,456,413,346
0731025.jpg,749,220,985,456,411,345
0731026.jpg,751,221,985,455,412,345
0731027.jpg,752,221,986,455,412,346
0731028.jpg,751,220,987,456,412,345
0731029.jpg,752,221,986,455,412,346
0731030.jpg,753,221,987,455,412,345
0731031.jpg,753,221,987,455,414,347
0731032.jpg,753,221,987,455,413,348
0731033.jpg,753,221,987,455,414,348
0731034.jpg,753,221,987,455,412,348
0731035.jpg,753,221,987,455,414,348
0731036.jpg,753,221,987,455,413,348
0731037.jpg,754,220,988,454,413,347
0731038.jpg,754,220,988,454,411,346
0731039.jpg,757,222,987,452,413,346
0731040.jpg,757,223,987,453,415,348
0731041.jpg,757,223,987,453,415,345
0731042.jpg,754,221,988,455,415,346
0731043.jpg,753,221,987,455,414,346
0731044.jpg,753,221,987,455,413,346
0731045.jpg,753,221,987,455,414,347
0731046.jpg,753,221,987,455,414,347
0731047.jpg,753,221,987,455,414,348
0731048.jpg,754,221,988,455,414,346
0731049.jpg,754,221,988,455,414,348
0731050.jpg,754,220,988,454,412,347
0731051.jpg,753,219,989,455,414,347
0731052.jpg,752,219,988,455,414,349
0731053.jpg,752,219,988,455,414,349
0731054.jpg,752,220,988,456,415,347
0731055.jpg,752,220,988,456,415,347
0731056.jpg,753,222,987,456,415,349
0731057.jpg,753,222,987,456,415,350
0731058.jpg,753,222,987,456,416,347
0731059.jpg,755,224,985,454,417,347
0731060.jpg,754,224,984,454,416,346
0731061.jpg,754,224,984,454,414,346
0731062.jpg,754,225,984,455,415,346
0731063.jpg,751,222,985,456,415,346
0731064.jpg,751,222,985,456,415,346
0731065.jpg,751,222,985,456,414,348
0731066.jpg,751,222,985,456,413,348
0731067.jpg,751,222,985,456,413,349
0731068.jpg,751,222,985,456,413,348
0731069.jpg,750,222,984,456,413,348
0731070.jpg,750,222,984,456,414,350
0731071.jpg,750,222,984,456,411,350
0731072.jpg,750,222,984,456,411,349
0731073.jpg,750,222,984,456,414,350
0731074.jpg,750,222,984,456,414,347
0731075.jpg,748,222,982,456,414,349
0731076.jpg,748,224,982,458,412,348
0731077.jpg,747,224,981,458,415,348
0731078.jpg,747,225,981,459,414,349
0731079.jpg,746,231,980,465,414,347
0731080.jpg,744,230,980,466,414,348
0731081.jpg,744,230,980,466,412,348
0731082.jpg,743,230,979,466,414,349
0731083.jpg,744,231,978,465,415,348
0731084.jpg,743,231,977,465,414,348
0731085.jpg,743,231,977,465,413,349
0731086.jpg,745,233,975,463,414,350
0731087.jpg,745,233,975,463,415,350
0731088.jpg,745,233,975,463,414,350
0731089.jpg,745,232,975,462,413,351
0731090.jpg,745,231,975,461,414,351
0731091.jpg,744,230,974,460,414,351
0731092.jpg,742,228,976,462,414,351
0731093.jpg,742,228,976,462,414,350
0731094.jpg,742,228,976,462,414,350
0731095.jpg,741,228,975,462,414,350
0731096.jpg,741,234,975,468,415,349
0731097.jpg,741,236,975,470,414,349
0731098.jpg,741,236,975,470,413,350
0731099.jpg,741,236,975,470,413,350
0731100.jpg,741,236,975,470,413,349
0731101.jpg,741,236,975,470,413,349
0731102.jpg,741,234,975,468,413,349
0731103.jpg,741,232,975,466,413,349
0731104.jpg,741,230,975,464,412,347
0731105.jpg,741,230,975,464,412,347
0731106.jpg,741,230,975,464,413,350
0731107.jpg,741,230,975,464,413,349
0731108.jpg,739,230,973,464,413,350
0731109.jpg,739,230,973,464,413,350
0731110.jpg,739,230,973,464,413,350
0731111.jpg,738,230,972,464,413,351
0731112.jpg,738,229,972,463,413,349
0731113.jpg,738,229,972,463,414,350
0731114.jpg,738,229,972,463,414,350
0731115.jpg,738,228,972,462,414,350
0731116.jpg,738,228,972,462,412,349
0731117.jpg,738,228,972,462,413,349
0731118.jpg,737,228,971,462,413,349
0731119.jpg,737,229,971,463,414,349
0731120.jpg,737,229,971,463,413,350
0731121.jpg,737,229,971,463,412,350
0731122.jpg,737,229,971,463,412,350
0731123.jpg,738,229,972,463,413,350
0731124.jpg,740,231,970,461,414,350
0731125.jpg,740,231,970,461,413,350
0731126.jpg,740,231,970,461,414,351
0731127.jpg,741,231,971,461,414,350
0731128.jpg,742,232,972,462,416,350
0731129.jpg,740,230,974,464,417,350
0731130.jpg,740,230,974,464,417,351
0731131.jpg,740,230,974,464,417,352
0731132.jpg,740,222,974,456,416,351
0731133.jpg,740,222,974,456,418,352
0731134.jpg,741,222,975,456,418,352
0731135.jpg,741,222,975,456,421,352
0731136.jpg,741,222,975,456,424,352
0731137.jpg,742,222,976,456,425,353
0731138.jpg,742,222,976,456,429,353
0731139.jpg,743,222,977,456,430,353
0731140.jpg,743,222,977,456,432,351
0731141.jpg,743,222,977,456,432,350
0731142.jpg,743,222,977,456,435,351
0731143.jpg,743,222,977,456,438,353
0731144.jpg,743,222,977,456,436,336
0731145.jpg,743,222,977,456,433,335
0731146.jpg,743,222,977,456,434,336
0731147.jpg,743,222,977,456,436,337
0731148.jpg,743,222,977,456,436,339
0731149.jpg,743,222,977,456,438,340
0731150.jpg,743,222,977,456,440,340
0731151.jpg,743,222,977,456,442,342
0731152.jpg,743,222,977,456,442,345
0731153.jpg,743,222,977,456,444,344
0731154.jpg,743,222,977,456,445,345
0731155.jpg,743,222,977,456,445,346
0731156.jpg,743,222,977,456,448,346
0731157.jpg,742,231,976,465,448,346
0731158.jpg,741,234,975,468,450,344
0731159.jpg,741,234,975,468,449,344
0731160.jpg,741,235,975,469,449,344
0731161.jpg,741,235,975,469,450,343
0731162.jpg,741,235,975,469,447,343
0731163.jpg,742,235,976,469,447,343
0731164.jpg,742,235,976,469,446,342
0731165.jpg,742,235,976,469,444,339
0731166.jpg,741,235,975,469,443,337
0731167.jpg,741,236,971,466,444,337
0731168.jpg,740,236,970,466,441,335
0731169.jpg,735,235,965,465,441,335
0731170.jpg,732,239,954,461,439,335
0731171.jpg,721,242,937,458,439,337
0731172.jpg,720,243,932,455,439,337
0731173.jpg,721,244,929,452,438,338
0731174.jpg,719,245,927,453,437,338
0731175.jpg,718,244,926,452,614,694
0731176.jpg,718,244,926,452,724,693
0731177.jpg,717,244,925,452,813,687
0731178.jpg,718,246,922,450,862,481
0731179.jpg,715,244,923,452,872,490
0731180.jpg,717,246,921,450,874,490
0731181.jpg,716,244,924,452,875,490
0731182.jpg,716,244,924,452,877,489
0731183.jpg,720,244,928,452,879,491
0731184.jpg,718,238,936,456,791,397
0731185.jpg,733,235,955,457,800,354
0731186.jpg,736,234,958,456,809,356
0731187.jpg,737,232,963,458,810,357
0731188.jpg,740,232,966,458,811,357
0731189.jpg,741,232,967,458,813,354
0731190.jpg,739,230,969,460,816,353
0731191.jpg,737,228,971,462,820,348
0731192.jpg,737,228,971,462,822,345
0731193.jpg,737,228,971,462,824,344
0731194.jpg,738,229,968,459,823,344
0731195.jpg,738,229,968,459,848,367
0731196.jpg,738,229,968,459,848,455
0731197.jpg,737,229,967,459,850,453
0731198.jpg,734,230,970,466,849,453
0731199.jpg,734,232,970,468,850,454
0731200.jpg,733,232,969,468,849,452
0731201.jpg,733,232,969,468,848,453
0731202.jpg,732,232,968,468,846,453
0731203.jpg,731,227,967,463,846,452
0731204.jpg,731,228,965,462,844,343
0731205.jpg,731,227,965,461,842,347
0731206.jpg,733,229,963,459,841,350
0731207.jpg,733,229,963,459,842,353
0731208.jpg,733,229,963,459,841,353
0731209.jpg,732,229,962,459,840,355
0731210.jpg,732,229,962,459,854,443
0731211.jpg,732,229,962,459,839,514
0731212.jpg,731,229,961,459,817,652
0731213.jpg,729,229,959,459,746,697
0731214.jpg,731,231,957,457,427,337
0731215.jpg,730,231,956,457,420,338
0731216.jpg,730,229,956,455,420,337
0731217.jpg,729,229,955,455,418,339
0731218.jpg,729,229,955,455,417,339
0731219.jpg,729,229,955,455,416,341
0731220.jpg,730,229,956,455,417,338
0731221.jpg,731,229,957,455,416,338
0731222.jpg,731,229,957,455,415,338
0731223.jpg,729,227,959,457,416,339
0731224.jpg,733,229,959,455,416,339
0731225.jpg,731,226,961,456,415,337
0731226.jpg,732,226,962,456,417,337
0731227.jpg,732,225,962,455,416,336
0731228.jpg,732,225,962,455,416,334
0731229.jpg,732,225,962,455,415,335
0731230.jpg,732,225,962,455,416,335
0731231.jpg,732,225,962,455,417,336
0731232.jpg,731,225,961,455,847,669
0731233.jpg,731,225,961,455,832,655
0731234.jpg,731,225,961,455,829,645
0731235.jpg,731,226,961,456,845,651
0731236.jpg,732,226,962,456,846,651
0731237.jpg,732,226,962,456,847,651
0731238.jpg,732,226,962,456,845,651
0731239.jpg,732,226,962,456,846,651
0731240.jpg,732,226,962,456,843,649
0731241.jpg,732,226,962,456,846,651
0731242.jpg,732,227,962,457,847,650
0731243.jpg,732,228,962,458,846,651
0731244.jpg,732,228,962,458,846,652
0731245.jpg,732,228,962,458,844,650
0731246.jpg,732,228,962,458,846,650
0731247.jpg,732,228,962,458,846,650
0731248.jpg,731,229,961,459,847,651
0731249.jpg,728,229,958,459,845,650
0731250.jpg,727,229,957,459,844,650
0731251.jpg,726,229,956,459,844,651
0731252.jpg,725,229,955,459,844,650
0731253.jpg,726,231,952,457,845,651
0731254.jpg,725,231,951,457,844,650
0731255.jpg,724,231,950,457,730,686
0731256.jpg,722,229,952,459,604,679
0731257.jpg,721,229,951,459,424,658
0731258.jpg,721,229,951,459,327,492
0731259.jpg,721,229,951,459,332,492
0731260.jpg,721,228,951,458,332,493
0731261.jpg,721,228,951,458,331,493
0731262.jpg,721,228,951,458,363,463
0731264.jpg,723,228,953,458,427,347
0731265.jpg,724,228,954,458,429,349
0731266.jpg,725,228,955,458,433,349
0731267.jpg,725,228,955,458,432,349
0731268.jpg,726,228,956,458,434,350
0731269.jpg,726,228,956,458,433,349
0731270.jpg,727,228,957,458,433,349
0731271.jpg,727,228,957,458,434,349
0731272.jpg,727,228,957,458,433,350
0731273.jpg,727,227,957,457,435,348
0731274.jpg,728,227,958,457,435,349
0731275.jpg,728,227,958,457,436,349
0731276.jpg,730,229,956,455,435,347
0731277.jpg,730,230,956,456,435,347
0731278.jpg,730,232,956,458,436,348
0731279.jpg,728,230,958,460,436,347
0731280.jpg,726,230,960,464,436,347
0731281.jpg,725,231,961,467,435,347
0731282.jpg,725,231,961,467,436,346
0731283.jpg,723,231,963,471,435,346
0731284.jpg,722,232,962,472,435,345
0731285.jpg,722,232,962,472,436,345
0731286.jpg,722,232,962,472,436,345
0731287.jpg,722,232,962,472,437,345
0731288.jpg,721,229,965,473,437,345
0731289.jpg,721,229,965,473,437,345
0731290.jpg,721,229,965,473,436,345
0731291.jpg,723,230,963,470,438,347
0731292.jpg,724,232,960,468,438,346
0731293.jpg,724,232,960,468,836,587
0731294.jpg,724,232,960,468,869,544
0731295.jpg,723,232,959,468,814,657
0731296.jpg,722,232,958,468,818,661
0731297.jpg,722,231,958,467,828,658
0731298.jpg,722,231,958,467,830,657
0731299.jpg,722,232,956,466,831,657
0731300.jpg,721,232,955,466,831,658
0731301.jpg,721,232,955,466,832,657
0731302.jpg,721,232,955,466,832,658
0731303.jpg,720,231,954,465,832,656
0731304.jpg,722,233,952,463,831,656
0731305.jpg,722,233,952,463,830,656
0731306.jpg,722,232,952,462,834,655
0731307.jpg,722,231,952,461,835,655
0731308.jpg,724,230,954,460,834,655
0731309.jpg,724,230,954,460,834,655
0731310.jpg,725,230,955,460,834,654
0731311.jpg,725,230,955,460,833,655
0731312.jpg,725,230,955,460,834,654
0731313.jpg,727,231,957,461,834,655
0731314.jpg,727,232,957,462,834,655
0731315.jpg,728,232,958,462,834,655
0731316.jpg,728,232,958,462,835,656
0731317.jpg,726,230,960,464,834,655
0731318.jpg,730,230,964,464,835,655
0731319.jpg,732,229,966,463,834,655
0731320.jpg,732,228,966,462,835,655
0731321.jpg,732,227,966,461,836,655
0731322.jpg,732,226,966,460,836,655
0731323.jpg,734,228,964,458,836,655
0731324.jpg,731,230,957,456,834,655
0731325.jpg,730,232,952,454,438,358
0731326.jpg,717,235,939,457,431,360
0731327.jpg,715,235,937,457,431,360
0731328.jpg,716,237,934,455,431,360
0731329.jpg,716,237,934,455,430,361
0731330.jpg,716,237,934,455,431,359
0731331.jpg,716,236,934,454,429,358
0731332.jpg,715,236,933,454,430,358
0731333.jpg,717,239,929,451,427,357
0731334.jpg,716,239,928,451,428,357
0731335.jpg,717,241,925,449,428,358
0731336.jpg,715,241,923,449,427,357
0731337.jpg,715,241,923,449,427,357
0731338.jpg,714,241,922,449,426,357
0731339.jpg,714,242,922,450,426,357
0731340.jpg,712,242,920,450,427,357
0731341.jpg,712,242,920,450,427,357
0731342.jpg,712,242,920,450,427,357
0731343.jpg,713,244,917,448,427,357
0731344.jpg,713,246,913,446,427,357
0731345.jpg,713,247,913,447,427,358
0731346.jpg,713,248,911,446,428,358
0731347.jpg,713,248,911,446,429,358
0731348.jpg,711,248,909,446,430,359
0731349.jpg,711,248,909,446,431,358
0731350.jpg,710,248,908,446,434,346
0731351.jpg,709,247,909,447,636,703
0731352.jpg,709,248,909,448,640,702
0731353.jpg,709,246,913,450,639,702
0731354.jpg,713,242,925,454,639,703
0731355.jpg,714,239,932,457,638,702
0731356.jpg,717,239,935,457,639,702
0731357.jpg,719,237,941,459,636,703
0731358.jpg,728,228,958,458,638,702
0731359.jpg,729,227,959,457,637,701
0731360.jpg,730,227,960,457,636,702
0731361.jpg,730,227,960,457,636,701
0731362.jpg,730,227,960,457,636,701
0731363.jpg,730,227,960,457,636,702
0731364.jpg,729,227,959,457,636,702
0731365.jpg,728,227,958,457,636,701
0731366.jpg,727,226,957,456,636,702
0731367.jpg,726,226,956,456,637,701
0731368.jpg,726,225,956,455,500,692
0731369.jpg,724,225,954,455,476,679
0731370.jpg,716,223,946,453,480,705
0731371.jpg,717,223,943,449,490,705
0731372.jpg,715,217,941,443,504,705
0731373.jpg,715,216,941,442,503,704
0731374.jpg,715,214,941,440,504,704
0731375.jpg,718,213,940,435,508,704
0731376.jpg,721,212,939,430,505,704
0731377.jpg,722,212,940,430,492,703
0731378.jpg,724,213,940,429,496,704
0731379.jpg,724,213,940,429,487,704
0731380.jpg,725,213,941,429,492,703
0731381.jpg,725,214,941,430,500,704
0731382.jpg,726,215,942,431,501,704
0731383.jpg,728,217,940,429,503,703
0731384.jpg,728,217,940,429,504,704
0731385.jpg,728,216,940,428,509,704
0731386.jpg,728,216,940,428,509,703
0731387.jpg,728,216,940,428,502,703
0731388.jpg,724,214,940,430,480,699
0731389.jpg,722,213,940,431,430,332
0731390.jpg,720,215,938,433,425,329
0731391.jpg,715,214,941,440,423,328
0731392.jpg,715,215,941,441,424,328
0731393.jpg,714,217,940,443,423,326
0731394.jpg,714,217,940,443,423,326
0731395.jpg,714,218,940,444,423,326
0731396.jpg,719,224,941,446,441,333
0731397.jpg,719,225,941,447,437,333
0731398.jpg,719,227,941,449,439,335
0731399.jpg,719,227,941,449,438,334
0731400.jpg,720,227,942,449,438,334
0731401.jpg,724,223,954,453,441,335
0731402.jpg,725,224,955,454,440,334
0731403.jpg,726,224,956,454,440,334
0731404.jpg,726,224,956,454,440,333
0731405.jpg,727,224,957,454,440,331
0731406.jpg,727,224,957,454,440,331
0731407.jpg,729,227,959,457,440,332
0731408.jpg,730,229,960,459,441,332
0731409.jpg,730,232,960,462,506,342
0731410.jpg,730,232,960,462,687,470
0731411.jpg,731,232,961,462,843,558
0731412.jpg,731,232,961,462,846,558
0731413.jpg,732,230,962,460,846,558
0731414.jpg,733,230,963,460,797,552
0731415.jpg,731,227,965,461,430,333
0731416.jpg,733,229,963,459,422,334
0731417.jpg,733,229,963,459,420,332
0731418.jpg,729,229,959,459,419,333
0731419.jpg,729,229,959,459,419,334
0731420.jpg,729,229,959,459,416,334
0731421.jpg,729,229,959,459,416,333
0731422.jpg,729,229,959,459,416,335
0731423.jpg,729,229,959,459,414,335
0731424.jpg,729,229,959,459,414,334
0731425.jpg,729,229,959,459,414,335
0731426.jpg,730,229,960,459,413,335
0731427.jpg,730,229,960,459,516,336
0731428.jpg,730,229,960,459,504,330
0731429.jpg,730,229,960,459,504,336
0731430.jpg,730,229,960,459,506,319
0731431.jpg,730,229,960,459,512,324
0731432.jpg,730,229,960,459,512,326
0731433.jpg,730,229,960,459,512,326
0731434.jpg,729,229,959,459,424,334
0731435.jpg,729,229,959,459,420,337
0731436.jpg,727,227,961,461,418,338
0731437.jpg,727,227,961,461,419,338
0731438.jpg,727,227,961,461,417,338
0731439.jpg,727,227,961,461,419,340
0731440.jpg,727,227,961,461,419,341
0731441.jpg,731,229,965,463,420,342
0731442.jpg,731,230,965,464,418,341
0731443.jpg,733,232,963,462,420,340
0731444.jpg,733,232,963,462,420,340
0731445.jpg,733,232,963,462,421,340
0731446.jpg,733,232,963,462,421,338
0731447.jpg,730,231,964,465,421,337
0731448.jpg,730,231,964,465,422,337
0731449.jpg,730,231,964,465,422,336
0731450.jpg,730,231,964,465,423,336
0731451.jpg,730,231,964,465,423,335
0731452.jpg,730,231,964,465,424,335
0731453.jpg,730,231,964,465,423,336
0731454.jpg,729,231,963,465,424,337
0731455.jpg,729,231,963,465,425,337
0731456.jpg,729,231,963,465,426,337
0731457.jpg,731,233,961,463,426,338
0731458.jpg,729,233,959,463,426,338
0731459.jpg,729,233,959,463,428,340
0731460.jpg,729,234,959,464,427,339
0731461.jpg,729,236,959,466,427,339
0731462.jpg,728,238,958,468,428,341
0731463.jpg,728,238,958,468,429,341
0731464.jpg,728,238,958,468,429,340
0731465.jpg,725,236,959,470,428,340
0731466.jpg,725,235,959,469,431,341
0731467.jpg,725,234,959,468,432,342
0731468.jpg,724,233,958,467,431,342
0731469.jpg,724,233,958,467,432,341
0731470.jpg,724,233,958,467,480,344
0731471.jpg,724,233,958,467,770,702
0731472.jpg,724,233,958,467,854,682
0731473.jpg,724,233,958,467,876,568
0731474.jpg,724,233,958,467,875,572
0731475.jpg,724,233,958,467,876,572
0731476.jpg,724,233,958,467,875,572
0731477.jpg,726,234,956,464,875,572
0731478.jpg,726,234,956,464,876,573
0731479.jpg,726,234,956,464,818,697
0731480.jpg,726,234,956,464,446,342
0731481.jpg,726,234,956,464,440,346
0731482.jpg,726,234,956,464,442,347
0731483.jpg,727,234,957,464,443,348
0731484.jpg,726,233,960,467,444,349
0731485.jpg,726,233,960,467,444,349
0731486.jpg,726,234,960,468,446,349
0732006.jpg,290,238,524,472,873,326
0732007.jpg,290,237,526,473,871,328
0732008.jpg,290,237,526,473,871,327
0732009.jpg,290,237,526,473,870,325
0732010.jpg,290,237,526,473,870,325
0732011.jpg,290,237,526,473,868,324
0732012.jpg,290,237,526,473,868,324
0732013.jpg,291,238,525,472,869,322
0732014.jpg,291,238,525,472,869,324
0732015.jpg,291,238,525,472,867,323
0732016.jpg,291,238,525,472,868,324
0732017.jpg,291,238,525,472,868,326
0732018.jpg,291,238,525,472,867,325
0732019.jpg,291,238,525,472,866,327
0732020.jpg,291,238,525,472,867,327
0732021.jpg,291,238,525,472,866,327
0732022.jpg,291,238,525,472,867,328
0732023.jpg,291,238,525,472,866,327
0732024.jpg,291,238,525,472,866,327
0732025.jpg,291,238,525,472,866,327
0732026.jpg,291,238,525,472,866,331
0732027.jpg,291,238,525,472,865,332
0732028.jpg,292,238,526,472,865,334
0732029.jpg,292,238,526,472,865,334
0732030.jpg,292,238,526,472,865,333
0732031.jpg,291,237,527,473,865,332
0732032.jpg,290,237,526,473,867,331
0732033.jpg,290,236,526,472,867,331
0732034.jpg,290,236,526,472,867,331
0732035.jpg,291,237,525,471,868,332
0732036.jpg,291,237,525,471,862,321
0732037.jpg,291,237,525,471,861,324
0732038.jpg,291,237,525,471,861,326
0732039.jpg,291,237,525,471,862,327
0732040.jpg,291,237,525,471,862,325
0732041.jpg,291,237,525,471,861,323
0732042.jpg,290,237,524,471,863,323
0732043.jpg,290,237,524,471,862,322
0732044.jpg,290,237,524,471,862,325
0732045.jpg,290,237,524,471,862,324
0732046.jpg,290,237,524,471,863,324
0732047.jpg,290,237,524,471,862,323
0732048.jpg,290,237,524,471,862,322
0732049.jpg,290,237,524,471,862,322
0732050.jpg,290,237,524,471,861,322
0732051.jpg,291,237,525,471,861,322
0732052.jpg,291,236,525,470,860,323
0732053.jpg,290,234,526,470,861,323
0732054.jpg,290,234,526,470,861,324
0732055.jpg,290,234,526,470,861,322
0732056.jpg,290,234,526,470,859,322
0732057.jpg,290,234,526,470,858,323
0732058.jpg,291,235,525,469,858,322
0732059.jpg,291,236,525,470,858,323
0732060.jpg,291,238,525,472,858,323
0732061.jpg,290,238,524,472,860,326
0732062.jpg,290,238,524,472,861,329
0732063.jpg,290,238,524,472,858,328
0732064.jpg,290,239,524,473,860,331
0732065.jpg,290,239,524,473,859,330
0732066.jpg,291,239,525,473,860,331
0732067.jpg,291,239,525,473,860,328
0732068.jpg,291,239,525,473,859,329
0732069.jpg,291,238,525,472,860,328
0732070.jpg,291,238,525,472,861,329
0732071.jpg,291,238,525,472,859,329
0732072.jpg,291,238,525,472,859,330
0732073.jpg,290,238,524,472,859,330
0732074.jpg,290,238,524,472,859,331
0732075.jpg,290,238,524,472,875,317
0732076.jpg,290,238,524,472,871,318
0732077.jpg,290,238,524,472,871,315
0732078.jpg,290,238,524,472,872,315
0732079.jpg,290,238,524,472,872,315
0732080.jpg,290,238,524,472,870,317
0732081.jpg,290,238,524,472,869,318
0732082.jpg,290,238,524,472,870,321
0732083.jpg,290,238,524,472,868,325
0732084.jpg,291,239,525,473,868,328
0732085.jpg,291,239,525,473,868,328
0732086.jpg,291,239,525,473,867,327
0732087.jpg,291,239,525,473,865,325
0732088.jpg,291,239,525,473,866,323
0732089.jpg,291,239,525,473,864,322
0732090.jpg,290,238,526,474,865,320
0732091.jpg,290,238,526,474,865,321
0732092.jpg,290,237,526,473,863,322
0732093.jpg,290,237,526,473,863,322
0732094.jpg,290,237,526,473,864,322
0732095.jpg,290,237,526,473,863,321
0732096.jpg,290,237,526,473,863,318
0732097.jpg,290,237,526,473,863,317
0732098.jpg,290,237,526,473,863,315
0732099.jpg,290,237,526,473,864,314
0732100.jpg,290,237,526,473,863,316
0732101.jpg,290,237,526,473,863,320
0732102.jpg,290,237,526,473,862,324
0732103.jpg,290,237,526,473,864,327
0732104.jpg,290,237,526,473,860,330
0732105.jpg,289,238,525,474,861,331
0732106.jpg,290,239,524,473,861,332
0732107.jpg,290,239,524,473,860,331
0732108.jpg,290,239,524,473,862,329
0732109.jpg,290,239,524,473,859,326
0732110.jpg,290,239,524,473,862,323
0732111.jpg,290,239,524,473,862,323
0732112.jpg,289,238,525,474,860,322
0732113.jpg,289,237,525,473,861,323
0732114.jpg,289,237,525,473,862,323
0732115.jpg,289,238,525,474,862,323
0732116.jpg,289,238,525,474,861,321
0732117.jpg,289,238,525,474,860,321
0732118.jpg,289,238,525,474,861,320
0732119.jpg,289,238,525,474,862,320
0732120.jpg,290,239,524,473,861,320
0732121.jpg,291,239,525,473,862,318
0732122.jpg,291,239,525,473,862,319
0732123.jpg,291,239,525,473,863,319
0732124.jpg,291,239,525,473,862,319
0732125.jpg,292,239,526,473,861,319
0732126.jpg,292,239,526,473,862,320
0732127.jpg,294,239,528,473,861,319
0732128.jpg,297,239,531,473,860,320
0732129.jpg,299,239,533,473,860,320
0732130.jpg,303,239,537,473,860,320
0732131.jpg,306,238,540,472,861,321
0732132.jpg,311,238,545,472,860,321
0732133.jpg,314,236,548,470,861,322
0732134.jpg,317,234,551,468,861,321
0732135.jpg,319,234,553,468,860,321
0732136.jpg,319,234,553,468,860,321
0732137.jpg,322,236,552,466,864,322
0732138.jpg,323,236,553,466,862,322
0732139.jpg,323,236,553,466,863,321
0732140.jpg,323,237,553,467,863,320
0732141.jpg,324,237,554,467,863,320
0732142.jpg,324,239,554,469,862,320
0732143.jpg,325,241,555,471,862,320
0732144.jpg,326,243,556,473,862,320
0732145.jpg,326,245,556,475,861,319
0732146.jpg,324,243,558,477,862,321
0732147.jpg,325,244,559,478,862,321
0732148.jpg,326,244,560,478,860,321
0732149.jpg,327,244,561,478,861,323
0732150.jpg,327,244,561,478,861,322
0732151.jpg,329,244,563,478,861,323
0732152.jpg,329,243,563,477,861,323
0732153.jpg,329,243,563,477,860,322
0732154.jpg,329,242,563,476,862,322
0732155.jpg,329,242,563,476,861,322
0732156.jpg,329,241,563,475,864,324
0732157.jpg,328,241,562,475,865,323
0732158.jpg,327,241,561,475,864,322
0732159.jpg,327,238,561,472,863,322
0732160.jpg,327,238,561,472,864,323
0732161.jpg,327,237,561,471,862,321
0732162.jpg,327,235,561,469,863,322
0732163.jpg,325,236,555,466,865,322
0732164.jpg,324,235,554,465,864,325
0732165.jpg,324,235,554,465,863,328
0732166.jpg,323,235,553,465,863,331
0732167.jpg,323,235,553,465,862,335
0732168.jpg,325,237,551,463,862,335
0732169.jpg,325,237,551,463,862,333
0732170.jpg,325,236,551,462,861,333
0732171.jpg,325,236,551,462,861,332
0732172.jpg,324,236,550,462,860,331
0732173.jpg,324,236,550,462,858,329
0732174.jpg,324,236,550,462,520,698
0732175.jpg,324,237,550,463,318,559
0732176.jpg,325,239,551,465,436,354
0732177.jpg,327,239,553,465,440,357
0732178.jpg,327,240,553,466,438,358
0732179.jpg,328,241,554,467,434,358
0732180.jpg,328,243,554,469,433,360
0732181.jpg,329,244,555,470,431,359
0732182.jpg,329,244,555,470,431,361
0732183.jpg,329,244,555,470,431,361
0732184.jpg,330,244,556,470,432,361
0732185.jpg,331,241,557,467,434,359
0732186.jpg,329,238,559,468,435,360
0732187.jpg,329,238,559,468,439,361
0732188.jpg,328,238,558,468,443,369
0732189.jpg,328,238,558,468,510,476
0732190.jpg,328,238,558,468,313,548
0732191.jpg,329,239,559,469,736,339
0732193.jpg,331,241,557,467,835,318
0732194.jpg,331,242,557,468,844,322
0732195.jpg,330,242,556,468,845,326
0732196.jpg,330,242,556,468,847,326
0732197.jpg,330,242,556,468,846,328
0732198.jpg,330,242,556,468,846,328
0732199.jpg,329,242,555,468,844,328
0732200.jpg,329,242,555,468,844,328
0732201.jpg,329,242,555,468,844,333
0732202.jpg,328,242,554,468,841,335
0732203.jpg,328,241,554,467,841,336
0732204.jpg,327,241,553,467,840,339
0732205.jpg,327,241,553,467,841,340
0732206.jpg,325,241,551,467,842,316
0732207.jpg,320,238,550,468,843,319
0732208.jpg,318,237,548,467,842,322
0732209.jpg,315,237,545,467,840,322
0732210.jpg,312,237,542,467,839,322
0732211.jpg,310,237,540,467,839,321
0732212.jpg,308,238,538,468,838,320
0732213.jpg,307,238,537,468,838,319
0732214.jpg,307,238,537,468,838,319
0732215.jpg,307,238,537,468,838,320
0732216.jpg,307,238,537,468,837,319
0732217.jpg,307,238,537,468,836,321
0732218.jpg,307,238,537,468,836,321
0732219.jpg,307,237,537,467,836,321
0732220.jpg,307,235,537,465,834,320
0732221.jpg,305,232,539,466,780,326
0732222.jpg,305,232,539,466,789,327
0732223.jpg,305,232,539,466,788,327
0732224.jpg,305,232,539,466,784,327
0732225.jpg,305,232,539,466,780,326
0732226.jpg,306,234,540,468,827,313
0732227.jpg,307,236,541,470,833,314
0732228.jpg,307,238,541,472,834,313
0732229.jpg,306,238,542,474,834,314
0732230.jpg,306,238,542,474,835,314
0732231.jpg,306,238,542,474,837,313
0732232.jpg,307,241,541,475,836,313
0732233.jpg,307,241,541,475,836,312
0732234.jpg,309,243,539,473,835,311
0732235.jpg,309,243,539,473,835,311
0732236.jpg,310,243,540,473,835,310
0732237.jpg,310,243,540,473,836,311
0732238.jpg,308,241,542,475,837,311
0732239.jpg,308,241,542,475,836,313
0732240.jpg,308,242,542,476,835,313
0732241.jpg,308,242,542,476,834,313
0732242.jpg,308,243,542,477,834,312
0732243.jpg,308,243,542,477,834,313
0732244.jpg,308,244,542,478,834,311
0732245.jpg,307,246,543,482,834,311
0732246.jpg,307,248,543,484,835,311
0732247.jpg,305,249,545,489,834,311
0732248.jpg,305,249,545,489,834,311
0732249.jpg,302,247,546,491,836,312
0732250.jpg,301,247,545,491,836,313
0732251.jpg,301,247,545,491,836,315
0732252.jpg,307,249,537,479,835,314
0732253.jpg,307,249,537,479,834,316
0732254.jpg,307,248,537,478,833,317
0732255.jpg,307,248,537,478,834,319
0732256.jpg,307,247,537,477,834,322
0732257.jpg,305,244,539,478,834,322
0732258.jpg,305,243,539,477,833,323
0732259.jpg,306,243,540,477,831,323
0732260.jpg,306,243,540,477,831,323
0732261.jpg,306,243,540,477,829,319
0732262.jpg,305,243,539,477,828,319
0732263.jpg,305,244,539,478,827,320
0732264.jpg,305,244,539,478,828,320
0732265.jpg,305,244,539,478,827,321
0732266.jpg,304,244,538,478,827,322
0732267.jpg,304,244,538,478,828,321
0732268.jpg,304,244,538,478,828,322
0732269.jpg,304,244,538,478,828,319
0732270.jpg,304,244,538,478,828,317
0732271.jpg,304,244,538,478,829,316
0732272.jpg,304,244,538,478,831,317
0732273.jpg,304,243,538,477,831,317
0732274.jpg,304,243,538,477,833,317
0732275.jpg,304,243,538,477,833,318
0732276.jpg,304,243,538,477,833,317
0732277.jpg,304,242,538,476,833,318
0732278.jpg,304,242,538,476,833,317
0732279.jpg,304,242,538,476,833,316
0732280.jpg,304,242,538,476,833,316
0732281.jpg,304,242,538,476,834,316
0732282.jpg,304,242,538,476,835,316
0732283.jpg,304,243,538,477,834,318
0732284.jpg,304,243,538,477,834,320
0732285.jpg,304,243,538,477,835,322
0732286.jpg,304,243,538,477,835,323
0732287.jpg,305,243,539,477,836,328
0732288.jpg,308,245,538,475,835,331
0732289.jpg,311,245,541,475,836,335
0732290.jpg,311,245,541,475,835,336
0732291.jpg,312,245,542,475,836,335
0732292.jpg,312,246,542,476,836,336
0732293.jpg,312,245,542,475,836,335
0732294.jpg,314,245,544,475,834,335
0732295.jpg,307,247,547,487,834,334
0732296.jpg,307,247,547,487,834,333
0732297.jpg,307,247,547,487,835,333
0732298.jpg,307,247,547,487,833,332
0732299.jpg,307,242,547,482,834,333
0732300.jpg,318,255,544,481,834,335
0732301.jpg,318,255,544,481,833,335
0732302.jpg,318,255,544,481,833,335
0732303.jpg,307,248,547,488,831,334
0732304.jpg,307,248,547,488,831,333
0732305.jpg,307,249,547,489,831,331
0732306.jpg,308,249,548,489,830,332
0732307.jpg,308,249,548,489,830,331
0732308.jpg,308,249,548,489,830,331
0732309.jpg,308,249,548,489,831,334
0732310.jpg,308,249,548,489,832,334
0732311.jpg,308,249,548,489,830,332
0732312.jpg,308,249,548,489,830,331
0732313.jpg,306,247,550,491,830,332
0732314.jpg,306,247,550,491,830,329
0732315.jpg,306,246,550,490,832,327
0732316.jpg,306,246,550,490,831,330
0732317.jpg,306,240,550,484,832,332
0732318.jpg,316,249,542,475,834,333
0732319.jpg,316,249,542,475,834,334
0732320.jpg,316,249,542,475,834,335
0732321.jpg,316,249,542,475,835,337
0732322.jpg,313,247,543,477,837,339
0732323.jpg,313,247,543,477,838,338
0732324.jpg,312,246,542,476,839,337
0732325.jpg,312,246,542,476,840,338
0732326.jpg,312,246,542,476,841,335
0732327.jpg,311,246,541,476,841,333
0732328.jpg,311,246,541,476,841,332
0732329.jpg,311,246,541,476,831,336
0732330.jpg,310,246,540,476,461,685
0732331.jpg,310,246,540,476,320,470
0732332.jpg,310,246,540,476,44,408
0732333.jpg,310,246,540,476,12,308
0732334.jpg,310,246,540,476,13,280
0732335.jpg,311,246,541,476,26,300
0732336.jpg,311,246,541,476,20,293
0732337.jpg,311,246,541,476,217,336
0732338.jpg,311,246,541,476,425,353
0732339.jpg,312,246,542,476,420,354
0732340.jpg,313,246,543,476,420,356
0732341.jpg,315,246,545,476,420,357
0732342.jpg,316,246,546,476,420,355
0732343.jpg,317,246,547,476,419,356
0732344.jpg,319,246,549,476,418,357
0732345.jpg,322,248,548,474,418,356
0732346.jpg,322,248,548,474,417,355
0732347.jpg,321,245,551,475,418,356
0732348.jpg,322,245,552,475,419,357
0732349.jpg,323,244,553,474,418,354
0732350.jpg,323,244,553,474,418,354
0732351.jpg,325,246,551,472,418,353
0732352.jpg,325,246,551,472,418,354
0732353.jpg,325,246,551,472,420,352
0732354.jpg,325,246,551,472,419,353
0732355.jpg,325,246,551,472,420,352
0732356.jpg,324,247,550,473,420,351
0732357.jpg,324,247,550,473,421,352
0732358.jpg,323,247,549,473,420,351
0732359.jpg,323,247,549,473,440,369
0732360.jpg,323,247,549,473,368,447
0732361.jpg,323,248,549,474,737,332
0732362.jpg,323,250,549,476,774,291
0732363.jpg,323,250,549,476,816,321
0732364.jpg,322,249,552,479,829,325
0732365.jpg,323,250,553,480,833,317
0732366.jpg,324,252,554,482,834,318
0732367.jpg,324,253,554,483,835,317
0732368.jpg,325,253,555,483,834,317
0732369.jpg,325,254,555,484,833,318
0732370.jpg,325,254,555,484,831,318
0732371.jpg,325,254,555,484,831,317
0732372.jpg,325,254,555,484,830,317
0732373.jpg,325,254,555,484,830,318
0732374.jpg,325,254,555,484,829,316
0732375.jpg,325,254,555,484,829,317
0732376.jpg,327,255,553,481,829,313
0732377.jpg,327,255,553,481,826,310
0732378.jpg,327,253,553,479,827,307
0732379.jpg,327,249,553,475,826,305
0732380.jpg,327,242,553,468,826,302
0732381.jpg,327,238,553,464,826,300
0732382.jpg,325,236,551,462,825,298
0732383.jpg,325,234,551,460,828,297
0732384.jpg,324,232,550,458,827,295
0732385.jpg,324,232,550,458,828,296
0732386.jpg,324,232,550,458,829,296
0732387.jpg,323,231,549,457,831,297
0732388.jpg,323,231,549,457,831,298
0732389.jpg,323,231,549,457,833,298
0732390.jpg,325,233,547,455,832,299
0732391.jpg,325,233,547,455,831,297
0732392.jpg,325,233,547,455,830,297
0732393.jpg,325,234,547,456,830,296
0732394.jpg,325,234,547,456,829,297
0732395.jpg,326,234,548,456,827,299
0732396.jpg,325,232,551,458,826,301
0732397.jpg,325,233,551,459,823,303
0732398.jpg,323,231,553,461,824,304
0732399.jpg,323,231,553,461,825,307
0732400.jpg,323,231,553,461,826,308
0732401.jpg,323,231,553,461,826,309
0732402.jpg,323,232,553,462,827,310
0732403.jpg,323,232,553,462,826,311
0732404.jpg,323,232,553,462,828,312
0732405.jpg,325,234,551,460,827,313
0732406.jpg,325,234,551,460,828,315
0732407.jpg,324,234,550,460,829,317
0732408.jpg,324,234,550,460,830,315
0732409.jpg,323,234,549,460,829,314
0732410.jpg,322,234,548,460,831,314
0732411.jpg,320,234,546,460,831,314
0732412.jpg,318,234,544,460,832,315
0732413.jpg,314,232,544,462,831,317
0732414.jpg,312,230,546,464,834,321
0732415.jpg,311,230,545,464,834,327
0732416.jpg,310,230,544,464,833,329
0732417.jpg,309,230,543,464,835,330
0732418.jpg,309,230,543,464,836,327
0732419.jpg,308,230,542,464,837,323
0732420.jpg,308,230,542,464,837,321
0732421.jpg,307,229,543,465,838,320
0732422.jpg,303,229,543,469,838,320
0732423.jpg,303,229,543,469,838,319
0732424.jpg,302,229,542,469,838,322
0732425.jpg,304,231,540,467,839,321
0732426.jpg,302,231,538,467,838,322
0732427.jpg,302,231,538,467,839,321
0732428.jpg,302,231,538,467,838,321
0732429.jpg,301,231,537,467,838,320
0732430.jpg,301,231,537,467,839,321
0732431.jpg,301,234,535,468,838,321
0732432.jpg,299,234,533,468,838,320
0732433.jpg,299,235,533,469,839,322
0732434.jpg,299,236,533,470,838,322
0732435.jpg,299,236,533,470,839,323
0732436.jpg,299,236,533,470,839,323
0732437.jpg,300,236,534,470,838,324
0732438.jpg,301,235,535,469,837,324
0732439.jpg,301,234,535,468,837,325
0732440.jpg,301,233,537,469,836,323
0732441.jpg,302,232,538,468,836,325
0732442.jpg,303,232,539,468,837,324
0732443.jpg,304,232,540,468,837,323
0732444.jpg,304,232,540,468,837,324
0732445.jpg,304,232,540,468,837,323
0732446.jpg,304,232,540,468,837,324
0732447.jpg,304,231,540,467,837,323
0732448.jpg,304,231,540,467,837,323
0732449.jpg,306,231,542,467,836,322
0732450.jpg,307,232,541,466,836,323
0732451.jpg,307,232,541,466,838,322
0732452.jpg,307,232,541,466,836,323
0732453.jpg,308,233,542,467,836,322
0732454.jpg,309,233,543,467,837,323
0732455.jpg,311,235,541,465,837,323
0732456.jpg,312,235,542,465,837,324
0732457.jpg,313,235,543,465,837,323
0732458.jpg,314,234,544,464,836,323
0732459.jpg,315,234,545,464,837,324
0732460.jpg,315,234,545,464,836,324
0732461.jpg,316,234,546,464,836,324
0732462.jpg,316,233,546,463,836,324
0732463.jpg,316,233,546,463,835,324
0732464.jpg,317,233,547,463,836,326
0732465.jpg,317,233,547,463,836,329
0732466.jpg,318,233,548,463,833,331
0732467.jpg,320,234,546,460,833,335
0732468.jpg,320,234,546,460,839,345
0732469.jpg,320,234,546,460,825,367
0732470.jpg,321,234,547,460,698,702
0732471.jpg,322,235,548,461,687,706
0732472.jpg,321,233,551,463,686,707
0732473.jpg,321,233,551,463,687,706
0732474.jpg,322,233,552,463,687,707
0732475.jpg,322,233,552,463,689,705
0732476.jpg,323,233,553,463,687,704
0732477.jpg,324,234,554,464,689,701
0732478.jpg,324,235,554,465,837,705
0732479.jpg,325,235,555,465,840,704
0732480.jpg,325,235,555,465,840,704
0732481.jpg,326,235,556,465,840,704
0732482.jpg,326,235,556,465,840,704
0732483.jpg,326,235,556,465,842,331
0732484.jpg,325,233,559,467,838,333
0732485.jpg,325,233,559,467,838,334
0732486.jpg,325,233,559,467,839,335
