0741000.jpg,249,94,493,338,901,559
0741001.jpg,249,95,493,339,901,558
0741002.jpg,250,95,494,339,901,558
0741003.jpg,249,95,493,339,901,559
0741004.jpg,249,95,493,339,904,554
0741005.jpg,251,98,491,338,903,543
0741006.jpg,250,98,490,338,899,537
0741007.jpg,250,98,490,338,891,528
0741008.jpg,249,98,489,338,886,530
0741009.jpg,249,98,489,338,881,528
0741010.jpg,247,94,491,338,882,525
0741011.jpg,247,93,491,337,888,518
0741012.jpg,247,93,491,337,892,490
0741013.jpg,247,93,491,337,894,483
0741014.jpg,248,93,492,337,891,483
0741015.jpg,248,93,492,337,891,481
0741016.jpg,248,92,492,336,891,478
0741017.jpg,248,92,492,336,891,474
0741018.jpg,247,92,491,336,887,472
0741019.jpg,247,92,491,336,886,473
0741020.jpg,247,92,491,336,887,468
0741021.jpg,247,92,491,336,891,448
0741022.jpg,242,85,494,337,891,447
0741023.jpg,242,85,494,337,892,446
0741024.jpg,242,85,494,337,891,446
0741025.jpg,240,85,492,337,892,447
0741026.jpg,238,87,490,339,898,457
0741027.jpg,237,87,489,339,897,457
0741028.jpg,237,87,489,339,897,456
0741029.jpg,238,89,486,337,897,456
0741030.jpg,238,90,482,334,903,514
0741031.jpg,240,90,480,330,888,574
0741032.jpg,242,90,478,326,862,574
0741033.jpg,242,90,478,326,855,575
0741034.jpg,241,90,477,326,856,576
0741035.jpg,240,89,476,325,856,576
0741036.jpg,240,88,476,324,855,577
0741037.jpg,239,88,475,324,856,575
0741038.jpg,239,88,475,324,855,577
0741039.jpg,238,88,474,324,854,576
0741040.jpg,235,88,475,328,853,577
0741041.jpg,234,88,474,328,788,581
0741042.jpg,233,88,473,328,756,581
0741043.jpg,233,89,473,329,715,584
0741044.jpg,233,89,473,329,773,564
0741045.jpg,231,87,475,331,782,568
0741046.jpg,231,88,475,332,783,568
0741047.jpg,230,88,474,332,784,568
0741048.jpg,230,89,474,333,785,568
0741049.jpg,230,89,474,333,786,568
0741050.jpg,230,89,474,333,787,565
0741051.jpg,230,89,474,333,787,564
0741052.jpg,232,91,472,331,789,564
0741053.jpg,232,90,472,330,789,565
0741054.jpg,232,90,472,330,789,565
0741055.jpg,232,90,472,330,791,567
0741056.jpg,232,90,472,330,792,567
0741057.jpg,232,90,472,330,791,566
0741058.jpg,232,91,472,331,790,564
0741059.jpg,230,90,474,334,792,565
0741060.jpg,232,92,472,332,793,566
0741061.jpg,230,90,474,334,792,567
0741062.jpg,230,90,474,334,792,567
0741063.jpg,230,91,474,335,792,567
0741064.jpg,230,91,474,335,793,566
0741065.jpg,230,91,474,335,792,566
0741066.jpg,228,89,476,337,792,566
0741067.jpg,228,89,476,337,792,567
0741068.jpg,228,90,476,338,791,567
0741069.jpg,229,90,477,338,791,568
0741070.jpg,229,90,477,338,792,567
0741071.jpg,229,89,477,337,791,568
0741072.jpg,229,89,477,337,791,568
0741073.jpg,228,89,476,337,792,569
0741074.jpg,228,89,476,337,791,569
0741075.jpg,227,89,475,337,791,568
0741076.jpg,227,90,475,338,790,568
0741077.jpg,227,90,475,338,791,567
0741078.jpg,226,90,474,338,790,567
0741079.jpg,226,90,474,338,789,567
0741080.jpg,227,92,471,336,789,567
0741081.jpg,226,94,470,338,789,566
0741082.jpg,225,94,469,338,789,566
0741083.jpg,225,94,469,338,788,566
0741084.jpg,225,94,469,338,789,567
0741085.jpg,224,94,468,338,788,566
0741086.jpg,224,94,468,338,788,566
0741087.jpg,224,94,468,338,788,567
0741088.jpg,224,94,468,338,790,568
0741089.jpg,225,94,469,338,790,568
0741090.jpg,226,94,470,338,789,568
0741091.jpg,226,94,470,338,791,568
0741092.jpg,226,94,470,338,791,568
0741093.jpg,226,93,470,337,791,568
0741094.jpg,227,92,471,336,791,569
0741095.jpg,227,92,471,336,791,569
0741096.jpg,224,88,476,340,791,568
0741097.jpg,224,88,476,340,791,568
0741098.jpg,224,88,476,340,791,569
0741099.jpg,224,88,476,340,789,569
0741100.jpg,224,90,472,338,788,567
0741101.jpg,224,91,472,339,788,567
0741102.jpg,225,94,469,338,786,568
0741103.jpg,225,94,469,338,784,569
0741104.jpg,224,94,468,338,784,569
0741105.jpg,224,94,468,338,782,569
0741106.jpg,224,94,468,338,781,570
0741107.jpg,224,94,468,338,781,571
0741108.jpg,224,94,468,338,782,572
0741109.jpg,224,94,468,338,781,571
0741110.jpg,226,96,466,336,778,570
0741111.jpg,226,96,466,336,777,570
0741112.jpg,226,95,466,335,777,571
0741113.jpg,226,95,466,335,775,572
0741114.jpg,226,95,466,335,775,573
0741115.jpg,226,95,466,335,774,572
0741116.jpg,226,95,466,335,773,572
0741117.jpg,226,95,466,335,774,572
0741118.jpg,226,95,466,335,775,571
0741119.jpg,227,93,467,333,768,573
0741120.jpg,227,93,467,333,769,574
0741121.jpg,228,93,468,333,774,574
0741122.jpg,231,95,467,331,774,574
0741123.jpg,231,95,467,331,774,574
0741124.jpg,232,95,468,331,775,573
0741125.jpg,235,95,471,331,775,573
0741126.jpg,238,95,474,331,894,566
0741127.jpg,237,92,477,332,897,565
0741128.jpg,239,90,479,330,897,566
0741129.jpg,240,83,488,331,898,566
0741130.jpg,242,80,490,328,896,567
0741131.jpg,242,79,490,327,898,567
0741132.jpg,245,81,489,325,898,567
0741133.jpg,247,82,487,322,900,570
0741134.jpg,249,82,489,322,897,568
0741135.jpg,249,82,489,322,896,567
0741136.jpg,253,84,489,320,897,567
0741137.jpg,253,85,489,321,899,569
0741138.jpg,259,95,489,325,899,568
0741139.jpg,261,97,487,323,899,568
0741140.jpg,261,99,487,325,899,568
0741141.jpg,263,101,485,323,953,559
0741142.jpg,263,99,485,321,991,559
0741143.jpg,252,80,492,320,1039,559
0741146.jpg,250,77,494,321,1136,547
0741147.jpg,249,75,497,323,939,373
0741148.jpg,249,75,497,323,946,354
0741149.jpg,249,75,497,323,956,329
0741150.jpg,249,75,497,323,946,307
0741151.jpg,252,77,496,321,946,294
0741152.jpg,252,77,496,321,935,191
0741153.jpg,254,81,494,321,946,193
0741154.jpg,252,79,496,323,947,193
0741155.jpg,254,81,494,321,948,191
0741156.jpg,258,83,494,319,949,191
0741157.jpg,260,83,496,319,950,191
0741158.jpg,261,83,497,319,957,192
0741159.jpg,261,83,497,319,953,193
0741160.jpg,261,83,497,319,953,192
0741161.jpg,260,83,496,319,954,191
0741162.jpg,260,83,496,319,953,192
0741163.jpg,260,83,496,319,955,192
0741164.jpg,260,83,496,319,954,192
0741165.jpg,260,84,496,320,956,190
0741166.jpg,258,82,498,322,955,192
0741167.jpg,258,82,498,322,957,189
0741168.jpg,258,82,498,322,958,191
0741169.jpg,258,82,498,322,959,192
0741170.jpg,258,82,498,322,957,189
0741171.jpg,258,82,498,322,960,190
0741172.jpg,259,82,499,322,960,191
0741173.jpg,257,80,501,324,960,190
0741174.jpg,257,80,501,324,960,190
0741175.jpg,257,80,501,324,961,189
0741176.jpg,257,80,501,324,961,189
0741177.jpg,257,81,501,325,962,189
0741178.jpg,257,81,501,325,961,189
0741179.jpg,257,82,501,326,962,188
0741180.jpg,260,84,500,324,963,190
0741181.jpg,261,84,501,324,962,190
0741182.jpg,263,87,499,323,962,189
0741183.jpg,263,87,499,323,964,188
0741184.jpg,264,88,498,322,962,190
0741185.jpg,265,88,499,322,962,189
0741186.jpg,265,89,499,323,959,188
0741187.jpg,265,89,499,323,963,191
0741188.jpg,265,89,499,323,963,191
0741189.jpg,264,88,500,324,962,191
0741190.jpg,263,88,499,324,963,192
0741191.jpg,263,88,499,324,963,191
0741192.jpg,262,90,498,326,963,191
0741193.jpg,262,90,498,326,962,190
0741194.jpg,262,90,498,326,962,189
0741195.jpg,262,90,498,326,963,189
0741196.jpg,262,89,498,325,963,190
0741197.jpg,260,87,500,327,963,189
0741198.jpg,259,87,499,327,963,189
0741199.jpg,259,87,499,327,963,191
0741200.jpg,260,87,500,327,963,191
0741201.jpg,260,87,500,327,964,191
0741202.jpg,260,87,500,327,964,191
0741203.jpg,262,89,498,325,964,191
0741204.jpg,262,90,498,326,963,191
0741205.jpg,262,90,498,326,964,190
0741206.jpg,263,90,499,326,965,191
0741207.jpg,263,91,499,327,966,191
0741208.jpg,274,100,492,318,966,188
0741209.jpg,274,112,492,330,968,191
0741210.jpg,274,112,492,330,970,190
0741211.jpg,274,112,492,330,969,191
0741212.jpg,274,112,492,330,970,190
0741213.jpg,274,112,492,330,971,190
0741214.jpg,274,112,492,330,971,190
0741215.jpg,274,112,492,330,971,190
0741216.jpg,272,111,494,333,972,190
0741217.jpg,272,111,494,333,972,189
0741218.jpg,272,111,494,333,972,189
0741219.jpg,272,111,494,333,971,189
0741220.jpg,272,111,494,333,972,189
0741221.jpg,272,111,494,333,973,190
0741222.jpg,272,111,494,333,972,191
0741223.jpg,272,111,494,333,971,190
0741224.jpg,272,111,494,333,973,191
0741225.jpg,272,112,494,334,973,191
0741226.jpg,272,112,494,334,971,191
0741227.jpg,272,112,494,334,972,191
0741228.jpg,272,112,494,334,971,191
0741229.jpg,272,112,494,334,971,190
0741230.jpg,272,112,494,334,972,190
0741231.jpg,272,112,494,334,971,191
0741232.jpg,272,112,494,334,971,191
0741233.jpg,272,111,494,333,971,191
0741234.jpg,272,111,494,333,971,190
0741235.jpg,271,111,493,333,971,190
0741236.jpg,271,110,493,332,972,190
0741237.jpg,270,111,492,333,972,190
0741238.jpg,270,107,492,329,971,191
0741239.jpg,266,103,496,333,971,192
0741240.jpg,267,103,497,333,971,191
0741241.jpg,267,102,497,332,971,191
0741242.jpg,267,103,497,333,971,192
0741243.jpg,267,103,497,333,972,192
0741244.jpg,267,103,497,333,971,191
0741245.jpg,272,110,494,332,972,192
0741246.jpg,272,110,494,332,971,192
0741247.jpg,272,110,494,332,971,191
0741248.jpg,272,110,494,332,971,192
0741249.jpg,268,103,498,333,970,192
0741250.jpg,268,103,498,333,970,192
0741251.jpg,268,103,498,333,970,192
0741252.jpg,267,103,497,333,970,192
0741253.jpg,267,103,497,333,969,193
0741254.jpg,267,103,497,333,969,192
0741255.jpg,267,103,497,333,969,192
0741256.jpg,274,112,492,330,968,192
0741257.jpg,274,113,492,331,968,192
0741258.jpg,274,113,492,331,967,191
0741259.jpg,274,113,492,331,967,191
0741260.jpg,274,113,492,331,966,192
0741261.jpg,275,114,491,330,967,192
0741262.jpg,275,114,491,330,966,191
0741263.jpg,275,114,491,330,966,191
0741264.jpg,274,114,492,332,966,191
0741265.jpg,274,114,492,332,965,193
0741266.jpg,273,112,495,334,965,191
0741267.jpg,273,111,495,333,965,192
0741268.jpg,273,112,495,334,966,191
0741269.jpg,272,112,494,334,965,191
0741270.jpg,272,111,494,333,966,192
0741271.jpg,272,111,494,333,964,192
0741272.jpg,263,104,499,340,964,191
0741273.jpg,263,103,499,339,964,192
0741274.jpg,263,103,499,339,964,192
0741275.jpg,272,110,494,332,965,191
0741276.jpg,275,112,493,330,963,192
0741277.jpg,275,112,493,330,964,192
0741278.jpg,275,112,493,330,962,193
0741279.jpg,275,112,493,330,963,192
0741280.jpg,275,112,493,330,964,192
0741281.jpg,276,113,492,329,964,191
0741282.jpg,276,113,492,329,964,190
0741283.jpg,275,113,491,329,963,190
0741284.jpg,274,111,492,329,962,191
0741285.jpg,273,112,491,330,964,187
0741286.jpg,271,109,493,331,964,192
0741287.jpg,271,109,493,331,963,192
0741288.jpg,271,109,493,331,964,191
0741289.jpg,264,100,498,334,963,191
0741290.jpg,264,100,498,334,963,191
0741291.jpg,264,100,498,334,964,191
0741292.jpg,264,100,498,334,964,191
0741293.jpg,264,100,498,334,964,192
0741294.jpg,263,100,497,334,964,192
0741295.jpg,263,100,497,334,963,192
0741296.jpg,263,100,497,334,966,190
0741297.jpg,263,100,497,334,964,191
0741298.jpg,263,100,497,334,964,192
0741299.jpg,263,100,497,334,963,192
0741300.jpg,262,100,496,334,962,192
0741301.jpg,261,100,495,334,963,192
0741302.jpg,261,99,495,333,963,194
0741303.jpg,261,99,495,333,962,194
0741304.jpg,262,99,496,333,961,192
0741305.jpg,264,101,494,331,961,194
0741306.jpg,266,103,492,329,962,195
0741307.jpg,266,103,492,329,963,195
0741308.jpg,266,103,492,329,962,194
0741309.jpg,262,101,492,331,962,194
0741310.jpg,262,101,492,331,963,195
0741311.jpg,262,101,492,331,962,195
0741312.jpg,262,101,492,331,962,195
0741313.jpg,262,101,492,331,963,195
0741314.jpg,262,101,492,331,962,195
0741315.jpg,262,101,492,331,963,195
0741316.jpg,258,98,492,332,964,195
0741317.jpg,256,86,492,322,963,194
0741318.jpg,256,86,492,322,963,195
0741319.jpg,253,84,493,324,964,196
0741320.jpg,253,84,493,324,964,195
0741321.jpg,253,84,493,324,963,196
0741322.jpg,253,84,493,324,963,197
0741323.jpg,253,84,493,324,964,197
0741324.jpg,253,85,493,325,964,197
0741325.jpg,253,85,493,325,964,196
0741326.jpg,257,99,491,333,962,197
0741327.jpg,257,99,491,333,963,196
0741328.jpg,257,99,491,333,962,196
0741329.jpg,257,98,491,332,962,197
0741330.jpg,256,98,490,332,960,197
0741331.jpg,258,100,488,330,959,195
0741332.jpg,258,100,488,330,957,194
0741333.jpg,258,100,488,330,954,194
0741334.jpg,258,100,488,330,950,195
0741335.jpg,257,102,487,332,948,195
0741336.jpg,257,102,487,332,945,194
0741337.jpg,257,102,487,332,942,193
0741338.jpg,257,102,487,332,939,194
0741339.jpg,257,102,487,332,939,194
0741340.jpg,258,102,488,332,937,196
0741341.jpg,258,102,488,332,937,195
0741342.jpg,258,102,488,332,936,195
0741343.jpg,258,102,488,332,935,196
0741344.jpg,258,106,488,336,934,195
0741345.jpg,262,110,484,332,933,197
0741346.jpg,263,112,481,330,933,196
0741347.jpg,260,112,482,334,933,198
0741348.jpg,260,112,482,334,933,197
0741349.jpg,259,113,481,335,932,197
0741350.jpg,258,113,480,335,932,197
0741351.jpg,258,113,480,335,931,199
0741352.jpg,258,114,480,336,933,195
0741353.jpg,258,114,480,336,931,199
0741354.jpg,259,116,477,334,931,198
0741355.jpg,258,116,476,334,931,199
0741356.jpg,258,116,476,334,932,198
0741357.jpg,258,116,476,334,933,199
0741358.jpg,258,116,476,334,932,199
0741359.jpg,257,115,475,333,933,196
0741360.jpg,247,96,483,332,930,199
0741361.jpg,239,94,479,334,930,200
0741362.jpg,239,94,479,334,929,198
0741363.jpg,239,94,479,334,931,200
0741364.jpg,239,94,479,334,930,200
0741365.jpg,236,94,476,334,929,198
0741366.jpg,236,95,476,335,929,199
0741367.jpg,236,96,476,336,929,199
0741368.jpg,236,96,476,336,929,200
0741369.jpg,237,98,477,338,928,190
0741370.jpg,239,102,475,338,928,201
0741371.jpg,239,102,475,338,928,201
0741372.jpg,240,103,474,337,930,199
0741373.jpg,240,103,474,337,930,200
0741374.jpg,239,103,473,337,930,201
0741375.jpg,239,103,473,337,919,262
0741376.jpg,239,103,473,337,926,265
0741377.jpg,239,103,473,337,926,264
0741378.jpg,239,103,473,337,929,264
0741379.jpg,237,103,473,339,932,266
0741380.jpg,237,104,473,340,937,268
0741381.jpg,238,105,472,339,942,269
0741382.jpg,237,105,471,339,946,270
0741383.jpg,237,105,471,339,949,270
0741384.jpg,236,106,470,340,951,269
0741385.jpg,236,106,470,340,954,268
0741386.jpg,236,106,470,340,955,268
0741387.jpg,235,106,469,340,957,267
0741388.jpg,235,106,469,340,960,267
0741389.jpg,235,106,469,340,960,266
0741390.jpg,235,106,469,340,962,267
0741391.jpg,235,106,469,340,963,267
0741392.jpg,235,106,469,340,965,266
0741393.jpg,235,106,469,340,966,265
0741394.jpg,235,106,469,340,970,265
0741395.jpg,236,106,470,340,969,265
0741396.jpg,236,106,470,340,970,265
0741397.jpg,236,106,470,340,972,264
0741398.jpg,237,106,471,340,972,264
0741399.jpg,237,106,471,340,980,266
0741400.jpg,237,105,473,341,974,264
0741401.jpg,237,104,473,340,974,263
0741402.jpg,238,105,472,339,974,264
0741403.jpg,238,105,472,339,976,263
0741404.jpg,238,105,472,339,976,264
0741405.jpg,238,105,472,339,976,264
0741406.jpg,239,105,473,339,975,264
0741407.jpg,239,105,473,339,975,264
0741408.jpg,240,105,474,339,974,265
0741409.jpg,240,105,474,339,976,266
0741410.jpg,240,105,474,339,975,266
0741411.jpg,240,105,474,339,977,265
0741412.jpg,240,105,474,339,977,265
0741413.jpg,240,105,474,339,978,265
0741414.jpg,242,105,476,339,978,266
0741415.jpg,242,104,478,340,977,265
0741416.jpg,242,102,478,338,979,265
0741417.jpg,243,102,479,338,977,266
0741418.jpg,245,102,481,338,976,265
0741419.jpg,247,102,483,338,976,265
0741420.jpg,257,122,479,344,974,266
0741421.jpg,259,124,477,342,974,267
0741422.jpg,260,124,478,342,974,266
0741423.jpg,263,124,481,342,974,266
0741424.jpg,261,120,487,346,974,266
0741425.jpg,253,97,497,341,974,266
0741426.jpg,251,95,499,343,974,266
0741427.jpg,254,95,502,343,975,266
0741428.jpg,256,95,504,343,975,266
0741429.jpg,262,100,502,340,974,265
0741430.jpg,266,102,506,342,975,265
0741431.jpg,266,102,506,342,975,265
0741432.jpg,269,104,505,340,976,266
0741433.jpg,269,105,505,341,974,266
0741434.jpg,267,103,507,343,974,266
0741435.jpg,270,105,506,341,973,267
0741436.jpg,270,105,506,341,984,267
0741437.jpg,270,105,506,341,894,557
0741438.jpg,268,105,504,341,917,553
0741439.jpg,268,105,504,341,925,546
0741440.jpg,260,102,504,346,925,548
0741441.jpg,260,101,504,345,921,554
0741442.jpg,258,101,502,345,927,551
0741443.jpg,255,101,499,345,925,552
0741444.jpg,251,102,499,350,932,552
0741445.jpg,245,103,493,351,943,553
0741446.jpg,244,103,492,351,945,553
0741447.jpg,244,103,492,351,945,552
0741448.jpg,243,103,491,351,945,552
0741449.jpg,242,103,490,351,944,552
0741450.jpg,241,103,489,351,946,553
0741451.jpg,240,103,488,351,943,554
0741452.jpg,239,103,487,351,945,554
0741453.jpg,239,103,487,351,947,555
0741454.jpg,239,103,487,351,947,555
0741455.jpg,239,103,487,351,944,556
0741456.jpg,239,103,487,351,947,556
0741457.jpg,241,105,485,349,949,556
0741458.jpg,241,105,485,349,944,557
0741459.jpg,240,104,484,348,946,556
0741460.jpg,240,104,484,348,946,556
0741461.jpg,242,106,482,346,946,555
0741462.jpg,241,106,481,346,945,556
0741463.jpg,240,106,480,346,943,556
0741464.jpg,240,106,480,346,944,556
0741465.jpg,240,106,480,346,943,555
0741466.jpg,240,106,480,346,941,554
0741467.jpg,240,105,480,345,941,553
0741468.jpg,241,104,481,344,940,552
0741469.jpg,241,104,481,344,940,552
0741470.jpg,241,103,481,343,938,552
0741471.jpg,241,103,481,343,936,552
0741472.jpg,241,103,481,343,936,550
0741473.jpg,241,102,481,342,931,548
0741474.jpg,241,102,481,342,929,549
0741475.jpg,241,102,481,342,924,539
0741476.jpg,243,104,479,340,929,549
0741477.jpg,243,103,479,339,931,549
0741478.jpg,243,103,479,339,932,548
0741479.jpg,243,103,479,339,935,550
0741480.jpg,241,102,477,338,937,550
0741481.jpg,240,101,476,337,938,549
0741482.jpg,240,101,476,337,940,548
0741483.jpg,240,101,476,337,944,545
0741484.jpg,240,101,476,337,947,547
0741485.jpg,239,101,475,337,947,548
0741486.jpg,239,101,475,337,950,547
0741487.jpg,239,101,475,337,959,544
0741488.jpg,239,101,475,337,954,546
0741489.jpg,239,101,475,337,958,548
0741490.jpg,239,101,475,337,959,549
0741491.jpg,239,101,475,337,954,542
0741492.jpg,240,101,476,337,956,545
0741493.jpg,240,101,476,337,956,545
0742000.jpg,864,94,1090,320,1154,546
0742001.jpg,865,94,1091,320,1152,540
0742002.jpg,865,94,1091,320,1157,528
0742003.jpg,865,94,1091,320,1157,514
0742004.jpg,865,94,1091,320,1160,497
0742005.jpg,865,94,1091,320,1160,483
0742006.jpg,865,94,1091,320,1147,461
0742007.jpg,868,95,1090,317,1139,445
0742008.jpg,868,95,1090,317,1134,426
0742009.jpg,869,94,1091,316,1129,423
0742010.jpg,869,94,1091,316,1113,414
0742011.jpg,871,95,1089,313,1108,403
0742012.jpg,871,95,1089,313,1105,392
0742013.jpg,871,95,1089,313,1103,383
0742014.jpg,871,95,1089,313,1031,307
0742015.jpg,871,94,1089,312,1010,282
0742016.jpg,870,93,1088,311,1005,251
0742017.jpg,871,94,1087,310,1001,242
0742018.jpg,871,94,1087,310,1018,252
0742019.jpg,869,94,1085,310,1010,268
0742020.jpg,865,93,1083,311,993,214
0742021.jpg,865,92,1083,310,984,215
0742022.jpg,864,92,1082,310,982,215
0742023.jpg,863,92,1081,310,981,216
0742024.jpg,862,92,1080,310,981,214
0742025.jpg,862,92,1080,310,979,215
0742026.jpg,860,91,1078,309,980,215
0742027.jpg,859,91,1077,309,979,215
0742028.jpg,859,91,1077,309,979,216
0742029.jpg,859,91,1077,309,978,215
0742030.jpg,859,91,1077,309,979,215
0742031.jpg,859,91,1077,309,979,216
0742032.jpg,859,91,1077,309,979,216
0742033.jpg,860,91,1076,307,978,216
0742034.jpg,860,91,1076,307,977,216
0742035.jpg,860,91,1076,307,976,217
0742036.jpg,863,93,1071,301,978,218
0742037.jpg,863,93,1071,301,977,217
0742038.jpg,863,93,1071,301,976,218
0742039.jpg,862,93,1070,301,975,217
0742041.jpg,861,92,1069,300,1063,240
0742042.jpg,861,92,1069,300,1130,264
0742043.jpg,862,94,1066,298,1154,273
0742044.jpg,862,94,1066,298,1244,316
0742045.jpg,861,94,1065,298,1244,316
0742046.jpg,856,85,1068,297,1244,317
0742047.jpg,855,84,1067,296,1243,318
0742048.jpg,855,84,1067,296,1243,318
0742049.jpg,855,83,1067,295,1244,317
0742050.jpg,855,83,1067,295,1244,323
0742051.jpg,855,83,1067,295,1243,322
0742052.jpg,855,83,1067,295,1244,322
0742053.jpg,855,83,1067,295,1243,316
0742054.jpg,855,83,1067,295,1244,317
0742055.jpg,855,83,1067,295,1245,322
0742056.jpg,856,83,1068,295,1243,316
0742057.jpg,856,83,1068,295,1243,317
0742058.jpg,861,93,1065,297,1244,317
0742059.jpg,861,93,1065,297,1244,318
0742060.jpg,862,93,1066,297,1245,318
0742061.jpg,863,93,1067,297,1244,318
0742062.jpg,863,87,1071,295,1244,317
0742063.jpg,864,87,1072,295,1242,334
0742064.jpg,864,87,1072,295,1244,331
0742065.jpg,864,86,1072,294,1243,333
0742066.jpg,864,86,1072,294,1243,323
0742067.jpg,864,86,1072,294,1244,323
0742068.jpg,864,86,1072,294,1244,333
0742069.jpg,864,86,1072,294,1244,331
0742070.jpg,865,86,1073,294,1243,321
0742071.jpg,863,84,1075,296,1245,319
0742072.jpg,863,84,1075,296,1244,322
0742073.jpg,863,84,1075,296,1243,319
0742074.jpg,863,84,1075,296,1244,321
0742075.jpg,862,84,1074,296,1244,320
0742076.jpg,861,84,1073,296,1244,320
0742077.jpg,861,84,1073,296,1243,319
0742078.jpg,858,82,1074,298,1244,319
0742079.jpg,858,83,1074,299,1243,316
0742080.jpg,857,83,1073,299,1244,316
0742081.jpg,856,83,1072,299,1244,317
0742082.jpg,856,83,1072,299,1244,317
0742083.jpg,858,85,1070,297,1245,317
0742084.jpg,862,89,1066,293,1244,317
0742085.jpg,854,90,1054,290,1245,318
0742086.jpg,853,91,1051,289,1245,318
0742087.jpg,853,91,1051,289,1244,317
0742088.jpg,852,91,1050,289,1245,317
0742089.jpg,851,90,1051,290,1245,317
0742090.jpg,851,91,1049,289,1245,317
0742091.jpg,850,90,1048,288,1244,318
0742092.jpg,849,90,1047,288,1244,317
0742093.jpg,848,90,1046,288,1244,319
0742094.jpg,848,91,1042,285,1244,318
0742095.jpg,843,91,1037,285,1244,319
0742096.jpg,845,95,1031,281,1244,318
0742097.jpg,845,95,1031,281,1040,269
0742098.jpg,847,98,1027,278,947,277
0742099.jpg,846,100,1026,280,915,234
0742100.jpg,846,100,1026,280,884,243
0742101.jpg,844,100,1024,280,896,247
0742102.jpg,843,100,1023,280,895,249
0742103.jpg,843,100,1023,280,894,247
0742104.jpg,841,99,1023,281,891,249
0742105.jpg,838,99,1020,281,888,249
0742106.jpg,836,98,1022,284,884,250
0742107.jpg,832,96,1022,286,533,344
0742108.jpg,832,96,1022,286,451,347
0742109.jpg,832,96,1022,286,402,283
0742110.jpg,834,98,1020,284,337,208
0742111.jpg,834,98,1020,284,342,211
0742112.jpg,835,99,1021,285,342,210
0742113.jpg,833,97,1023,287,343,212
0742114.jpg,831,95,1025,289,344,213
0742115.jpg,832,95,1026,289,344,213
0742116.jpg,835,95,1029,289,343,213
0742117.jpg,838,97,1028,287,343,214
0742118.jpg,839,97,1029,287,345,213
0742119.jpg,839,96,1029,286,352,204
0742120.jpg,845,96,1035,286,343,206
0742121.jpg,847,96,1037,286,343,214
0742122.jpg,847,94,1041,288,342,213
0742123.jpg,848,94,1042,288,365,176
0742124.jpg,848,95,1042,289,343,213
0742125.jpg,847,93,1045,291,342,215
0742126.jpg,848,93,1046,291,356,176
0742127.jpg,851,94,1045,288,341,213
0742128.jpg,849,92,1047,290,340,214
0742129.jpg,851,92,1049,290,340,214
0742130.jpg,850,90,1050,290,341,215
0742131.jpg,850,90,1050,290,341,215
0742132.jpg,851,90,1051,290,342,214
0742133.jpg,851,90,1051,290,348,207
0742134.jpg,851,90,1051,290,342,215
0742135.jpg,852,90,1052,290,343,214
0742136.jpg,853,90,1051,288,343,214
0742137.jpg,853,89,1053,289,343,214
0742138.jpg,853,89,1053,289,342,214
0742139.jpg,865,87,1063,285,343,214
0742140.jpg,865,87,1063,285,344,214
0742141.jpg,864,86,1064,286,343,213
0742142.jpg,864,86,1064,286,358,261
0742143.jpg,862,85,1066,289,481,340
0742144.jpg,860,83,1068,291,795,297
0742145.jpg,860,83,1068,291,838,284
0742146.jpg,859,83,1067,291,876,238
0742147.jpg,859,83,1067,291,889,240
0742148.jpg,859,83,1067,291,891,239
0742149.jpg,859,83,1067,291,891,240
0742150.jpg,859,83,1067,291,895,244
0742151.jpg,858,81,1070,293,898,243
0742152.jpg,858,81,1070,293,950,225
0742153.jpg,856,79,1072,295,975,241
0742154.jpg,858,81,1070,293,966,241
0742155.jpg,856,80,1072,296,967,240
0742156.jpg,856,80,1072,296,966,239
0742157.jpg,856,80,1072,296,1041,235
0742158.jpg,856,80,1072,296,1011,177
0742159.jpg,856,80,1072,296,1051,244
0742160.jpg,858,82,1070,294,1050,243
0742161.jpg,858,82,1070,294,1048,244
0742162.jpg,858,82,1070,294,1049,244
0742163.jpg,858,82,1070,294,1049,244
0742164.jpg,858,82,1070,294,1050,244
0742165.jpg,858,82,1070,294,1050,245
0742166.jpg,858,82,1070,294,1049,245
0742167.jpg,856,80,1072,296,1052,246
0742168.jpg,856,81,1072,297,1052,246
0742169.jpg,857,81,1073,297,1052,246
0742170.jpg,857,82,1073,298,1052,247
0742171.jpg,857,82,1073,298,1052,245
0742172.jpg,857,82,1073,298,1052,247
0742173.jpg,857,82,1073,298,1052,246
0742174.jpg,857,82,1073,298,1052,246
0742175.jpg,857,82,1073,298,1052,247
0742176.jpg,857,82,1073,298,1051,244
0742177.jpg,858,82,1074,298,1051,243
0742178.jpg,859,82,1075,298,1052,245
0742179.jpg,859,82,1075,298,1051,244
0742180.jpg,860,82,1076,298,1051,244
0742181.jpg,860,82,1076,298,1051,244
0742182.jpg,860,82,1076,298,1051,244
0742183.jpg,860,82,1076,298,1052,244
0742184.jpg,860,82,1076,298,1052,244
0742185.jpg,860,84,1076,300,1052,244
0742186.jpg,860,84,1076,300,1050,244
0742187.jpg,860,84,1076,300,1051,243
0742188.jpg,860,84,1076,300,1051,243
0742189.jpg,861,83,1077,299,1052,244
0742190.jpg,861,83,1077,299,1051,244
0742191.jpg,861,83,1077,299,1156,235
0742192.jpg,861,83,1077,299,1158,236
0742193.jpg,860,83,1076,299,1159,236
0742194.jpg,860,83,1076,299,1158,235
0742195.jpg,860,83,1076,299,1158,235
0742196.jpg,860,83,1076,299,1158,235
0742197.jpg,860,83,1076,299,1158,235
0742198.jpg,861,83,1077,299,1159,235
0742199.jpg,861,83,1077,299,1159,235
0742200.jpg,861,83,1077,299,1161,236
0742201.jpg,861,83,1077,299,1161,236
0742202.jpg,860,83,1076,299,1161,236
0742203.jpg,860,83,1076,299,1162,236
0742204.jpg,860,83,1076,299,1160,235
0742205.jpg,860,82,1076,298,1160,235
0742206.jpg,860,82,1076,298,1161,235
0742207.jpg,859,82,1075,298,1161,235
0742208.jpg,860,84,1072,296,1161,235
0742209.jpg,859,84,1071,296,1163,236
0742210.jpg,856,82,1072,298,1162,236
0742211.jpg,856,82,1072,298,1161,236
0742212.jpg,856,83,1072,299,1162,236
0742213.jpg,855,83,1071,299,1161,236
0742214.jpg,855,83,1071,299,1162,236
0742215.jpg,855,83,1071,299,1163,235
0742216.jpg,855,82,1071,298,1161,235
0742217.jpg,855,81,1071,297,1162,236
0742218.jpg,854,81,1070,297,1161,235
0742219.jpg,854,81,1070,297,1161,235
0742220.jpg,854,81,1070,297,1163,236
0742221.jpg,854,81,1070,297,1246,240
0742222.jpg,854,81,1070,297,1245,242
0742223.jpg,854,81,1070,297,1245,241
0742224.jpg,856,83,1068,295,1245,242
0742225.jpg,856,83,1068,295,1245,241
0742226.jpg,856,83,1068,295,1245,242
0742227.jpg,858,85,1066,293,1245,242
0742228.jpg,858,85,1066,293,1245,242
0742229.jpg,859,85,1067,293,1246,241
0742230.jpg,859,85,1067,293,1246,242
0742231.jpg,859,85,1067,293,1245,241
0742232.jpg,859,85,1067,293,1245,242
0742233.jpg,859,84,1067,292,1245,241
0742234.jpg,861,86,1065,290,1247,240
0742235.jpg,861,86,1065,290,1245,241
0742236.jpg,863,88,1063,288,1247,242
0742237.jpg,863,88,1063,288,1246,242
0742238.jpg,863,88,1063,288,1246,241
0742239.jpg,863,88,1063,288,1246,241
0742240.jpg,860,85,1068,293,1245,240
0742241.jpg,860,85,1068,293,1246,240
0742242.jpg,860,85,1068,293,1245,241
0742243.jpg,860,85,1068,293,1246,241
0742244.jpg,860,85,1068,293,1245,242
0742245.jpg,860,85,1068,293,1246,242
0742246.jpg,861,85,1069,293,1245,241
0742247.jpg,861,85,1069,293,1246,241
0742248.jpg,861,85,1069,293,1245,242
0742249.jpg,863,87,1067,291,1245,242
0742250.jpg,863,87,1067,291,1246,242
0742251.jpg,861,86,1069,294,1245,245
0742252.jpg,861,86,1069,294,1247,246
0742253.jpg,861,86,1069,294,1246,245
0742254.jpg,861,86,1069,294,1246,244
0742255.jpg,860,86,1068,294,1181,309
0742256.jpg,860,86,1068,294,1092,335
0742257.jpg,860,86,1068,294,1016,293
0742258.jpg,862,88,1066,292,1014,293
0742259.jpg,858,84,1070,296,1014,293
0742260.jpg,860,86,1068,294,1013,293
0742261.jpg,860,86,1068,294,1014,292
0742262.jpg,860,86,1068,294,1012,292
0742263.jpg,860,91,1068,299,1013,292
0742264.jpg,862,88,1066,292,1014,292
0742265.jpg,862,88,1066,292,994,222
0742266.jpg,861,88,1065,292,981,222
0742267.jpg,862,93,1066,297,981,222
0742268.jpg,861,93,1065,297,981,222
0742269.jpg,861,92,1065,296,982,222
0742270.jpg,863,94,1063,294,982,222
0742271.jpg,863,94,1063,294,981,222
0742272.jpg,863,94,1063,294,981,223
0742273.jpg,863,94,1063,294,981,221
0742274.jpg,863,94,1063,294,981,222
0742275.jpg,864,93,1064,293,981,222
0742276.jpg,864,89,1064,289,980,222
0742277.jpg,864,89,1064,289,980,222
0742278.jpg,853,90,1051,288,921,225
0742279.jpg,852,91,1050,289,900,233
0742280.jpg,855,95,1045,285,901,234
0742281.jpg,853,98,1039,284,902,234
0742282.jpg,854,100,1036,282,901,234
0742283.jpg,853,100,1035,282,902,234
0742284.jpg,850,98,1036,284,930,228
0742285.jpg,850,99,1036,285,923,246
0742286.jpg,848,99,1034,285,908,235
0742287.jpg,846,99,1032,285,910,235
0742288.jpg,844,99,1030,285,907,232
0742289.jpg,843,99,1029,285,909,233
0742290.jpg,843,99,1029,285,908,234
0742291.jpg,842,99,1028,285,907,234
0742292.jpg,842,100,1028,286,909,234
0742293.jpg,842,100,1028,286,909,234
0742294.jpg,841,100,1027,286,910,234
0742295.jpg,838,98,1028,288,912,233
0742296.jpg,838,98,1028,288,982,219
0742297.jpg,838,98,1028,288,971,219
0742298.jpg,838,98,1028,288,973,219
0742299.jpg,838,98,1028,288,971,220
0742300.jpg,838,98,1028,288,973,221
0742301.jpg,835,98,1025,288,972,220
0742302.jpg,835,98,1025,288,971,222
0742303.jpg,835,98,1025,288,970,221
0742304.jpg,835,98,1025,288,968,220
0742305.jpg,835,98,1025,288,971,220
0742306.jpg,835,98,1025,288,972,221
0742307.jpg,835,98,1025,288,972,222
0742308.jpg,834,97,1024,287,972,221
0742309.jpg,834,97,1024,287,971,222
0742310.jpg,835,97,1025,287,972,221
0742311.jpg,835,97,1025,287,970,220
0742312.jpg,836,96,1026,286,968,222
0742313.jpg,837,96,1027,286,969,222
0742314.jpg,839,95,1029,285,969,221
0742315.jpg,844,95,1034,285,969,221
0742316.jpg,840,90,1040,290,969,223
0742317.jpg,840,90,1040,290,968,222
0742318.jpg,839,88,1043,292,968,222
0742319.jpg,837,87,1045,295,969,222
0742320.jpg,836,85,1048,297,969,221
0742321.jpg,836,85,1048,297,971,221
0742322.jpg,836,85,1048,297,970,223
0742323.jpg,837,85,1049,297,918,232
0742324.jpg,845,93,1043,291,887,237
0742325.jpg,848,97,1042,291,913,233
0742326.jpg,848,98,1042,292,903,238
0742327.jpg,849,98,1043,292,866,227
0742328.jpg,849,98,1043,292,828,223
0742329.jpg,851,98,1045,292,788,247
0742330.jpg,852,97,1046,291,761,266
0742331.jpg,850,95,1048,293,689,243
0742332.jpg,853,94,1047,288,688,247
0742333.jpg,848,89,1052,293,688,247
0742334.jpg,848,88,1052,292,484,345
0742335.jpg,848,88,1052,292,382,230
0742336.jpg,849,88,1053,292,390,234
0742337.jpg,849,88,1053,292,377,252
0742338.jpg,849,88,1053,292,388,242
0742339.jpg,850,88,1054,292,389,240
0742340.jpg,850,88,1054,292,389,240
0742341.jpg,848,86,1056,294,389,239
0742342.jpg,848,86,1056,294,389,240
0742343.jpg,848,86,1056,294,388,240
0742344.jpg,847,86,1055,294,390,239
0742345.jpg,848,88,1052,292,389,240
0742346.jpg,848,88,1052,292,389,240
0742347.jpg,848,88,1052,292,390,239
0742348.jpg,847,88,1051,292,389,240
0742349.jpg,849,90,1049,290,389,239
0742350.jpg,849,90,1049,290,389,240
0742351.jpg,849,90,1049,290,388,239
0742352.jpg,846,88,1050,292,392,235
0742353.jpg,846,89,1050,293,389,240
0742354.jpg,846,89,1050,293,388,239
0742355.jpg,842,87,1050,295,389,240
0742356.jpg,842,88,1050,296,388,240
0742357.jpg,842,88,1050,296,379,244
0742358.jpg,842,88,1050,296,387,239
0742359.jpg,842,87,1050,295,389,235
0742360.jpg,841,87,1049,295,388,239
0742361.jpg,841,87,1049,295,388,240
0742362.jpg,841,87,1049,295,388,239
0742363.jpg,841,87,1049,295,378,242
0742364.jpg,841,87,1049,295,388,239
0742365.jpg,843,89,1047,293,388,238
0742366.jpg,843,89,1047,293,388,238
0742367.jpg,844,89,1048,293,388,238
0742368.jpg,844,89,1048,293,388,238
0742369.jpg,842,86,1050,294,379,257
0742370.jpg,842,86,1050,294,385,238
0742371.jpg,842,86,1050,294,386,239
0742372.jpg,845,88,1049,292,386,238
0742373.jpg,845,88,1049,292,386,238
0742374.jpg,845,88,1049,292,389,225
0742375.jpg,845,88,1049,292,486,337
0742376.jpg,845,88,1049,292,579,350
0742377.jpg,845,88,1049,292,782,309
0742378.jpg,845,88,1049,292,888,278
0742379.jpg,844,88,1048,292,953,260
0742380.jpg,844,89,1048,293,1072,267
0742381.jpg,843,89,1047,293,1083,279
0742382.jpg,845,91,1045,291,1087,279
0742383.jpg,845,91,1045,291,1089,279
0742384.jpg,845,93,1043,291,1089,280
0742385.jpg,845,93,1043,291,1099,287
0742386.jpg,845,94,1043,292,1099,290
0742387.jpg,844,93,1044,293,1100,292
0742388.jpg,842,91,1046,295,1101,294
0742389.jpg,842,90,1046,294,1102,295
0742390.jpg,840,88,1048,296,1107,296
0742391.jpg,840,88,1048,296,1107,297
0742392.jpg,841,88,1049,296,1108,296
0742393.jpg,841,88,1049,296,1052,252
0742394.jpg,841,88,1049,296,1044,254
0742395.jpg,841,88,1049,296,1045,254
0742396.jpg,841,88,1049,296,1046,255
0742397.jpg,841,88,1049,296,1044,253
0742398.jpg,841,88,1049,296,1045,253
0742399.jpg,841,88,1049,296,1046,254
0742400.jpg,843,90,1047,294,1047,252
0742401.jpg,841,90,1045,294,1048,251
0742402.jpg,840,92,1044,296,1046,249
0742403.jpg,839,93,1043,297,1047,251
0742404.jpg,839,93,1043,297,1046,252
0742405.jpg,835,91,1043,299,1047,252
0742406.jpg,834,91,1042,299,1045,251
0742407.jpg,832,92,1040,300,1046,251
0742408.jpg,827,90,1039,302,1046,250
0742409.jpg,827,89,1039,301,1047,250
0742410.jpg,827,89,1039,301,1047,250
0742411.jpg,828,89,1040,301,1047,249
0742412.jpg,831,91,1039,299,1047,249
0742413.jpg,831,91,1039,299,1047,250
0742414.jpg,832,91,1040,299,1046,251
0742415.jpg,834,91,1042,299,1044,251
0742416.jpg,836,91,1044,299,1046,251
0742417.jpg,839,93,1043,297,1045,251
0742418.jpg,841,92,1045,296,1045,254
0742419.jpg,843,94,1043,294,1044,254
0742420.jpg,843,94,1043,294,1043,254
0742421.jpg,844,94,1044,294,1043,255
0742422.jpg,845,95,1043,293,1042,254
0742423.jpg,846,95,1044,293,1041,254
0742424.jpg,846,95,1044,293,1042,255
0742425.jpg,846,95,1044,293,1041,255
0742426.jpg,846,95,1044,293,1041,255
0742427.jpg,846,95,1044,293,1041,256
0742428.jpg,846,95,1044,293,1040,254
0742429.jpg,846,94,1044,292,1041,254
0742430.jpg,846,94,1044,292,1041,254
0742431.jpg,846,94,1044,292,1041,255
0742432.jpg,844,94,1042,292,1041,256
0742433.jpg,844,94,1042,292,1042,256
0742434.jpg,844,93,1042,291,1040,255
0742435.jpg,840,88,1048,296,1040,257
0742436.jpg,840,88,1048,296,1038,255
0742437.jpg,840,88,1048,296,1039,259
0742438.jpg,844,93,1042,291,1040,258
0742439.jpg,844,93,1042,291,1039,256
0742440.jpg,844,93,1042,291,1041,255
0742441.jpg,844,94,1042,292,1042,257
0742442.jpg,844,94,1042,292,1042,256
0742443.jpg,844,94,1042,292,1042,257
0742444.jpg,846,96,1040,290,1042,256
0742445.jpg,845,97,1039,291,1041,257
0742446.jpg,845,97,1039,291,1039,259
0742447.jpg,845,97,1039,291,1039,258
0742448.jpg,845,97,1039,291,1040,258
0742449.jpg,845,98,1039,292,1040,259
0742450.jpg,843,96,1041,294,1040,260
0742451.jpg,843,96,1041,294,1040,259
0742452.jpg,843,96,1041,294,1040,258
0742453.jpg,845,98,1039,292,1039,257
0742454.jpg,845,97,1039,291,1039,259
0742455.jpg,843,96,1037,290,1037,259
0742456.jpg,841,96,1035,290,1037,258
0742457.jpg,838,96,1032,290,1037,259
0742458.jpg,837,96,1031,290,1037,258
0742459.jpg,839,97,1029,287,1036,258
0742460.jpg,837,97,1027,287,1036,259
0742461.jpg,837,97,1027,287,1037,258
0742462.jpg,837,97,1027,287,1037,258
0742463.jpg,838,99,1024,285,1037,259
0742464.jpg,839,98,1025,284,1037,259
0742465.jpg,838,98,1024,284,1038,261
0742466.jpg,838,98,1024,284,1038,262
0742467.jpg,838,98,1024,284,1039,262
0742468.jpg,836,96,1026,286,1038,262
0742469.jpg,834,96,1024,286,1040,262
0742470.jpg,833,96,1023,286,1041,260
0742471.jpg,833,96,1023,286,1039,259
0742472.jpg,833,97,1023,287,1040,260
0742473.jpg,832,98,1022,288,1041,260
0742474.jpg,832,98,1022,288,1041,260
0742475.jpg,832,98,1022,288,1040,261
0742476.jpg,830,97,1024,291,1037,262
0742477.jpg,830,97,1024,291,1036,262
0742478.jpg,830,97,1024,291,1037,262
0742479.jpg,831,99,1021,289,1036,261
0742480.jpg,831,98,1021,288,1034,261
0742481.jpg,831,98,1021,288,1035,263
0742482.jpg,833,100,1019,286,1035,262
0742483.jpg,834,100,1020,286,1036,260
0742484.jpg,834,100,1020,286,1036,262
0742485.jpg,833,98,1023,288,1035,263
0742486.jpg,832,96,1026,290,1034,262
0742487.jpg,833,96,1027,290,1032,261
0742488.jpg,834,97,1028,291,1033,261
0742489.jpg,834,97,1028,291,1033,259
0742490.jpg,835,97,1029,291,1033,261
0742491.jpg,835,97,1029,291,1033,263
0742492.jpg,836,97,1030,291,1035,261
0742493.jpg,836,97,1030,291,1035,262
